#Position (bp)	Coverage	Std
210.0	0.0	0.0
629.0	0.0	0.0
1048.0	52.59427207637231	95.06587340573999
1467.0	2.4534606205250595	7.451994335102901
1886.0	15.840095465393794	36.01829288617615
2305.0	0.6897374701670644	1.1632806871261006
2724.0	0.0	0.0
3143.0	0.0	0.0
3562.0	0.0	0.0
3981.0	193.4821002386635	330.3375470455438
4400.0	424.33890214797134	212.0824917185671
4819.0	483.6515513126492	393.03239131212206
5238.0	837.8973747016706	299.87445264782946
5657.0	642.727923627685	348.16490962752516
6076.0	881.508353221957	557.9695439118287
6495.0	136.68257756563247	16.004474314725016
6914.0	120.42959427207637	13.065741609974395
7333.0	121.49403341288783	14.482150976197351
7752.0	471.5942720763723	311.5516866598872
8171.0	829.5560859188544	396.1557967195015
8590.0	84.1527446300716	44.66651824385508
9009.0	0.8902147971360382	1.612155496861904
9428.0	0.0	0.0
9847.0	0.0	0.0
10266.0	0.0	0.0
10685.0	0.0	0.0
11104.0	0.0	0.0
11523.0	0.0	0.0
11942.0	0.0	0.0
12361.0	0.0	0.0
12780.0	0.0	0.0
13199.0	0.0	0.0
13618.0	0.0	0.0
14037.0	0.0	0.0
14456.0	0.0	0.0
14875.0	0.0	0.0
15294.0	0.0	0.0
15713.0	0.0	0.0
16132.0	0.0	0.0
16551.0	0.0	0.0
16970.0	0.7589498806682577	3.6375133786629936
17389.0	0.12649164677804295	1.4954186202003787
17808.0	0.0	0.0
18227.0	0.0	0.0
18646.0	0.0	0.0
19065.0	0.0	0.0
19484.0	0.0	0.0
19903.0	0.36754176610978523	1.7063688085346196
20322.0	0.3627684964200477	1.7035691859623376
20741.0	0.0	0.0
21160.0	0.0	0.0
21579.0	0.0	0.0
21998.0	0.0	0.0
22417.0	0.0	0.0
22836.0	0.0	0.0
23255.0	0.0	0.0
23674.0	0.5441527446300716	2.5553537789435063
24093.0	0.0	0.0
24512.0	0.3627684964200477	1.7035691859623376
24931.0	0.0	0.0
25350.0	0.5441527446300716	2.5553537789435063
25769.0	0.0	0.0
26188.0	0.0	0.0
26607.0	0.0	0.0
27026.0	0.0	0.0
27445.0	0.0	0.0
27864.0	0.0	0.0
28283.0	0.0	0.0
28702.0	0.0	0.0
29121.0	0.0	0.0
29540.0	0.0	0.0
29959.0	0.0	0.0
30378.0	0.0	0.0
30797.0	0.5011933174224343	2.23873472618449
31216.0	0.0	0.0
31635.0	0.0	0.0
32054.0	0.0	0.0
32473.0	0.0	0.0
32892.0	0.0	0.0
33311.0	0.0	0.0
33730.0	0.0	0.0
34149.0	0.0	0.0
34568.0	0.0	0.0
34987.0	0.0	0.0
35406.0	0.0	0.0
35825.0	0.0	0.0
36244.0	0.0	0.0
36663.0	0.0	0.0
37082.0	0.0	0.0
37501.0	0.0	0.0
37920.0	0.028639618138424822	0.23933080929301528
38339.0	0.06682577565632458	0.365583849906761
38758.0	0.0	0.0
39177.0	0.0	0.0
39596.0	0.0	0.0
40015.0	0.0	0.0
40434.0	0.0	0.0
40853.0	0.0	0.0
41272.0	0.09307875894988067	0.42868506278489876
41691.0	0.45346062052505964	2.129461482452922
42110.0	0.0	0.0
42529.0	0.0	0.0
42948.0	0.0	0.0
43367.0	0.0	0.0
43786.0	0.0	0.0
44205.0	0.0	0.0
44624.0	0.0	0.0
45043.0	0.0	0.0
45462.0	0.0	0.0
45881.0	0.0	0.0
46300.0	0.0	0.0
46719.0	0.0	0.0
47138.0	0.0	0.0
47557.0	0.0	0.0
47976.0	0.0	0.0
48395.0	0.0	0.0
48814.0	0.0	0.0
49233.0	0.0	0.0
49652.0	0.0	0.0
50071.0	0.0	0.0
50490.0	0.0	0.0
50909.0	0.0	0.0
51328.0	0.0	0.0
51747.0	0.0	0.0
52166.0	0.0	0.0
52585.0	0.0	0.0
53004.0	0.954653937947494	4.369562765191716
53423.0	0.0	0.0
53842.0	0.0	0.0
54261.0	0.0	0.0
54680.0	0.0	0.0
55099.0	0.0	0.0
55518.0	0.0	0.0
55937.0	0.0	0.0
56356.0	0.0	0.0
56775.0	0.0	0.0
57194.0	0.0	0.0
57613.0	0.27684964200477324	1.2795434746736636
58032.0	0.0	0.0
58451.0	0.0	0.0
58870.0	0.0	0.0
59289.0	0.0	0.0
59708.0	0.0	0.0
60127.0	0.0	0.0
60546.0	1.5178997613365155	4.849279650266795
60965.0	0.0	0.0
61384.0	0.0	0.0
61803.0	0.0	0.0
62222.0	0.0	0.0
62641.0	0.0	0.0
63060.0	0.0	0.0
63479.0	0.0	0.0
63898.0	0.0	0.0
64317.0	0.0	0.0
64736.0	0.0	0.0
65155.0	0.0	0.0
65574.0	0.9069212410501193	4.258922964905844
65993.0	0.0	0.0
66412.0	0.0	0.0
66831.0	0.0	0.0
67250.0	0.0	0.0
67669.0	0.0	0.0
68088.0	0.0	0.0
68507.0	0.0	0.0
68926.0	0.0	0.0
69345.0	0.0	0.0
69764.0	0.0	0.0
70183.0	0.0	0.0
70602.0	0.0	0.0
71021.0	0.0	0.0
71440.0	0.5441527446300716	2.5553537789435063
71859.0	0.0	0.0
72278.0	0.0	0.0
72697.0	0.0	0.0
73116.0	0.0	0.0
73535.0	0.0	0.0
73954.0	0.0	0.0
74373.0	0.0	0.0
74792.0	0.0	0.0
75211.0	0.0	0.0
75630.0	0.0	0.0
76049.0	0.0	0.0
76468.0	0.0	0.0
76887.0	0.0	0.0
77306.0	0.0	0.0
77725.0	0.0	0.0
78144.0	0.0	0.0
78563.0	0.0	0.0
78982.0	0.0	0.0
79401.0	0.0	0.0
79820.0	0.0	0.0
80239.0	0.0	0.0
80658.0	0.0	0.0
81077.0	0.0	0.0
81496.0	0.0	0.0
81915.0	0.0	0.0
82334.0	0.0	0.0
82753.0	1.4844868735083532	6.558166400708317
83172.0	4.797136038186157	8.728468222884228
83591.0	5.353221957040573	15.112624130658396
84010.0	0.0	0.0
84429.0	0.0	0.0
84848.0	0.0	0.0
85267.0	0.0	0.0
85686.0	0.0	0.0
86105.0	540.272076372315	200.3214779067384
86524.0	324.1599045346062	341.1001679599981
86943.0	0.0	0.0
87362.0	0.0	0.0
87781.0	0.0	0.0
88200.0	0.0	0.0
88619.0	0.0	0.0
89038.0	0.3723150357995227	1.4704731107541795
89457.0	0.0	0.0
89876.0	2.295942720763723	9.665528147366897
90295.0	0.0	0.0
90714.0	0.0	0.0
91133.0	0.0	0.0
91552.0	0.0	0.0
91971.0	0.0	0.0
92390.0	0.0	0.0
92809.0	0.0	0.0
93228.0	0.0	0.0
93647.0	0.0	0.0
94066.0	0.0	0.0
94485.0	0.9976133651551312	4.6848152613964285
94904.0	0.0	0.0
95323.0	0.0	0.0
95742.0	0.0	0.0
96161.0	0.0	0.0
96580.0	0.0	0.0
96999.0	0.0	0.0
97418.0	0.0	0.0
97837.0	1.665871121718377	5.869097095464553
98256.0	0.0	0.0
98675.0	0.0	0.0
99094.0	0.0	0.0
99513.0	0.0	0.0
99932.0	0.0	0.0
100351.0	0.7255369928400954	3.4071383719246753
100770.0	0.0	0.0
101189.0	0.0	0.0
101608.0	0.0	0.0
102027.0	0.6348448687350835	2.981246075434091
102446.0	0.0	0.0
102865.0	0.0	0.0
103284.0	0.0	0.0
103703.0	0.0	0.0
104122.0	0.0	0.0
104541.0	0.0	0.0
104960.0	0.0	0.0
105379.0	0.0	0.0
105798.0	0.0	0.0
106217.0	0.0	0.0
106636.0	0.0	0.0
107055.0	0.0	0.0
107474.0	0.0	0.0
107893.0	0.2720763723150358	1.2776768894717532
108312.0	0.0	0.0
108731.0	0.0	0.0
109150.0	0.0	0.0
109569.0	0.18138424821002386	0.8517845929811688
109988.0	1.0023866348448687	4.5778860375496855
110407.0	0.0	0.0
110826.0	0.45346062052505964	2.129461482452922
111245.0	0.0	0.0
111664.0	0.0	0.0
112083.0	0.0	0.0
112502.0	0.0	0.0
112921.0	0.0	0.0
113340.0	0.0	0.0
113759.0	0.0	0.0
114178.0	0.0	0.0
114597.0	0.0	0.0
115016.0	0.0	0.0
115435.0	0.2720763723150358	1.2776768894717532
115854.0	0.0	0.0
116273.0	0.0	0.0
116692.0	0.0	0.0
117111.0	0.0	0.0
117530.0	0.0	0.0
117949.0	0.0	0.0
118368.0	0.0	0.0
118787.0	0.0	0.0
119206.0	0.0	0.0
119625.0	0.0	0.0
120044.0	0.0	0.0
120463.0	0.0	0.0
120882.0	0.0	0.0
121301.0	0.0	0.0
121720.0	0.0	0.0
122139.0	0.0	0.0
122558.0	0.0	0.0
122977.0	11.854415274463006	25.3534442638113
123396.0	0.0	0.0
123815.0	0.0	0.0
124234.0	0.0	0.0
124653.0	26.73985680190931	52.06852470462811
125072.0	43.48926014319809	26.09789720769634
125491.0	9.496420047732697	11.902347294618753
125910.0	46.18615751789976	36.68084632166369
126329.0	0.0	0.0
126748.0	0.0	0.0
127167.0	0.0	0.0
127586.0	0.0	0.0
128005.0	0.0	0.0
128424.0	0.3627684964200477	1.7035691859623376
128843.0	0.0	0.0
129262.0	0.0	0.0
129681.0	0.0	0.0
130100.0	0.0	0.0
130519.0	0.0	0.0
130938.0	0.649164677804296	2.1495406624825386
131357.0	0.0	0.0
131776.0	0.0	0.0
132195.0	0.0	0.0
132614.0	0.18138424821002386	0.8517845929811688
133033.0	0.0	0.0
133452.0	0.0	0.0
133871.0	0.0	0.0
134290.0	0.0	0.0
134709.0	0.0	0.0
135128.0	0.0	0.0
135547.0	0.4797136038186158	2.1853275096841522
135966.0	0.18138424821002386	0.8517845929811688
136385.0	0.0	0.0
136804.0	0.1909307875894988	1.3817770717069335
137223.0	1.1097852028639619	3.8825231074896296
137642.0	0.0	0.0
138061.0	0.0	0.0
138480.0	0.0	0.0
138899.0	0.0	0.0
139318.0	0.0	0.0
139737.0	0.0	0.0
140156.0	0.0	0.0
140575.0	0.0	0.0
140994.0	0.0	0.0
141413.0	0.0	0.0
141832.0	0.0	0.0
142251.0	0.0	0.0
142670.0	0.0	0.0
143089.0	1.541766109785203	4.732712543467338
143508.0	0.0	0.0
143927.0	0.2720763723150358	1.2776768894717532
144346.0	0.3818615751789976	1.7478251060766865
144765.0	0.0	0.0
145184.0	0.0	0.0
145603.0	0.0	0.0
146022.0	0.0	0.0
146441.0	0.0	0.0
146860.0	0.0	0.0
147279.0	0.0	0.0
147698.0	0.0	0.0
148117.0	0.0	0.0
148536.0	0.0	0.0
148955.0	0.9331742243436754	4.073606765063648
149374.0	0.0	0.0
149793.0	0.0	0.0
150212.0	0.0	0.0
150631.0	0.0	0.0
151050.0	0.29832935560859186	1.3334327727437958
151469.0	0.0	0.0
151888.0	0.0	0.0
152307.0	0.0	0.0
152726.0	0.0	0.0
153145.0	0.5441527446300716	2.5553537789435063
153564.0	0.0	0.0
153983.0	0.0	0.0
154402.0	0.5441527446300716	2.5553537789435063
154821.0	0.0	0.0
155240.0	0.0	0.0
155659.0	0.0	0.0
156078.0	0.0	0.0
156497.0	0.0	0.0
156916.0	1.0023866348448687	4.253595979750531
157335.0	0.35799522673031026	1.8920761790433023
157754.0	0.0	0.0
158173.0	0.0	0.0
158592.0	0.0	0.0
159011.0	0.0	0.0
159430.0	0.0	0.0
159849.0	0.0	0.0
160268.0	0.0	0.0
160687.0	13.789976133651551	30.16458433281255
161106.0	27.085918854415276	15.579344994365478
161525.0	0.38424821002386633	1.0142187230269537
161944.0	0.4701670644391408	0.6856872934794263
162363.0	0.0	0.0
162782.0	0.0	0.0
163201.0	0.0	0.0
163620.0	0.0	0.0
164039.0	0.4964200477326969	2.2183870379443107
164458.0	0.0	0.0
164877.0	0.0	0.0
165296.0	0.0	0.0
165715.0	0.8210023866348448	3.834275765303196
166134.0	0.0	0.0
166553.0	0.0	0.0
166972.0	0.0	0.0
167339.0	0.0	0.0
