# Position (bp)	A	C	G	T	N
0.0	12.108589485779948	25.811548405630564	56.492387245044526	5.544383797759265	0.043091065785693765
1.0	11.865618298784847	33.62401715511079	26.032880629020728	28.334524660471764	0.14295925661186562
2.0	15.386795126098043	36.4267497874752	26.806460753754607	21.379994332672144	0.0
3.0	9.890418656926103	43.34082607474009	17.518966001685868	29.249789266647934	0.0
4.0	28.91331570891888	21.956310004174203	21.37192152497565	27.758452761931263	0.0
5.0	28.062482872019736	17.950123321457934	43.806522334886274	10.180871471636065	0.0
6.0	21.69167803547067	26.889495225102316	36.930422919508864	14.488403819918144	0.0
7.0	27.41542625169148	29.3234100135318	31.59675236806495	11.664411366711773	0.0
8.0	7.593065448192447	51.135600053756214	26.434619002822203	14.836715495229136	0.0
9.0	21.562875050006667	34.417922389651956	18.04240565408721	25.97679690625417	0.0
10.0	13.968253968253968	19.113756613756614	49.682539682539684	17.235449735449734	0.0
11.0	15.532447018559958	35.85625904962485	28.313808082137687	20.28432275898381	0.013163090693694878
12.0	13.89107096098455	31.39565331238544	36.92065985860173	17.79261586802828	0.0
13.0	12.676056338028168	44.13145539906103	24.191444966092853	19.001043296817947	0.0
14.0	20.972762645914397	32.360570687418935	31.582360570687417	15.084306095979247	0.0
15.0	20.662115161664303	29.550431534200694	34.329511786680406	15.457941517454593	0.0
16.0	20.07949737145788	29.632004103090136	32.35030132068214	17.938197204769843	0.0
17.0	21.333163719628544	31.866174786922784	29.067548657931564	17.733112835517108	0.0
18.0	18.359621451104104	32.78233438485804	31.066246056782333	17.79179810725552	0.0
19.0	19.231253938248265	32.161310649023314	31.44297416509137	17.16446124763705	0.0
20.0	17.352572145545796	32.37139272271016	32.973651191969886	17.302383939774153	0.0
21.0	17.062797097823367	34.17563172379284	31.74881160870653	17.012759569677257	0.0
22.0	18.090264826557252	30.44883749844585	34.054457292055204	17.40644038294169	0.0
23.0	18.42952687639336	31.45900421104781	30.480554867475853	19.63091404508298	0.0
24.0	18.732237736315334	32.13888545656741	30.65612257506487	18.47275423205239	0.0
25.0	18.695974314645593	33.588540380340824	29.217090639664118	18.49839466534947	0.0
26.0	17.558754768057096	32.00442967884828	33.111849390919154	17.324966162175464	0.0
27.0	19.089123496194453	32.543579671004174	31.230051559047382	17.13724527375399	0.0
28.0	18.941435922567997	32.82283753981867	29.808870374908107	18.426856162705217	0.0
29.0	17.159618675140553	34.465900757760934	30.40821315081887	17.96626741627964	0.0
30.0	17.609756097560975	34.9390243902439	31.75609756097561	15.695121951219512	0.0
31.0	18.896585247296148	29.335277676509904	34.15967918337587	17.608457892818084	0.0
32.0	19.607843137254903	30.380053255870248	31.614621157104818	18.39748244977003	0.0
33.0	17.19484275213881	32.60633811302567	32.196650198819135	17.9901192914809	0.012049644535486202
34.0	15.71480100997956	34.15895154502825	32.9686184922448	17.157628952747384	0.0
35.0	19.901454152145178	31.114048792212472	30.669390698233386	18.315106357408965	0.0
36.0	18.91729684311607	30.776617452886807	31.076701476413394	19.229384227583722	0.0
37.0	19.86857825567503	31.9115890083632	31.36200716845878	16.85782556750299	0.0
38.0	18.45585607053497	32.96794948171095	31.049684260693432	17.526510187060644	0.0
39.0	18.59111427892611	33.86790211451651	31.076265146115468	16.46471846044191	0.0
40.0	18.60989206499822	29.474558178152062	34.39686869884949	17.518681058000237	0.0
41.0	18.13440796491644	34.064240843901864	30.63885267275098	17.16249851843072	0.0
42.0	18.999051233396585	30.977229601518026	32.80360531309298	17.220113851992412	0.0
43.0	17.99431009957326	33.02513039355144	31.08108108108108	17.899478425794214	0.0
44.0	16.241849436870183	34.439834024896264	32.365145228215766	16.953171310017783	0.0
45.0	16.828632377340604	32.18772220905428	33.38468831476653	17.59895709883859	0.0
46.0	16.45554634781579	30.99325204214514	35.00651118740381	17.544690422635256	0.0
47.0	18.01566579634465	30.845003560408262	33.25421314977451	17.885117493472585	0.0
48.0	16.07671362613946	33.51485734580324	32.7335148573458	17.674914170711496	0.0
49.0	17.49112426035503	29.408284023668642	34.68639053254438	18.414201183431953	0.0
50.0	18.11405584477047	34.80832938949361	30.371509701845717	16.706105063890202	0.0
51.0	17.98935541099941	30.20697811945594	34.19278533412182	17.610881135422826	0.0
52.0	19.088117174580677	32.93172690763052	32.246633593196314	15.733522324592489	0.0
53.0	19.762241054613934	32.968455743879474	29.63747645951036	17.631826741996235	0.0
54.0	18.515459051215483	31.921170639603492	34.175123908425775	15.388246400755252	0.0
55.0	17.951138911837603	32.703882922223535	31.936740233683462	17.4082379322554	0.0
56.0	18.173213440605775	32.53667770941789	32.82063416942735	16.46947468054898	0.0
57.0	19.204275534441805	32.387173396674584	31.484560570071256	16.92399049881235	0.0
58.0	16.474914007828254	31.313011505159533	32.34491756612501	19.8671569208872	0.0
59.0	18.202273803884413	30.589767882520132	31.856939838938892	19.351018474656563	0.0
60.0	17.654014425919357	31.73702258484096	34.5394347877498	16.06952820148989	0.0
61.0	17.676946709204774	33.85324353066289	31.371853952499112	17.097955807633227	0.0
62.0	20.928858425904043	30.784684471756087	31.588277003072562	16.69818009926731	0.0
63.0	19.362079149438866	33.44359125812168	31.317188422917898	15.877141169521558	0.0
64.0	18.525073746312685	32.08259587020649	31.917404129793507	17.474926253687315	0.0
65.0	17.10900473933649	33.04502369668246	32.58293838862559	17.26303317535545	0.0
66.0	17.34076621990274	36.66231763729095	30.352271379433045	15.644644763373266	0.0
67.0	19.104971070964694	33.32152556382099	31.81013106624159	15.763372298972724	0.0
68.0	17.63662171753016	31.61816891412349	31.9375443577005	18.795836290513364	0.011828720132481665
69.0	18.367105107240196	32.19575779120749	33.13188766441522	16.3052494371371	0.0
70.0	20.820975204650612	29.730691659746117	31.676355439553923	17.771977696049355	0.0
71.0	18.407900999524035	31.984769157544022	31.02094240837696	18.586387434554975	0.0
72.0	19.728539111799023	33.51589474937492	30.277413977854508	16.478152160971543	0.0
73.0	16.763831052944674	30.838786436644856	33.2064247471743	19.19095776323617	0.0
74.0	19.669008215263723	31.396594832718183	30.77747350875104	18.156923443267058	0.0
75.0	17.875029811590746	32.506558549964225	33.16241354638684	16.45599809205819	0.0
76.0	17.046675420795037	35.191596036767336	31.44323743583622	16.31849110660141	0.0
77.0	19.48098541018895	33.161922984931834	30.590767758909355	16.754364984453478	0.01195886151638364
78.0	16.367552045944006	34.80497726728882	31.945441493180187	16.882029193586984	0.0
79.0	18.515409521525363	30.92696966063077	32.28204820721909	18.275572610624774	0.0
80.0	18.1413801394566	29.56239480644386	32.291416205818706	20.004808848280835	0.0
81.0	19.591346153846153	29.891826923076927	32.99278846153847	17.52403846153846	0.0
82.0	21.700950318777817	30.915433658125828	30.51846505473355	16.865150968362805	0.0
83.0	18.74171387248403	32.5659877063999	30.830420633964085	17.861877787151982	0.0
84.0	19.4672131147541	29.869816779170684	33.41369334619094	17.24927675988428	0.0
85.0	18.50778703368345	32.30713509597972	31.425811903899554	17.759265966437283	0.0
86.0	17.624336069531626	31.32544664413327	34.10188314823757	16.948334138097536	0.0
87.0	17.121138996138995	32.63754826254826	33.397683397683394	16.843629343629342	0.0
88.0	17.45801618944062	31.134469010511058	33.164189923885466	18.243324876162863	0.0
89.0	19.920270596762503	30.49045663203672	31.0582266247886	18.531046146412177	0.0
90.0	17.916970138383103	34.000971109492596	30.82058752124302	17.26147123088128	0.0
91.0	16.630196936542667	32.5431558473134	32.33649404327741	18.49015317286652	0.0
92.0	16.207022233021505	34.43081035111165	32.59628234722391	16.765885068642934	0.0
93.0	17.492391965916006	31.868533171028606	33.11016433353621	17.516737674984782	0.012172854534388313
94.0	17.393954168698194	29.76596782057533	35.53144807411019	17.308629936616285	0.0
95.0	19.11100256441568	31.188179264867504	32.21394553669556	17.486872634021246	0.0
96.0	18.654620925405933	35.03845684287633	30.448052740813086	15.85886949090465	0.0
97.0	18.291936865288143	30.955585464333783	33.280313226477425	17.47216444390065	0.0
98.0	17.802844531633152	33.26385483079941	32.39333006375674	16.53997057381069	0.0
99.0	19.190184049079758	32.061349693251536	31.41104294478528	17.337423312883434	0.0
100.0	18.152630279081254	30.711286737466043	34.033094591257104	17.102988392195602	0.0
101.0	18.15055876212698	34.262556797249175	29.374923246960577	18.199680707356013	0.012280486307257766
102.0	17.599901332017758	32.67143561914159	32.3754316724223	17.35323137641835	0.0
103.0	17.94491787081635	32.23416080029641	32.51821662344078	17.302704705446462	0.0
104.0	19.108201581027668	32.96689723320158	30.69416996047431	17.23073122529644	0.0
105.0	20.081713507490402	31.07589451529033	32.16540794849573	16.676984028723535	0.0
106.0	19.45751795888036	31.892494426554375	30.307158781273223	18.34282883329205	0.0
107.0	16.573626100980025	34.412603895298346	30.256791961295125	18.756978042426496	0.0
108.0	16.961174713787955	34.756097560975604	31.53310104529617	16.74962667994027	0.0
109.0	18.124065769805682	31.07872446437469	34.11808669656203	16.6791230692576	0.0
110.0	17.6052828307999	33.104909045601794	30.251682033391482	19.038126090206827	0.0
111.0	18.128435782108944	33.72063968015992	32.13393303348326	16.016991504247876	0.0
112.0	18.05677128923346	30.38639489808678	33.199949981242966	18.35688383143679	0.0
113.0	19.024940468730417	31.36984584534403	33.21218197769144	16.393031708234115	0.0
114.0	17.58338577721838	34.21019509125236	31.96979232221523	16.236626809314032	0.0
115.0	20.82912032355915	31.294236602628917	29.436299292214358	18.440343781597573	0.0
116.0	18.563327032136108	32.84183994959042	30.56080655324512	18.021424070573406	0.01260239445494644
117.0	18.88129587446216	31.92862566438876	32.700582131106046	16.476841305998484	0.012655024044545686
118.0	19.39824806398375	33.007490161228894	29.706741145106	17.88752062968135	0.0
119.0	18.79143294237634	29.61499235084141	33.8092809790923	17.784293727689953	0.0
120.0	18.911983577110597	30.972542981780858	32.358224275083394	17.757249166025147	0.0
121.0	17.79976866726642	34.17298547744505	30.985734481429123	17.0415113738594	0.0
122.0	15.671353024635625	33.83206500709402	31.78124596930221	18.71533599896814	0.0
123.0	17.845117845117844	32.659932659932664	32.582232582232585	16.912716912716913	0.0
124.0	19.588166297406488	32.26899517789652	31.72162126938616	16.42121725531083	0.0
125.0	18.85632033499084	32.92331850300968	28.971473436273225	19.24888772572625	0.0
126.0	18.302631578947366	34.723684210526315	32.026315789473685	14.947368421052632	0.0
127.0	19.467159060933792	30.058032181482456	32.85412819836455	17.620680559219203	0.0
128.0	17.69770830573586	32.560604053517025	31.606835342429463	18.134852298317657	0.0
129.0	18.681902737177783	32.18176986446984	31.570555407919215	17.565771990433166	0.0
130.0	19.298947087831532	32.920165267226444	26.629348260695725	21.151539384246302	0.0
131.0	16.999330207635634	31.949095780308106	32.13663764233088	18.914936369725385	0.0
132.0	18.728105631905148	32.161142549178116	32.36324440851522	16.74750741040151	0.0
133.0	17.882321041214748	33.839479392624725	30.911062906724514	17.367136659436007	0.0
134.0	19.14835539784359	30.230653746417364	31.622765115326875	18.998225740412174	0.0
135.0	16.616231086657496	33.851444291609354	33.72764786795048	15.804676753782667	0.0
136.0	18.23969000830335	32.839745363963466	30.639357874342654	18.281206753390535	0.0
137.0	18.985406532314105	31.410701876302987	31.188325225851287	18.415566365531618	0.0
138.0	19.347156066124967	32.27794900532362	30.764920145699076	17.60997478285234	0.0
139.0	17.748064743138634	31.35819845179451	31.133004926108377	19.760731878958477	0.0
140.0	19.02811131515751	31.62876112445261	32.01017092809719	17.332956632292696	0.0
141.0	18.832095945174185	33.32381496287836	31.63906339234723	16.205025699600228	0.0
142.0	19.38966460342594	29.149273067511157	31.797898373398592	19.663163955664313	0.0
143.0	17.484440584744537	31.958315240990014	32.32016210739615	18.237082066869302	0.0
144.0	20.268495549394423	30.643513789581206	32.6572304100394	16.430760250984967	0.0
145.0	19.66242226828546	31.03346165235416	31.34438851051229	17.95972756884809	0.0
146.0	16.33143200240168	32.45271690183128	30.68147703392375	20.53437406184329	0.0
147.0	20.043471510634994	31.501319670858564	30.771619313771154	17.683589504735288	0.0
148.0	19.014443500424807	32.863211554800344	31.231945624468988	16.890399320305864	0.0
149.0	21.833480956598763	38.21966341895482	25.28786536758193	14.658990256864483	0.0
150.0	45.77352472089314	0.0	39.50026581605529	14.726209463051568	0.0
