# Position (bp)	A	C	G	T	N
0.0	14.690038878508563	27.015619063480745	50.866308935811425	7.425430812389076	0.0026023098101875222
1.0	15.613322924798334	32.55321363518085	23.651314077543585	28.1816289357273	5.204267499349467E-4
2.0	16.953674761144427	33.51883539379313	25.444814870677323	24.082154875150177	5.200992349340254E-4
3.0	11.850666223210759	42.47095017357142	16.83590745629534	28.842476146922486	0.0
4.0	31.355325047503346	19.019510118472834	19.343467381033964	30.281697452989853	0.0
5.0	28.358340505397194	16.99779134997252	42.473480645796826	12.17038749883346	0.0
6.0	23.700479336701648	25.634926803990155	34.6645938593082	16.0	0.0
7.0	27.11648433615117	25.128460135919113	32.28337891596221	15.471158627548483	5.179844190286757E-4
8.0	9.318664250582449	48.663215117784105	26.40641988092156	15.611700750711883	0.0
9.0	21.328497666670117	33.37230839274443	17.55222830417102	27.746965636414433	0.0
10.0	16.34256937371063	18.455707852271612	48.38709677419355	16.813591921782336	0.00103407804186982
11.0	17.92110064242042	33.4916557701551	24.619225064216202	23.96801852320828	0.0
12.0	13.859069070620448	28.785968900139487	37.11318902722529	20.241773002014778	0.0
13.0	13.776421630887107	41.783092221430564	24.914552419896122	19.52593372778621	0.0
14.0	21.46355308992388	29.6565604438137	33.174558121532705	15.705328344729713	0.0
15.0	21.6579332824459	29.792358632640852	30.915664390485425	17.633012192354506	0.0010315020733191673
16.0	20.776040297176205	29.24174696714254	30.070272583381026	19.91194015230023	0.0
17.0	20.692266870011903	29.87474689185777	29.800038127231606	19.63294811089872	0.0
18.0	20.051494631684648	29.45286953835063	31.141893457607043	19.353742372357683	0.0
19.0	20.144870085408485	30.64048640105435	30.287835340269666	18.926808173267506	0.0
20.0	19.5661017647392	30.621598100858428	30.500584470089038	19.311715664313336	0.0
21.0	19.39400495551881	30.62222153538663	30.67630983840476	19.307463670689806	0.0
22.0	19.704697433361154	30.087168866495627	30.691477852307504	19.516655847835718	0.0
23.0	19.641403053073173	30.540008452126948	30.262737458383583	19.555851036416296	0.0
24.0	19.57541818781841	30.205948476785675	30.59886970690758	19.619763628488336	0.0
25.0	19.061129739489296	30.499871034304878	30.59943255094145	19.83956667526438	0.0
26.0	19.594465574988774	30.569389324401737	30.410953248455634	19.42519185215385	0.0
27.0	19.6880356884694	30.3728908073277	30.70385592432723	19.23521757987567	0.0
28.0	20.020147229755906	30.127857419604805	30.289035257652074	19.562960092987215	0.0
29.0	19.28920364961617	30.449481764842716	30.628860916539587	19.632453669001528	0.0
30.0	19.70709306414579	30.339449351509007	30.75781395445049	19.19564362989471	0.0
31.0	20.072960596103595	30.205686786887792	30.70192233059947	19.019430286409147	0.0
32.0	19.916423722406623	30.13872419310573	30.213290388728076	19.731043874956633	5.17820802932937E-4
33.0	19.179508969748476	30.48108113710087	30.840700168927672	19.498709724222984	0.0
34.0	19.305069363412418	30.626734085310513	30.610138726824843	19.458057824452226	0.0
35.0	19.695326084135676	30.484000726649885	30.400435989930706	19.42023719928373	0.0
36.0	19.874482421824265	30.26812757490272	30.45515707880696	19.402232924466055	0.0
37.0	19.70316845580017	30.176487406752788	30.538819431809323	19.58152470563772	0.0
38.0	19.73539082660451	30.528385915258472	30.163156580371265	19.573066677765755	0.0
39.0	19.545845160282287	30.5002473893909	30.59555740735918	19.358350042967633	0.0
40.0	19.86436331032757	30.102274859776056	30.358222648512275	19.6751391813841	0.0
41.0	19.674082116273972	30.083201970957607	31.073378501111797	19.16881544195175	5.219697048783288E-4
42.0	19.359256490808065	30.673935883831916	30.822386819229624	19.144420806130398	0.0
43.0	19.621164143013413	30.162410564275955	30.434054402043348	19.78237089066728	0.0
44.0	19.41614255765199	30.938155136268342	30.121069182389938	19.52463312368973	0.0
45.0	19.40904583777091	30.317354556758147	30.794252047406445	19.4793475580645	0.0
46.0	19.532653339916173	30.11439436116684	30.576068573589506	19.775833272056893	0.0010504532705862578
47.0	19.217942918459453	30.55272099897956	30.246062888582642	19.98327319397835	0.0
48.0	19.219875331676704	30.486880343680244	30.795392326159288	19.497851998483764	0.0
49.0	19.460490807893404	30.39667313206274	30.534765559116206	19.607543430595378	5.270703322651374E-4
50.0	19.75748365547482	30.397386986644715	30.2881596513168	19.55644203827706	5.276682866083065E-4
51.0	19.58554807621181	29.896122835011784	31.00833764833934	19.509463072354723	5.28368082340882E-4
52.0	19.657427691526177	30.454752304452278	30.53200833941857	19.35369506090527	0.0021166036977066597
53.0	19.818740725037102	30.680517277930893	30.033389866440537	19.46735213059148	0.0
54.0	19.736402095619262	30.371085974531965	30.94170165558168	18.948156247843603	0.002654026423487072
55.0	19.790459585596885	30.199972358950916	30.48222999479073	19.526274943389005	0.0010631172724663257
56.0	19.224955558157607	30.490829545575508	30.877234067466443	19.405916353533527	0.001064475266917173
57.0	19.490807128273744	30.498264842129952	30.57929218352693	19.427904323768196	0.0037315223011764958
58.0	19.19566609735269	30.602583262169087	29.955700256191292	20.244449188727582	0.0016011955593509821
59.0	19.77350100743417	30.359843727452983	30.38923835839003	19.474210219711505	0.003206687011314261
60.0	19.570441493660454	29.99256059900558	30.967710858849408	19.466075796256753	0.003211252227806233
61.0	20.09014948091693	30.380696648604612	30.331387776759446	19.195622229725746	0.0021438639932682673
62.0	19.948459143133253	30.266831311070547	30.330183614302587	19.45237839579083	0.002147535702781059
63.0	19.733177032360754	30.572792876117138	30.678726218771175	19.01100201112031	0.004301861630620651
64.0	19.895818182797612	30.412040703092597	30.479376417416788	19.20845521097626	0.004309485716748278
65.0	19.708052822371826	30.480752632487484	30.503948731227343	19.30562748144312	0.0016183324702226825
66.0	19.02423210957128	31.411513628873223	29.901396655590673	19.659075559877895	0.003782046086933031
67.0	20.048697345994643	30.137164191218247	30.6122338554771	19.19757595433271	0.004328652977301626
68.0	19.372791710922765	30.660806797736978	30.388225348449048	19.57492467431123	0.003251468579975289
69.0	19.63644061356753	30.455290554403643	30.29028300965077	19.61527188249726	0.0027139398808037605
70.0	19.99184317137497	29.649528263411185	30.559286549389597	19.795535495799232	0.0038065200250142744
71.0	19.249294408665424	30.787211088953548	30.50279512242963	19.457430230910894	0.0032691490405047565
72.0	19.865283107440543	30.313484243909627	30.38990387502115	19.426961937565164	0.00436683606351563
73.0	19.463065230466402	30.177702444092073	30.94318989556564	19.414948876373778	0.0010935535021050905
74.0	19.93217516120726	29.893332018473778	30.067003051569884	20.105298336154803	0.002191432594272691
75.0	19.34895976285887	29.962672229236425	31.24773563155295	19.439534500741065	0.0010978756106933085
76.0	19.49914195194931	30.384801548886735	30.566311713455953	19.545894570095925	0.0038502156120742764
77.0	19.46033215415303	30.540218864680796	30.34240310333807	19.654841802492808	0.0022040753352949604
78.0	19.05892093279978	30.825996964261073	30.827100869325236	19.2852214709535	0.0027597626604112047
79.0	19.835652193147382	30.160476896193234	30.359552301532883	19.642659647415336	0.0016589617111637063
80.0	19.618341342290062	30.24503527820732	30.32041369448463	19.814546925835398	0.0016627591825875859
81.0	19.52381745780503	30.163781469201417	30.88633043980517	19.421072216020484	0.0049984171678968325
82.0	20.222642769676057	29.898140932873208	30.56272960035623	19.31537348324613	0.0011132138483802739
83.0	19.865443834516	30.393403847012095	30.255612085508993	19.48163520328469	0.0039050296782255542
84.0	19.708420911408258	30.066857475068197	31.043446178614552	19.177921380975807	0.003354053933187246
85.0	19.92727435720729	30.142481748553053	30.38004471114249	19.549638893091064	5.602900061071611E-4
86.0	19.654750272358683	30.21047429720229	30.655794781944586	19.47841908420095	5.615642934959623E-4
87.0	19.54954904266512	30.227926158901276	31.103959309751144	19.11518963839017	0.003375850292292371
88.0	19.758453289128706	30.149359765895905	30.5446077685121	19.54757917646329	0.0
89.0	19.736819802360596	30.05384515421862	30.588906655215858	19.619863381340082	5.650068648334077E-4
90.0	19.865054725917197	30.38648054567291	30.83346552153912	18.914432685988807	5.66520881959709E-4
91.0	19.637113730125357	30.241848412869793	30.34981645432952	19.77008489697576	0.0011365056995760834
92.0	19.261487279397524	30.85643321826116	30.711738501327318	19.169771336774104	5.696642398970047E-4
93.0	19.56829764380556	30.397422126745433	30.587106063029918	19.446602829261604	5.713371574833741E-4
94.0	19.538946162657503	30.07101947308133	30.969072164948454	19.420962199312715	0.0
95.0	19.847051928800433	30.105834089838318	30.435631959367065	19.611482021994185	0.0
96.0	19.73089777572894	30.198801429065348	30.59870923130114	19.4710153278783	5.762360262763629E-4
97.0	19.669260025663853	30.26080020346115	30.614545160283456	19.45539461059154	0.0
98.0	19.78245618103913	30.32799717053882	30.82953076169327	19.060015886728785	0.0
99.0	19.556062262965636	30.27815910095628	30.96512250168687	19.200656134391213	0.0
100.0	19.786680055110573	29.988557550848842	30.551339233589424	19.673423160451158	0.0
101.0	19.553288552872765	30.927798827587416	29.917017551051483	19.601895068488336	0.0
102.0	19.365443425076453	30.30345800988003	31.085038814396615	19.246059750646907	0.0
103.0	19.684402543198363	30.29109821539261	30.575053278470776	19.449445962938256	0.0
104.0	19.475670966939063	30.525217927217348	30.508032640193424	19.491078465650165	0.0
105.0	19.759613669073307	30.02866556444994	30.83629702758317	19.374829017639435	5.947212541481808E-4
106.0	19.921993991267627	30.18641405302736	30.21627852803976	19.675313427665255	0.0
107.0	19.728523614726665	30.642162214038077	29.935579841408845	19.693734329826412	0.0
108.0	19.71726638638253	29.915914758285044	31.175988724385924	19.1908301309465	0.0
109.0	19.655720947674666	30.479462411767912	30.72865947704907	19.136157163508354	0.0
110.0	19.748039531309793	29.95948465944639	30.593030389542548	19.699445419701267	0.0
111.0	19.317655095020857	30.595740528408676	30.628674587104488	19.45792978946598	0.0
112.0	19.427493076489473	30.392985809866925	30.553513222067004	19.625395191530036	6.127000465652035E-4
113.0	19.712449838745414	29.836406607745143	30.537433220906472	19.913710332602967	0.0
114.0	19.541246389897278	30.632842503664214	30.569143903178126	19.256767203260377	0.0
115.0	20.0004972774062	29.74775603570452	30.67144881772297	19.580297869166312	0.0
116.0	20.274950545096008	29.9200609059764	30.38184802211586	19.423140526811736	0.0
117.0	19.557160863103636	30.41430730352227	30.772993208796585	19.255538624577508	0.0
118.0	19.98791053798106	29.93401168647995	30.18272718114044	19.89535059439855	0.0
119.0	19.95167370897958	29.9648306049642	30.752979277888826	19.330516408167398	0.0
120.0	19.859170146104617	30.1900821719319	30.276512046163724	19.67423563579976	0.0
121.0	19.476191084266578	30.14902121030251	30.952867413262503	19.421920292168405	0.0
122.0	19.248901574676886	30.299220679259804	30.560277091818737	19.891600654244574	0.0
123.0	19.502465117777852	30.548126188251217	30.575838623400898	19.373570070570036	0.0
124.0	20.29911069945787	30.10732490883536	30.38583855276538	19.20772583894139	0.0
125.0	20.248748771550744	30.0613736503329	30.140775403679815	19.54910217443654	0.0
126.0	19.764862902117805	30.320516595026398	30.74577845819676	19.168842044659037	0.0
127.0	19.904967205142025	29.372100053891348	31.289843452200998	19.433089288765625	0.0
128.0	19.75470090550635	30.41669143434584	30.279973845330797	19.548633814817016	0.0
129.0	19.640522225098398	30.3777304314928	30.959824243510354	19.021923099898448	0.0
130.0	19.87258172114743	30.356904603068713	30.121414276184122	19.649099399599734	0.0
131.0	19.519684617034972	30.033120574983908	30.701566187513407	19.745628620467713	0.0
132.0	19.900212385800494	29.965950847857602	30.555911404780367	19.57792536156154	0.0
133.0	19.816649375834878	30.2603117774297	30.376940133037696	19.54609871369773	0.0
134.0	19.940642696322577	29.570171249232445	30.824179572900324	19.665006481544655	0.0
135.0	19.73975142484378	30.14008102726087	30.885119824212044	19.23504772368331	0.0
136.0	19.842827718721058	29.783939951065097	30.529713440510914	19.843518889702935	0.0
137.0	19.659077462779027	29.719702928258705	30.78256269619751	19.83865691276476	0.0
138.0	19.447540926140146	30.164405650786975	30.902653626389036	19.485399796683843	0.0
139.0	19.700994799909562	29.429968347275604	31.014724169115986	19.853606149672167	7.065340266787249E-4
140.0	19.71367052146758	29.728785523820388	30.901624149781114	19.655919804930914	0.0
141.0	19.768137244306104	29.599608038101	30.975077275576595	19.657177442016298	0.0
142.0	19.792828452919863	29.178238968953423	31.37242037891545	19.656512199211264	0.0
143.0	19.79397922031791	29.05307403131753	31.199123819672614	19.953822928691945	0.0
144.0	20.26827430293896	28.605124340617937	31.44009042954032	19.68651092690279	0.0
145.0	20.396723058273043	28.416119094131	31.527823891406907	19.659333956189048	0.0
146.0	20.838677611748864	27.317546334893862	31.526967228884757	20.31680882447252	0.0
147.0	21.959986959729587	24.676138020967382	33.48089428801839	19.88298073128464	0.0
148.0	23.394031604186928	21.110865022581297	35.31156412799599	20.183539245235778	0.0
149.0	28.713470953414426	9.087467824155858	40.89108161308232	21.3079796093474	0.0
150.0	32.439656348015816	0.0	34.389744988408566	33.17059866357562	0.0
