# Position (bp)	A	C	G	T	N
0.0	14.424897635501466	26.84458398744113	51.309564269799914	7.418796225865446	0.0021578813920492858
1.0	14.8553030384744	33.435622525913864	23.77819244749814	27.930881988113597	0.0
2.0	16.59256864171584	34.44561204968609	25.56624363430604	23.395575674292026	0.0
3.0	11.884811400463898	42.330357287008184	16.36394947717378	29.42034367146171	5.381638924318012E-4
4.0	31.358510443878263	18.971522559422066	19.103213252921382	30.566753743778285	0.0
5.0	29.157049458394614	16.85847405769251	42.118541261849295	11.865935222063575	0.0
6.0	23.20597008519496	25.56599927037061	35.58123564883366	15.646258503401361	5.364921994034207E-4
7.0	26.715527270972615	25.79175088597822	33.08813673820617	14.40458510484299	0.0
8.0	9.257741128310641	49.40873264642373	25.963254086897813	15.369736327444771	5.358109230414771E-4
9.0	21.25797883733882	33.882213083151264	17.836717645546845	27.022554941524223	5.354924388467636E-4
10.0	16.350202504962308	18.933277691282925	47.42842773756213	17.28809206619264	0.0
11.0	18.559269476700667	32.55169906546053	25.156647633711852	23.73238382412694	0.0
12.0	13.692384983752351	29.03358559945271	36.95912433726697	20.31490507952796	0.0
13.0	14.016015556137248	42.155956686414555	25.117926418188713	18.71010133925948	0.0
14.0	21.26679196121564	30.445507549708477	33.27477948871282	15.01292100036307	0.0
15.0	21.96101865832902	29.956302054710466	30.318584165230522	17.76409512172999	0.0
16.0	20.765263399309834	30.097978036279077	29.252070766063436	19.884687798347652	0.0
17.0	20.358157710946788	29.732208070543955	30.289863571660863	19.619770646848394	0.0
18.0	20.161243052854257	29.691954365978035	31.258559043412	18.888243537755706	0.0
19.0	19.774567797377234	30.867812817796047	30.69104500657555	18.66657437825117	0.0
20.0	20.039306333752315	30.833102537335694	29.999573915081275	19.128017213830717	0.0
21.0	19.528644640250594	30.836804926643723	30.046773282759943	19.58777715034574	0.0
22.0	19.309903812848045	30.486797580666646	30.655191708187896	19.54810689829741	0.0
23.0	19.349319631807013	30.10782490046317	30.901454543516383	19.641400924213432	0.0
24.0	19.41522400951167	30.46881248033952	30.615966175976627	19.499997334172182	0.0
25.0	18.754300160539326	31.105161259353682	30.081656381838258	20.058882198268734	0.0
26.0	19.493995196156927	30.732319188684283	29.868161195623166	19.905524419535627	0.0
27.0	19.802276332444947	30.294128643226813	30.40789185551538	19.495703168812856	0.0
28.0	19.640147061966953	30.249235833529276	30.431994527926808	19.678622576576963	0.0
29.0	19.748326095792244	30.228677776113976	30.921770380987013	19.101225747106767	0.0
30.0	19.724527635528872	30.548108669245877	30.646568100214576	19.080795595010674	0.0
31.0	19.796687876255973	31.483921417400435	29.701994558347796	19.017396147995804	0.0
32.0	19.96365079024683	30.664686581887583	30.237395723874677	19.134266903990905	0.0
33.0	19.425545157967033	31.163611778846157	30.074905563186817	19.3359375	0.0
34.0	19.68163949216988	30.234581426822192	30.232970290648964	19.85080879035896	0.0
35.0	19.426351089900685	30.16305516144288	30.473687604798144	19.93690614385829	0.0
36.0	19.839877756136406	30.031529447212392	30.783178555671537	19.34541424097967	0.0
37.0	19.798769780995162	30.326191168708057	30.396212390524514	19.47882665977227	0.0
38.0	20.239590690251937	30.504143236846502	29.98226252540664	19.27400354749492	0.0
39.0	19.96913380388094	30.299596365127673	30.791189104016926	18.940080726974465	0.0
40.0	19.913679479700093	30.220824960566972	30.381257967632507	19.48423759210043	0.0
41.0	19.72798312738285	30.14682421653192	30.642186950761165	19.483005705324068	0.0
42.0	19.734689676839242	30.169434604092864	30.61793796786809	19.4779377511998	0.0
43.0	20.15062543715536	30.25684402296794	30.372876577148094	19.219653962728607	0.0
44.0	19.212464251021593	30.645082514340295	30.41173054902833	19.73072268560978	0.0
45.0	19.42152802686927	30.50347278833926	30.401299985869716	19.673699198921753	0.0
46.0	19.69602977667494	30.29091027817683	30.81058726220017	19.202472682948066	0.0
47.0	19.19828694723536	30.48460214022623	30.387616328487677	19.92949458405074	0.0
48.0	19.49001854478019	30.292898440056724	31.166684847823717	19.05039816733937	0.0
49.0	19.539897233158417	30.43689558954421	30.15349500090099	19.86916612516586	5.46051230526448E-4
50.0	19.874444954830807	30.19062930638493	30.481002690465253	19.453923048319005	0.0
51.0	19.742931154400125	29.856459854214474	30.78801951839296	19.612041818868875	5.476541235617233E-4
52.0	19.909062986770802	30.919132972071694	29.886356157170752	19.28544788398675	0.0
53.0	20.128560832898387	30.031590802955797	30.720545010026644	19.11875394885037	5.494052687965278E-4
54.0	19.31271666758378	30.727452814615084	31.069718813624608	18.88956143729709	5.502668794365266E-4
55.0	19.9197544132317	30.250822572378098	30.33183975132686	19.497032125791574	5.511372717602773E-4
56.0	19.693073459297192	29.996247571958325	30.539245982694684	19.771432986049795	0.0
57.0	19.52919072748874	30.401458845633133	30.649020528831546	19.419224711960876	0.001105186085707181
58.0	19.402142635796185	30.45619549338173	30.140223117446546	20.000885386692637	5.53366682898756E-4
59.0	19.750576190054073	30.264382590195904	30.189588688946017	19.793790444109565	0.0016620866944419821
60.0	19.353478410440225	30.79189462119783	30.576054509338274	19.27801760012429	5.548588993818872E-4
61.0	20.212157078478114	30.26489072632404	30.167647434721967	19.354193408571856	0.0011113519040236496
62.0	20.47420270495909	29.898146602103857	30.213168586853676	19.413925530138588	5.565759447876663E-4
63.0	20.162500069706617	30.397104665882235	30.097087378640776	19.34275023282011	5.576529502629334E-4
64.0	19.396566168831892	30.31858446621463	30.743624400978543	19.540107907641783	0.001117056333150881
65.0	20.08370776143288	30.671396677428557	29.73975615078588	19.50402032263299	0.001119087719690908
66.0	19.909101607814346	29.756614231034344	31.0472369018331	19.285926440672267	0.001120818645938994
67.0	20.374705945102267	29.63680360220759	30.385204898014184	19.602162672011588	0.001122882664375986
68.0	19.08830146231721	30.358830146231718	30.293588301462314	20.258155230596174	0.001124859392575928
69.0	19.532090607448467	30.676063161571264	30.476641147408923	19.314641744548286	5.633390230574663E-4
70.0	19.849637640259182	30.29485471744971	29.963538256609397	19.89084053913711	0.001128846544600727
71.0	19.512167534766405	30.152186084389477	30.56050400683169	19.774011299435028	0.001131074577402261
72.0	19.99932004011763	29.969231815322892	30.02759503855939	20.00271983952947	0.0011332664706115673
73.0	19.592722151553698	29.59351717245139	31.146647283300016	19.665977648555334	0.0011357441395602398
74.0	19.97302787688421	30.14732241929702	30.752772609069233	19.125739030483054	0.0011380642664891286
75.0	20.08551881413911	30.82896237172178	29.771949828962374	19.313568985176737	0.0
76.0	20.183161274473395	30.386146928935027	30.07192764958266	19.358192839228277	5.713077806406646E-4
77.0	19.856881154110372	30.532402106709412	29.94504236317838	19.66510190061827	5.724753835585069E-4
78.0	19.43518831835466	30.372392592295206	30.60639255788345	19.585453002139264	5.735293274221577E-4
79.0	19.594276191023503	29.022469972990056	31.796448479972415	19.58623067639791	5.746796161140164E-4
80.0	19.82662788353541	30.788814330558996	29.682919102612104	19.701062696195606	5.759870978890073E-4
81.0	19.68615274515349	30.431871829352048	29.88474568445596	19.996075466471208	0.0011542745672913216
82.0	19.200444261906277	30.90917504960346	29.76034152634045	20.129460696126014	5.784660237980922E-4
83.0	20.170382054791343	30.250063791783617	30.138138207798836	19.43967616970934	0.0017397759168619083
84.0	19.87346115152678	29.135337252781124	31.33173996731855	19.658298587486843	0.001163040886702372
85.0	19.98308840681129	30.320737112199676	30.142873804525312	19.553300676463728	0.0
86.0	19.945864731983654	30.44670365325367	30.15907350353399	19.44777349710324	5.84614125446499E-4
87.0	19.43028257328036	31.476858525837116	29.976676863213903	19.1150100207447	0.0011720169239243813
88.0	19.401976567916613	30.414115656251102	30.78428146703174	19.399626308800546	0.0
89.0	19.45872418605473	29.77370289893476	30.876040065716253	19.890943993970122	5.888553241354132E-4
90.0	19.297033678144633	30.529970242312597	30.343984696046476	19.828420953190683	5.904303056067262E-4
91.0	19.497711758541683	29.942512743699197	30.480678716690253	20.079096781068873	0.0
92.0	19.262514102487977	31.37462145953328	30.172792589513687	19.190071848465056	0.0
93.0	19.605542884705855	30.808625176415944	30.176207518743265	19.40962442013494	0.0
94.0	19.91841025426614	30.065164284477042	30.618851651206825	19.39757381004999	0.0
95.0	19.68083512611387	29.95571482504659	30.469878290676146	19.893571758163393	0.0
96.0	19.236643975657277	30.704423544127195	30.720058691939478	19.338873788276047	0.0
97.0	20.007118468202165	29.328088992917728	30.976195359723945	19.688597179156158	0.0
98.0	19.7355756133883	30.421517171240215	30.633395686153435	19.209511529218048	0.0
99.0	20.20720354165022	30.19086774074052	30.080950269935446	19.520978447673816	0.0
100.0	19.894770855306877	30.06346670893716	30.415246642239197	19.626515793516763	0.0
101.0	20.021662903196198	29.873388286121667	30.312153867807336	19.792794942874803	0.0
102.0	19.60283130161227	29.889033621706645	31.310214313802597	19.19792076287849	0.0
103.0	19.603876117221088	30.197198388857704	30.01523553395303	20.18368995996817	0.0
104.0	19.458659100201963	30.543199474642847	30.40442588623044	19.59371553892475	0.0
105.0	20.19395251335834	30.591996815147954	30.10493838679779	19.109112284695914	0.0
106.0	20.318735051488453	29.877664191640697	30.09248562132727	19.71111513554358	0.0
107.0	19.46876018962101	29.56745842634628	30.734405176954528	20.229376207078182	0.0
108.0	19.019695528667796	30.613414626465197	30.816227553584813	19.55066229128219	0.0
109.0	20.07867790757243	29.786924541309062	30.81530297951465	19.319094571603852	0.0
110.0	19.43726052118216	30.483628068347173	30.474732006125578	19.60437940434509	0.0
111.0	19.427101288287943	30.70887756795751	30.405638334546293	19.458382809208256	0.0
112.0	19.248696856426598	29.233373298540094	31.175425885913228	20.34250395912008	0.0
113.0	19.446932161564877	29.887182923450617	31.361987539221815	19.30389737576269	0.0
114.0	19.86645271494384	30.254542160567315	30.64017288679538	19.23883223769346	0.0
115.0	20.010398726156044	30.072466122899943	30.302537939102457	19.61459721184155	0.0
116.0	19.685563745813283	30.498880277873898	30.299746022211632	19.515809954101186	0.0
117.0	19.829491425386102	30.119683903334753	30.393153424927043	19.657671246352102	0.0
118.0	20.247212764976656	29.589800662482794	30.32603899824172	19.836947574298826	0.0
119.0	19.718514698979963	30.08349364377367	30.770349509813645	19.42764214743272	0.0
120.0	20.0399750322058	29.770110362962665	30.800031873779833	19.389882731051703	0.0
121.0	19.34823352075288	30.325949936971007	30.806837812060216	19.5189787302159	0.0
122.0	19.408615479452973	30.492552414518602	30.29421815428529	19.80461395174313	0.0
123.0	19.817030070885703	29.962503954923964	30.105217806918926	20.115248167271403	0.0
124.0	20.07953092982207	29.290511067378116	30.849344343227358	19.780613659572456	0.0
125.0	19.43005885631176	29.92360912884503	31.088501950549823	19.557830064293384	0.0
126.0	19.390710382513664	29.327868852459016	31.342896174863387	19.938524590163933	0.0
127.0	19.912023661654807	29.523541562300558	31.026413488790222	19.538021287254413	0.0
128.0	20.179069061611898	30.237563115636124	30.114780785255086	19.468587037496896	0.0
129.0	20.024812691899836	29.701069440882723	30.663774162918195	19.61034370429925	0.0
130.0	20.089487953276695	30.16176132364113	30.01052389481681	19.738226828265372	0.0
131.0	19.88846932556168	29.627787391149003	30.707365087816395	19.77637819547292	0.0
132.0	19.522950773479106	30.09876299698498	31.351968215503394	19.02631801403252	0.0
133.0	19.99149509195932	30.13855912682944	29.877033204578474	19.992912576632765	0.0
134.0	19.777468706536858	30.11090902606897	30.449698655540104	19.66192361185407	0.0
135.0	19.650987432675045	29.759425493716336	30.861759425493716	19.7278276481149	0.0
136.0	19.935224076979242	30.139600789456562	30.164180938817115	19.760994194747077	0.0
137.0	19.87242037196161	29.461281913111865	30.479297438212722	20.187000276713803	0.0
138.0	20.360006161474647	29.873616418862913	30.822776917942363	18.943600501720077	0.0
139.0	19.754629355735666	29.14201621014021	30.976749689404247	20.126604744719874	0.0
140.0	19.86635807077796	30.017918470957145	30.680155293414963	19.434821561893383	7.466029565477079E-4
141.0	19.63664359522066	29.96822329738012	30.744148482492623	19.65022983387049	7.547910361016553E-4
142.0	20.03086490492234	29.12608008067658	30.88094856103841	19.960578487772455	0.0015279655902149082
143.0	20.672145127529266	28.54407318396775	30.81634235212032	19.965888828591364	0.0015505077913016514
144.0	20.210230590760585	28.2493410565192	31.899966855537492	19.63888318944428	0.0015783077384428415
145.0	20.28726475749905	28.47738356153305	31.57728732136936	19.65563813698453	0.0024262226140122443
146.0	20.484831182353286	27.403793673851528	32.560268025828556	19.550267438052614	8.396799140167767E-4
147.0	22.02400201214473	25.379971973698396	32.41798713664619	20.17803887751069	0.0
148.0	24.380843120087754	21.063913292878063	34.86701083839024	19.688232748643944	0.0
149.0	28.509227713394985	9.20272030096947	40.434879835834835	21.853172149800713	0.0
150.0	33.107176036710676	0.0	34.94552518228654	31.947298781002786	0.0
