#Insert size (bp)	insert size
19.0	245.0
20.0	47.0
21.0	54.0
22.0	27.0
23.0	3.0
24.0	4.0
25.0	3.0
26.0	3.0
27.0	13.0
28.0	26.0
29.0	29.0
30.0	44.0
31.0	44.0
32.0	61.0
33.0	105.0
34.0	96.0
35.0	135.0
36.0	94.0
37.0	76.0
38.0	69.0
39.0	95.0
40.0	117.0
41.0	169.0
42.0	224.0
43.0	273.0
44.0	323.0
45.0	284.0
46.0	160.0
47.0	123.0
48.0	106.0
49.0	135.0
50.0	187.0
51.0	241.0
52.0	259.0
53.0	257.0
54.0	334.0
55.0	301.0
56.0	250.0
57.0	162.0
58.0	135.0
59.0	155.0
60.0	228.0
61.0	261.0
62.0	329.0
63.0	348.0
64.0	344.0
65.0	351.0
66.0	294.0
67.0	221.0
68.0	206.0
69.0	177.0
70.0	232.0
71.0	281.0
72.0	355.0
73.0	354.0
74.0	413.0
75.0	423.0
76.0	362.0
77.0	322.0
78.0	206.0
79.0	193.0
80.0	233.0
81.0	280.0
82.0	335.0
83.0	370.0
84.0	426.0
85.0	456.0
86.0	434.0
87.0	347.0
88.0	273.0
89.0	231.0
90.0	233.0
91.0	297.0
92.0	341.0
93.0	448.0
94.0	463.0
95.0	506.0
96.0	503.0
97.0	426.0
98.0	367.0
99.0	284.0
100.0	235.0
101.0	303.0
102.0	358.0
103.0	397.0
104.0	517.0
105.0	547.0
106.0	588.0
107.0	503.0
108.0	449.0
109.0	348.0
110.0	359.0
111.0	353.0
112.0	341.0
113.0	446.0
114.0	560.0
115.0	583.0
116.0	597.0
117.0	579.0
118.0	533.0
119.0	435.0
120.0	370.0
121.0	363.0
122.0	380.0
123.0	398.0
124.0	556.0
125.0	639.0
126.0	669.0
127.0	645.0
128.0	589.0
129.0	557.0
130.0	476.0
131.0	436.0
132.0	467.0
133.0	539.0
134.0	535.0
135.0	696.0
136.0	716.0
137.0	639.0
138.0	691.0
139.0	616.0
140.0	537.0
141.0	527.0
142.0	484.0
143.0	515.0
144.0	582.0
145.0	711.0
146.0	786.0
147.0	847.0
148.0	813.0
149.0	790.0
150.0	651.0
151.0	562.0
152.0	565.0
153.0	580.0
154.0	666.0
155.0	762.0
156.0	808.0
157.0	923.0
158.0	904.0
159.0	808.0
160.0	791.0
161.0	683.0
162.0	641.0
163.0	683.0
164.0	657.0
165.0	794.0
166.0	919.0
167.0	940.0
168.0	1028.0
169.0	999.0
170.0	928.0
171.0	848.0
172.0	809.0
173.0	777.0
174.0	724.0
175.0	855.0
176.0	939.0
177.0	1024.0
178.0	1095.0
179.0	1073.0
180.0	1065.0
181.0	1001.0
182.0	898.0
183.0	853.0
184.0	848.0
185.0	909.0
186.0	1036.0
187.0	1164.0
188.0	1223.0
189.0	1290.0
190.0	1218.0
191.0	1109.0
192.0	1043.0
193.0	1007.0
194.0	917.0
195.0	983.0
196.0	1112.0
197.0	1208.0
198.0	1348.0
199.0	1311.0
200.0	1339.0
201.0	1281.0
202.0	1258.0
203.0	1207.0
204.0	1074.0
205.0	1238.0
206.0	1142.0
207.0	1239.0
208.0	1387.0
209.0	1494.0
210.0	1466.0
211.0	1426.0
212.0	1401.0
213.0	1315.0
214.0	1305.0
215.0	1278.0
216.0	1264.0
217.0	1489.0
218.0	1459.0
219.0	1612.0
220.0	1650.0
221.0	1670.0
222.0	1579.0
223.0	1523.0
224.0	1470.0
225.0	1382.0
226.0	1485.0
227.0	1572.0
228.0	1676.0
229.0	1751.0
230.0	1881.0
231.0	1825.0
232.0	1848.0
233.0	1714.0
234.0	1720.0
235.0	1661.0
236.0	1672.0
237.0	1717.0
238.0	1724.0
239.0	1809.0
240.0	2004.0
241.0	1926.0
242.0	2052.0
243.0	1977.0
244.0	1905.0
245.0	1793.0
246.0	1796.0
247.0	1778.0
248.0	1923.0
249.0	2015.0
250.0	2078.0
251.0	2161.0
252.0	2191.0
253.0	2119.0
254.0	2090.0
255.0	2054.0
256.0	1980.0
257.0	1895.0
258.0	2193.0
259.0	2123.0
260.0	2252.0
261.0	2277.0
262.0	2256.0
263.0	2302.0
264.0	2214.0
265.0	2200.0
266.0	2156.0
267.0	2121.0
268.0	2209.0
269.0	2283.0
270.0	2373.0
271.0	2504.0
272.0	2497.0
273.0	2463.0
274.0	2492.0
275.0	2420.0
276.0	2450.0
277.0	2365.0
278.0	2306.0
279.0	2372.0
280.0	2579.0
281.0	2582.0
282.0	2644.0
283.0	2702.0
284.0	2591.0
285.0	2549.0
286.0	2548.0
287.0	2474.0
288.0	2637.0
289.0	2582.0
290.0	2703.0
291.0	2757.0
292.0	2723.0
293.0	2836.0
294.0	2906.0
295.0	2804.0
296.0	2855.0
297.0	2851.0
298.0	2671.0
299.0	2662.0
300.0	2705.0
301.0	2850.0
302.0	2982.0
303.0	3062.0
304.0	2932.0
305.0	2977.0
306.0	2895.0
307.0	2890.0
308.0	2779.0
309.0	2805.0
310.0	2832.0
311.0	2938.0
312.0	2917.0
313.0	3110.0
314.0	3016.0
315.0	3039.0
316.0	3021.0
317.0	2987.0
318.0	2879.0
319.0	2855.0
320.0	2905.0
321.0	2972.0
322.0	3062.0
323.0	3055.0
324.0	3053.0
325.0	3068.0
326.0	3186.0
327.0	3122.0
328.0	2951.0
329.0	3017.0
330.0	2980.0
331.0	2958.0
332.0	3149.0
333.0	3083.0
334.0	3232.0
335.0	3138.0
336.0	3085.0
337.0	3172.0
338.0	3007.0
339.0	2913.0
340.0	3015.0
341.0	2875.0
342.0	3142.0
343.0	3140.0
344.0	3111.0
345.0	3141.0
346.0	3133.0
347.0	3076.0
348.0	3065.0
349.0	2979.0
350.0	2991.0
351.0	2957.0
352.0	2967.0
353.0	3069.0
354.0	3151.0
355.0	3052.0
356.0	2881.0
357.0	3096.0
358.0	3197.0
359.0	3043.0
360.0	3002.0
361.0	2885.0
362.0	2941.0
363.0	2910.0
364.0	3085.0
365.0	3007.0
366.0	3033.0
367.0	3048.0
368.0	2933.0
369.0	3043.0
370.0	2909.0
371.0	2842.0
372.0	2863.0
373.0	2862.0
374.0	2899.0
375.0	2840.0
376.0	2933.0
377.0	2998.0
378.0	2906.0
379.0	2951.0
380.0	2825.0
381.0	2778.0
382.0	2753.0
383.0	2735.0
384.0	2800.0
385.0	2794.0
386.0	2756.0
387.0	2868.0
388.0	2811.0
389.0	2810.0
390.0	2709.0
391.0	2656.0
392.0	2589.0
393.0	2705.0
394.0	2706.0
395.0	2667.0
396.0	2705.0
397.0	2712.0
398.0	2717.0
399.0	2707.0
400.0	2618.0
401.0	2589.0
402.0	2578.0
403.0	2635.0
404.0	2496.0
405.0	2605.0
406.0	2552.0
407.0	2646.0
408.0	2608.0
409.0	2519.0
410.0	2443.0
411.0	2525.0
412.0	2485.0
413.0	2457.0
414.0	2481.0
415.0	2408.0
416.0	2487.0
417.0	2433.0
418.0	2491.0
419.0	2474.0
420.0	2402.0
421.0	2417.0
422.0	2298.0
423.0	2306.0
424.0	2341.0
425.0	2339.0
426.0	2320.0
427.0	2279.0
428.0	2257.0
429.0	2349.0
430.0	2336.0
431.0	2165.0
432.0	2099.0
433.0	2189.0
434.0	2146.0
435.0	2115.0
436.0	2151.0
437.0	2131.0
438.0	2168.0
439.0	2202.0
440.0	2097.0
441.0	2212.0
442.0	2137.0
443.0	2115.0
444.0	1978.0
445.0	2028.0
446.0	2043.0
447.0	2008.0
448.0	2121.0
449.0	2015.0
450.0	2032.0
451.0	1960.0
452.0	1905.0
453.0	2045.0
454.0	1897.0
455.0	1896.0
456.0	1889.0
457.0	1880.0
458.0	1902.0
459.0	1974.0
460.0	2048.0
461.0	1860.0
462.0	1818.0
463.0	1823.0
464.0	1731.0
465.0	1757.0
466.0	1795.0
467.0	1735.0
468.0	1789.0
469.0	1715.0
470.0	1836.0
471.0	1757.0
472.0	1717.0
473.0	1814.0
474.0	1756.0
475.0	1616.0
476.0	1725.0
477.0	1692.0
478.0	1564.0
479.0	1660.0
480.0	1722.0
481.0	1620.0
482.0	1610.0
483.0	1560.0
484.0	1586.0
485.0	1570.0
486.0	1591.0
487.0	1571.0
488.0	1530.0
489.0	1526.0
490.0	1566.0
491.0	1593.0
492.0	1567.0
493.0	1553.0
494.0	1484.0
495.0	1358.0
496.0	1451.0
497.0	1493.0
498.0	1435.0
499.0	1489.0
500.0	1462.0
501.0	1481.0
502.0	1497.0
503.0	1344.0
504.0	1455.0
505.0	1383.0
506.0	1387.0
507.0	1467.0
508.0	1342.0
509.0	1394.0
510.0	1368.0
511.0	1469.0
512.0	1318.0
513.0	1347.0
514.0	1327.0
515.0	1341.0
516.0	1357.0
517.0	1300.0
518.0	1267.0
519.0	1273.0
520.0	1272.0
521.0	1273.0
522.0	1341.0
523.0	1256.0
524.0	1169.0
525.0	1293.0
526.0	1226.0
527.0	1234.0
528.0	1140.0
529.0	1180.0
530.0	1167.0
531.0	1252.0
532.0	1247.0
533.0	1123.0
534.0	1239.0
535.0	1232.0
536.0	1105.0
537.0	1124.0
538.0	1120.0
539.0	1162.0
540.0	1119.0
541.0	1148.0
542.0	1104.0
543.0	1169.0
544.0	1103.0
545.0	1066.0
546.0	1126.0
547.0	1062.0
548.0	1026.0
549.0	1096.0
550.0	1045.0
551.0	1074.0
552.0	1074.0
553.0	1011.0
554.0	1020.0
555.0	1000.0
556.0	970.0
557.0	965.0
558.0	926.0
559.0	961.0
560.0	954.0
561.0	993.0
562.0	986.0
563.0	992.0
564.0	979.0
565.0	968.0
566.0	940.0
567.0	947.0
568.0	893.0
569.0	963.0
570.0	892.0
571.0	922.0
572.0	897.0
573.0	930.0
574.0	1005.0
575.0	919.0
576.0	878.0
577.0	872.0
578.0	888.0
579.0	857.0
580.0	861.0
581.0	903.0
582.0	858.0
583.0	841.0
584.0	914.0
585.0	892.0
586.0	797.0
587.0	822.0
588.0	819.0
589.0	782.0
590.0	809.0
591.0	760.0
592.0	806.0
593.0	738.0
594.0	745.0
595.0	824.0
596.0	786.0
597.0	780.0
598.0	756.0
599.0	740.0
600.0	755.0
601.0	724.0
602.0	683.0
603.0	751.0
604.0	729.0
605.0	751.0
606.0	749.0
607.0	724.0
608.0	755.0
609.0	656.0
610.0	736.0
611.0	686.0
612.0	731.0
613.0	671.0
614.0	671.0
615.0	685.0
616.0	701.0
617.0	687.0
618.0	690.0
619.0	632.0
620.0	651.0
621.0	590.0
622.0	638.0
623.0	653.0
624.0	637.0
625.0	633.0
626.0	617.0
627.0	693.0
628.0	623.0
629.0	631.0
630.0	635.0
631.0	569.0
632.0	620.0
633.0	559.0
634.0	597.0
635.0	590.0
636.0	557.0
637.0	537.0
638.0	569.0
639.0	555.0
640.0	555.0
641.0	490.0
642.0	540.0
643.0	520.0
644.0	574.0
645.0	555.0
646.0	483.0
647.0	556.0
648.0	501.0
649.0	518.0
650.0	512.0
651.0	506.0
652.0	532.0
653.0	542.0
654.0	468.0
655.0	475.0
656.0	483.0
657.0	512.0
658.0	449.0
659.0	486.0
660.0	480.0
661.0	459.0
662.0	447.0
663.0	459.0
664.0	461.0
665.0	451.0
666.0	425.0
667.0	443.0
668.0	482.0
669.0	442.0
670.0	449.0
671.0	416.0
672.0	429.0
673.0	415.0
674.0	413.0
675.0	396.0
676.0	461.0
677.0	396.0
678.0	443.0
679.0	392.0
680.0	426.0
681.0	438.0
682.0	394.0
683.0	416.0
684.0	398.0
685.0	399.0
686.0	394.0
687.0	363.0
688.0	348.0
689.0	370.0
690.0	346.0
691.0	375.0
692.0	360.0
693.0	363.0
694.0	377.0
695.0	342.0
696.0	369.0
697.0	307.0
698.0	382.0
699.0	348.0
700.0	361.0
701.0	354.0
702.0	333.0
703.0	362.0
704.0	337.0
705.0	330.0
706.0	320.0
707.0	344.0
708.0	334.0
709.0	311.0
710.0	280.0
711.0	311.0
712.0	280.0
713.0	314.0
714.0	284.0
715.0	322.0
716.0	271.0
717.0	279.0
718.0	250.0
719.0	311.0
720.0	268.0
721.0	302.0
722.0	275.0
723.0	285.0
724.0	251.0
725.0	272.0
726.0	274.0
727.0	267.0
728.0	224.0
729.0	258.0
730.0	242.0
731.0	247.0
732.0	281.0
733.0	225.0
734.0	233.0
735.0	250.0
736.0	240.0
737.0	229.0
738.0	212.0
739.0	251.0
740.0	217.0
741.0	265.0
742.0	236.0
743.0	217.0
744.0	233.0
745.0	199.0
746.0	209.0
747.0	212.0
748.0	222.0
749.0	180.0
750.0	210.0
751.0	228.0
752.0	199.0
753.0	175.0
754.0	212.0
755.0	205.0
756.0	202.0
757.0	188.0
758.0	204.0
759.0	201.0
760.0	161.0
761.0	178.0
762.0	180.0
763.0	160.0
764.0	165.0
765.0	197.0
766.0	187.0
767.0	200.0
768.0	170.0
769.0	156.0
770.0	166.0
771.0	152.0
772.0	175.0
773.0	155.0
774.0	152.0
775.0	147.0
776.0	167.0
777.0	163.0
778.0	141.0
779.0	164.0
780.0	134.0
781.0	156.0
782.0	115.0
783.0	155.0
784.0	145.0
785.0	141.0
786.0	161.0
787.0	148.0
788.0	140.0
789.0	125.0
790.0	144.0
791.0	150.0
792.0	127.0
793.0	129.0
794.0	100.0
795.0	101.0
796.0	120.0
797.0	109.0
798.0	99.0
799.0	108.0
800.0	93.0
801.0	105.0
802.0	96.0
803.0	113.0
804.0	108.0
805.0	100.0
806.0	114.0
807.0	103.0
808.0	103.0
809.0	78.0
810.0	112.0
811.0	105.0
812.0	108.0
813.0	89.0
814.0	84.0
815.0	87.0
816.0	98.0
817.0	83.0
818.0	92.0
819.0	94.0
820.0	71.0
821.0	80.0
822.0	95.0
823.0	89.0
824.0	79.0
825.0	66.0
826.0	84.0
827.0	75.0
828.0	60.0
829.0	72.0
830.0	75.0
831.0	78.0
832.0	70.0
833.0	68.0
834.0	69.0
835.0	62.0
836.0	52.0
837.0	76.0
838.0	82.0
839.0	54.0
840.0	57.0
841.0	67.0
842.0	62.0
843.0	79.0
844.0	55.0
845.0	61.0
846.0	50.0
847.0	58.0
848.0	68.0
849.0	50.0
850.0	65.0
851.0	55.0
852.0	47.0
853.0	38.0
854.0	39.0
855.0	56.0
856.0	40.0
857.0	43.0
858.0	58.0
859.0	56.0
860.0	46.0
861.0	35.0
862.0	31.0
863.0	46.0
864.0	46.0
865.0	34.0
866.0	44.0
867.0	34.0
868.0	48.0
869.0	26.0
870.0	31.0
871.0	42.0
872.0	39.0
873.0	37.0
874.0	37.0
875.0	39.0
876.0	30.0
877.0	28.0
878.0	28.0
879.0	36.0
880.0	29.0
881.0	29.0
882.0	30.0
883.0	31.0
884.0	32.0
885.0	34.0
886.0	38.0
887.0	28.0
888.0	23.0
889.0	30.0
890.0	35.0
891.0	21.0
892.0	24.0
893.0	21.0
894.0	23.0
895.0	31.0
896.0	22.0
897.0	29.0
898.0	29.0
899.0	21.0
900.0	24.0
901.0	19.0
902.0	26.0
903.0	26.0
904.0	19.0
905.0	24.0
906.0	23.0
907.0	28.0
908.0	16.0
909.0	21.0
910.0	10.0
911.0	28.0
912.0	22.0
913.0	14.0
914.0	15.0
915.0	21.0
916.0	15.0
917.0	11.0
918.0	16.0
919.0	9.0
920.0	12.0
921.0	11.0
922.0	9.0
923.0	15.0
924.0	15.0
925.0	21.0
926.0	21.0
927.0	18.0
928.0	17.0
929.0	7.0
930.0	20.0
931.0	11.0
932.0	11.0
933.0	16.0
934.0	11.0
