#Coverage	Number of genomic locations
0.0	158431.0
1.0	116.0
2.0	347.0
3.0	87.0
4.0	301.0
5.0	145.0
6.0	251.0
7.0	123.0
8.0	317.0
9.0	140.0
10.0	204.0
11.0	159.0
12.0	147.0
13.0	90.0
14.0	115.0
15.0	96.0
16.0	43.0
17.0	110.0
18.0	80.0
19.0	99.0
20.0	62.0
21.0	40.0
22.0	75.0
23.0	76.0
24.0	95.0
25.0	89.0
26.0	125.0
27.0	80.0
28.0	87.0
29.0	70.0
30.0	29.0
31.0	24.0
32.0	49.0
33.0	43.0
34.0	36.0
35.0	36.0
36.0	90.0
37.0	57.0
38.0	83.0
39.0	130.0
40.0	93.0
41.0	89.0
42.0	127.0
43.0	127.0
44.0	99.0
45.0	58.0
46.0	64.0
47.0	86.0
48.0	43.0
49.0	73.0
50.0	79.0
51.0	70.0
52.0	56.0
53.0	67.0
54.0	73.0
55.0	28.0
56.0	20.0
57.0	27.0
58.0	17.0
59.0	12.0
60.0	7.0
61.0	18.0
62.0	14.0
63.0	10.0
64.0	23.0
65.0	1.0
66.0	7.0
67.0	20.0
68.0	13.0
69.0	6.0
71.0	9.0
73.0	9.0
74.0	2.0
75.0	5.0
76.0	6.0
77.0	4.0
78.0	14.0
79.0	5.0
82.0	4.0
83.0	1.0
84.0	7.0
85.0	5.0
86.0	10.0
87.0	27.0
88.0	3.0
89.0	6.0
90.0	10.0
91.0	7.0
92.0	3.0
93.0	14.0
94.0	15.0
95.0	6.0
96.0	1.0
97.0	5.0
98.0	22.0
99.0	4.0
100.0	2.0
101.0	4.0
102.0	5.0
103.0	5.0
104.0	3.0
106.0	5.0
107.0	17.0
108.0	9.0
109.0	4.0
110.0	9.0
113.0	1.0
115.0	1.0
116.0	1.0
118.0	4.0
120.0	4.0
121.0	3.0
122.0	7.0
123.0	6.0
124.0	18.0
125.0	3.0
126.0	25.0
128.0	8.0
129.0	12.0
130.0	8.0
131.0	2.0
132.0	4.0
133.0	2.0
134.0	3.0
135.0	4.0
136.0	3.0
137.0	2.0
138.0	1.0
139.0	3.0
140.0	5.0
141.0	6.0
142.0	10.0
143.0	9.0
144.0	15.0
145.0	8.0
146.0	2.0
147.0	9.0
148.0	7.0
149.0	4.0
150.0	20.0
151.0	5.0
152.0	4.0
153.0	4.0
154.0	6.0
155.0	4.0
156.0	8.0
157.0	7.0
158.0	8.0
159.0	3.0
160.0	13.0
161.0	6.0
162.0	8.0
163.0	4.0
164.0	8.0
165.0	7.0
166.0	5.0
167.0	16.0
168.0	10.0
169.0	23.0
170.0	8.0
171.0	9.0
172.0	13.0
173.0	14.0
174.0	9.0
175.0	8.0
176.0	11.0
177.0	9.0
178.0	9.0
179.0	9.0
180.0	11.0
181.0	10.0
182.0	17.0
183.0	11.0
184.0	4.0
185.0	5.0
186.0	14.0
187.0	8.0
188.0	16.0
189.0	7.0
190.0	8.0
191.0	10.0
192.0	9.0
193.0	18.0
194.0	10.0
195.0	19.0
196.0	16.0
197.0	14.0
198.0	7.0
199.0	9.0
200.0	15.0
201.0	4.0
202.0	18.0
203.0	13.0
204.0	10.0
205.0	5.0
206.0	17.0
207.0	9.0
208.0	14.0
209.0	7.0
210.0	18.0
211.0	19.0
212.0	9.0
213.0	10.0
214.0	11.0
215.0	20.0
216.0	16.0
217.0	15.0
218.0	8.0
219.0	18.0
220.0	17.0
221.0	28.0
222.0	10.0
223.0	13.0
224.0	18.0
225.0	21.0
226.0	13.0
227.0	23.0
228.0	25.0
229.0	12.0
230.0	16.0
231.0	8.0
232.0	7.0
233.0	20.0
234.0	9.0
235.0	25.0
236.0	29.0
237.0	21.0
238.0	18.0
239.0	18.0
240.0	16.0
241.0	10.0
242.0	19.0
243.0	20.0
244.0	24.0
245.0	9.0
246.0	5.0
247.0	8.0
248.0	7.0
249.0	14.0
250.0	12.0
251.0	12.0
252.0	6.0
253.0	22.0
254.0	19.0
255.0	22.0
256.0	7.0
257.0	15.0
258.0	7.0
259.0	15.0
260.0	18.0
261.0	25.0
262.0	24.0
263.0	16.0
264.0	13.0
265.0	18.0
266.0	9.0
267.0	15.0
268.0	4.0
269.0	7.0
270.0	17.0
271.0	20.0
272.0	24.0
273.0	25.0
274.0	13.0
275.0	7.0
276.0	9.0
277.0	14.0
278.0	16.0
279.0	10.0
280.0	6.0
281.0	9.0
282.0	12.0
283.0	13.0
284.0	11.0
285.0	15.0
286.0	11.0
287.0	11.0
288.0	15.0
289.0	14.0
290.0	10.0
291.0	4.0
292.0	12.0
293.0	6.0
294.0	8.0
295.0	9.0
296.0	7.0
297.0	8.0
298.0	7.0
299.0	6.0
300.0	7.0
301.0	11.0
302.0	9.0
303.0	14.0
304.0	7.0
305.0	4.0
306.0	1.0
307.0	10.0
308.0	1.0
309.0	2.0
310.0	1.0
311.0	1.0
312.0	4.0
313.0	5.0
314.0	8.0
315.0	8.0
316.0	6.0
317.0	10.0
318.0	9.0
319.0	10.0
320.0	10.0
321.0	10.0
322.0	11.0
323.0	10.0
324.0	12.0
325.0	8.0
326.0	7.0
327.0	11.0
328.0	11.0
329.0	9.0
330.0	8.0
331.0	4.0
332.0	5.0
333.0	5.0
334.0	5.0
335.0	5.0
336.0	4.0
337.0	6.0
338.0	1.0
339.0	4.0
340.0	3.0
341.0	2.0
342.0	3.0
343.0	7.0
344.0	1.0
345.0	3.0
346.0	1.0
347.0	8.0
348.0	7.0
349.0	5.0
350.0	4.0
351.0	2.0
352.0	1.0
354.0	1.0
355.0	7.0
356.0	2.0
357.0	4.0
358.0	10.0
359.0	3.0
360.0	2.0
361.0	4.0
362.0	5.0
363.0	3.0
364.0	4.0
365.0	9.0
366.0	5.0
367.0	2.0
368.0	4.0
369.0	3.0
370.0	1.0
371.0	6.0
372.0	10.0
373.0	9.0
374.0	4.0
375.0	4.0
376.0	1.0
377.0	4.0
378.0	9.0
379.0	8.0
380.0	2.0
381.0	4.0
382.0	5.0
383.0	4.0
384.0	6.0
385.0	8.0
386.0	4.0
387.0	3.0
388.0	7.0
389.0	5.0
390.0	1.0
391.0	1.0
392.0	2.0
393.0	4.0
394.0	4.0
395.0	2.0
396.0	2.0
397.0	4.0
398.0	3.0
399.0	3.0
400.0	5.0
401.0	6.0
403.0	5.0
404.0	6.0
405.0	4.0
406.0	4.0
407.0	7.0
408.0	4.0
410.0	1.0
411.0	4.0
412.0	7.0
413.0	4.0
414.0	3.0
415.0	1.0
416.0	5.0
417.0	1.0
418.0	9.0
419.0	5.0
420.0	6.0
421.0	4.0
422.0	3.0
423.0	3.0
424.0	10.0
425.0	4.0
426.0	3.0
427.0	4.0
428.0	5.0
429.0	4.0
430.0	2.0
431.0	11.0
432.0	4.0
433.0	2.0
434.0	7.0
435.0	8.0
436.0	8.0
437.0	11.0
438.0	3.0
439.0	8.0
440.0	2.0
441.0	5.0
442.0	4.0
443.0	5.0
444.0	10.0
445.0	9.0
446.0	6.0
447.0	3.0
448.0	4.0
449.0	2.0
450.0	7.0
451.0	8.0
452.0	7.0
453.0	5.0
454.0	4.0
455.0	11.0
456.0	5.0
457.0	3.0
458.0	8.0
459.0	4.0
460.0	3.0
461.0	1.0
462.0	4.0
463.0	4.0
464.0	7.0
465.0	2.0
467.0	4.0
468.0	1.0
469.0	3.0
470.0	1.0
471.0	4.0
472.0	4.0
474.0	3.0
482.0	1.0
483.0	1.0
484.0	2.0
485.0	3.0
486.0	1.0
487.0	5.0
488.0	5.0
489.0	4.0
490.0	1.0
492.0	3.0
493.0	3.0
494.0	6.0
495.0	4.0
496.0	3.0
497.0	2.0
498.0	2.0
499.0	1.0
500.0	7.0
501.0	3.0
502.0	1.0
503.0	3.0
504.0	4.0
505.0	6.0
506.0	3.0
507.0	4.0
509.0	2.0
510.0	2.0
512.0	2.0
513.0	2.0
514.0	1.0
515.0	2.0
516.0	3.0
518.0	1.0
531.0	1.0
532.0	2.0
536.0	1.0
