#Position (bp)	insert size
6876.0	2200.5875584322184
20627.0	379.6048454469507
34378.0	367.6924296472453
48129.0	1525.2935222672065
61880.0	382.2831362787803
75631.0	373.905078125
89382.0	488.72741870734643
103133.0	373.9950419527079
116884.0	375.34808376135913
130635.0	377.90373280943027
144386.0	367.04643584521386
158137.0	375.1122778675283
171888.0	372.899721448468
185639.0	375.93535353535356
199390.0	1458.1191770186335
213141.0	370.2135539795114
226892.0	377.36117136659436
240643.0	966.820747217806
254394.0	376.81269716088326
268145.0	2072.13152486642
281896.0	1809.1172030194675
295647.0	42065.87074030552
309398.0	1449.6750663129974
323149.0	370.38957055214723
336900.0	371.88191738113795
350651.0	375.646017699115
364402.0	380.29303640862497
378153.0	380.1013587954462
391904.0	374.02635914332785
405655.0	374.79006211180126
419406.0	573.2902127659574
433157.0	378.9824185248714
446908.0	376.56822982678494
460659.0	369.1767909509845
474410.0	369.6874469889737
488161.0	373.9745833333333
501912.0	424.1641129032258
515663.0	373.294045174538
529414.0	370.85616438356163
543165.0	372.9215283483977
556916.0	367.22089552238805
570667.0	379.4570004154549
584418.0	384.6554890219561
598169.0	380.6456400742115
611920.0	378.16450040617383
625671.0	370.7860187553282
639422.0	367.15989399293284
653173.0	373.5550373134328
666924.0	1176.0941176470587
680675.0	375.14612403100773
694426.0	374.6411837237978
708177.0	375.6227786752827
721928.0	1040.5715583825533
735679.0	380.82383012190326
749430.0	376.4031951312286
763181.0	374.75383228133455
776932.0	2698.678032148076
790683.0	18973.156518185533
804434.0	392.78343592613317
818185.0	374.6473087818697
831936.0	379.5320538995508
845687.0	2059.655887230514
859438.0	375.86717352415025
873189.0	380.93424768051636
886940.0	909.1086691086691
900691.0	372.4687089715536
914442.0	368.7808917197452
928193.0	372.22905525846704
941944.0	378.07994389901825
955695.0	373.56612832824095
969446.0	1996.063231850117
983197.0	377.7757281553398
996948.0	376.4482150727193
1010699.0	378.6011823556162
1024450.0	375.87609147609146
1038201.0	374.5401019935095
1051952.0	382.2809439002671
1065703.0	1906.6176078257004
1079454.0	379.3857777777778
1093205.0	373.3245735361918
1106956.0	373.0
1120707.0	2569.831483764899
1134458.0	377.5182186234818
1148209.0	381.1762573629361
1161960.0	377.2597928860873
1175711.0	372.39033287733696
1189462.0	370.99028182701653
1203213.0	374.4360231832367
1216964.0	374.482158028887
1230715.0	375.0586843350686
1244466.0	377.03551912568304
1258217.0	379.1286652078775
1271968.0	831.1412718736663
1285719.0	371.93106660456453
1299470.0	375.28864503816794
1313221.0	375.08532110091744
1326972.0	381.10952600092037
1340723.0	369.00954653937947
1354474.0	376.91353919239907
1368225.0	379.62449709432275
1381976.0	383.3228383458647
1395727.0	382.4836173001311
1409478.0	372.15175879396986
1423229.0	380.57013379369874
1436980.0	379.0509473684211
1450731.0	374.8695450324977
1464482.0	380.585959313921
1478233.0	383.88492569002125
1491984.0	379.3319094404101
1505735.0	374.67183826986366
1519486.0	378.0681423611111
1533237.0	378.3612009237875
1546988.0	367.58489681050656
1560739.0	372.11767337807606
1574490.0	377.83395599833955
1588241.0	367.864168618267
1601992.0	377.94845814977975
1615743.0	379.7109602327837
1629494.0	380.4516587677725
1643245.0	375.9810662680618
1656996.0	382.48226623675725
1670747.0	375.49885583524025
1684498.0	374.72156505914467
1698249.0	380.80268022181144
1712000.0	371.5693228926762
1725751.0	376.8433852140078
1739502.0	375.37314148681054
1753253.0	365.955533097524
1767004.0	373.909376401974
1780755.0	380.1449608835711
1794506.0	372.2752081406106
1808257.0	376.08256880733944
1822008.0	371.925219941349
1835759.0	372.9113277623027
1849510.0	388.95855680156023
1863261.0	1393.2013986013985
1877012.0	377.27034677990093
1890763.0	373.1663366336634
1904514.0	444.72812180143296
1918265.0	354.50068027210887
1932016.0	380.41675338189384
1945767.0	373.4784417549168
1959518.0	364.4983573414203
1973269.0	385.43162633652224
1987020.0	379.0152380952381
2000771.0	375.45581395348836
2014522.0	383.0499312872194
2028273.0	374.4750235626767
2042024.0	373.64848762603117
2055775.0	378.6229353468617
2069526.0	380.9615918556224
2083277.0	386.6304849884527
2097028.0	376.86078782453
2110779.0	371.85847208619003
2124530.0	375.57513513513516
2138281.0	380.53973650658736
2152032.0	377.1282984531392
2165783.0	386.5943600867679
2179534.0	378.32554945054943
2193285.0	377.5544157002676
2207036.0	374.2717234757561
2220787.0	384.20837253057385
2234538.0	371.0736698499318
2248289.0	374.37416267942587
2262040.0	381.0920060331825
2275791.0	382.90249140893474
2289542.0	379.9295051353875
2303293.0	372.55840455840456
2317044.0	374.88296860133204
2330795.0	416.97743902439026
2344546.0	380.04936530324403
2358297.0	376.28761061946904
2372048.0	378.1067338524966
2385799.0	374.98616874135547
2399550.0	371.60725623582766
2413301.0	374.62782859894077
2427052.0	372.25884086444006
2440803.0	385.0996184824078
2454554.0	372.25461613216714
2468305.0	378.76402640264024
2482056.0	375.52494481236204
2495807.0	391.9574712643678
2509558.0	1697.3365292425694
2523309.0	378.8311748381129
2537060.0	368.8649373881932
2550811.0	372.5371782650143
2564562.0	374.7923110914715
2578313.0	373.3009478672986
2592064.0	377.508524111057
2605815.0	367.3811059907834
2619566.0	372.2168788307402
2633317.0	376.88382978723405
2647068.0	372.2293729372937
2660819.0	375.23967684021545
2674570.0	379.06293706293707
2688321.0	375.2704309063893
2702072.0	370.3527221963704
2715823.0	376.319430814524
2729574.0	376.8892538714219
2743325.0	364.4719894133216
2757076.0	374.31711481007255
2770827.0	375.63118040089086
2784578.0	377.66119005328596
2798329.0	370.3739213806328
2812080.0	377.3541476754786
2825831.0	380.32443438914027
2839582.0	381.8604440416855
2853333.0	375.58575770733825
2867084.0	371.2466346153846
2880835.0	1324.1703771013176
2894586.0	379.9030303030303
2908337.0	378.8104203152364
2922088.0	377.1364513018322
2935839.0	373.1707209199469
2949590.0	378.9795221843003
2963341.0	378.19829337667613
2977092.0	373.19223907225694
2990843.0	374.4494577006508
3004594.0	379.6525011066844
3018345.0	378.00083542188804
3032096.0	1070.9438369781312
3045847.0	818.0657276995305
3059598.0	381.4090106007067
3073349.0	381.4498933901919
3087100.0	375.28541226215646
3100851.0	380.9631622516556
3114602.0	376.7840722495895
3128353.0	373.2331950207469
3142104.0	373.138468013468
3155855.0	373.7067969791204
3169606.0	373.2980243799916
3183357.0	381.10164487557995
3197108.0	376.0667233319167
3210859.0	381.4075829383886
3224610.0	378.301775147929
3238361.0	375.2780531771068
3252112.0	376.3806027820711
3265863.0	864.4779029462738
3279614.0	378.766516208453
3293365.0	374.5847245409015
3307116.0	372.76520572450806
3320867.0	380.2776432606941
3334618.0	381.8246336996337
3348369.0	392.9335918565196
3362120.0	381.65784671532845
3375871.0	807.5561983471074
3389622.0	368.4228018510728
3403373.0	387.90877648076093
3417124.0	377.92809083263245
3430875.0	369.7535181236674
3444626.0	381.3168740279938
3458377.0	377.489954899549
3472128.0	379.0057293962098
3485879.0	370.9900947459087
3499630.0	374.74032187907784
3513381.0	376.31953924914677
3527132.0	373.8964110929853
3540883.0	368.2125420875421
3554634.0	381.0533864541833
3568385.0	377.3365893365893
3582136.0	372.3611437524481
3595887.0	377.031035872632
3609638.0	375.4837559429477
3623389.0	376.05341365461845
3637140.0	378.2036409822185
3650891.0	361.8719927371766
3664642.0	370.91576313594663
3678393.0	376.4308489438023
3692144.0	370.101461038961
3705895.0	375.4887354651163
3719646.0	373.2810011376564
3733397.0	373.5650205761317
3747148.0	385.91277013752455
3760899.0	2004.1567589576548
3774650.0	376.84105431309905
3788401.0	380.9744510978044
3802152.0	375.25547747002895
3815903.0	372.31281407035175
3829654.0	491.88502994011975
3843405.0	377.0204870506378
3857156.0	376.0340990667624
3870907.0	375.86947218259627
3884658.0	5780.295921593424
3898409.0	371.6080542264753
3912160.0	371.1923839746132
3925911.0	372.8847926267281
3939662.0	378.62912621359226
3953413.0	373.90898008939456
3967164.0	376.02139037433153
3980915.0	363.3338683788122
3994666.0	373.9481566820277
4008417.0	376.752343186734
4022168.0	374.73168023686156
4035919.0	369.31606636989073
4049670.0	365.0785054575987
4063421.0	373.58658536585364
4077172.0	379.5867799113737
4090923.0	781.1261219792865
4104674.0	379.2505204718945
4118425.0	379.5265995686556
4132176.0	368.8
4145927.0	380.2354923249719
4159678.0	376.2825028100412
4173429.0	375.10403726708074
4187180.0	378.88167802079596
4200931.0	377.5146332193082
4214682.0	376.2887994143485
4228433.0	375.3261634728197
4242184.0	374.54794520547944
4255935.0	371.8952608522501
4269686.0	380.63540197461214
4283437.0	372.38808440215143
4297188.0	372.6107986501687
4310939.0	587.396501457726
4324690.0	330.7481481481482
4338441.0	371.02726733847066
4352192.0	372.7563254184508
4365943.0	378.4618850920015
4379694.0	368.4590773809524
4393445.0	373.857888847445
4407196.0	373.3408753709199
4420947.0	379.8601070950468
4434698.0	375.9613279824881
4448449.0	369.10785378212086
4462200.0	367.58372513562387
4475951.0	373.32841769629334
4489702.0	372.314449623521
4503453.0	378.23314065510596
4517204.0	372.36607142857144
4530955.0	378.79879427279576
4544706.0	373.81516587677726
4558457.0	379.5659635323561
4572208.0	373.8968195266272
4585959.0	373.21433933933935
4599710.0	369.71842200506694
4613461.0	372.96824196597356
4627212.0	371.91276252019384
4640963.0	363.6317749275962
4654714.0	368.9350541215654
4668465.0	668.7001140250856
4682216.0	371.3141852286049
4695967.0	370.94176581089545
4709718.0	376.52192146397255
4723469.0	374.5366124260355
4737220.0	382.4029996739485
4750971.0	375.9218867924528
4764722.0	372.4461433910975
4778473.0	381.61170619739863
4792224.0	369.15078125
4805975.0	379.4357012750455
4819726.0	376.7289135716765
4833477.0	377.79875366568916
4847228.0	372.3360686311078
4860979.0	373.19761904761907
4874730.0	379.679802955665
4888481.0	377.7725477287689
4902232.0	368.6645290581162
4915983.0	366.4634646962233
4929734.0	376.7459436379163
4943485.0	377.96766270978304
4957236.0	371.8617727450215
4970987.0	375.48989113530325
4984738.0	375.7744525547445
4998489.0	369.3451737451737
5012240.0	378.3100189035917
5025991.0	373.80810313075506
5039742.0	379.43412094513417
5053493.0	374.05739843458815
5067244.0	377.08621987951807
5076613.5	375.81287246722286
5083489.0	0.0
5094746.0	378.1781275890638
5108497.0	377.38035961272476
5122248.0	348.5282352941176
5135999.0	0.0
5149750.0	0.0
5163501.0	0.0
5177252.0	0.0
5191003.0	0.0
5204754.0	19.0
5218505.0	0.0
5232256.0	276.875
5246007.0	0.0
5255740.0	0.0
5262615.5	356.6287878787879
5273509.0	111.0
5287260.0	0.0
5301011.0	0.0
5314762.0	0.0
5328513.0	0.0
5342264.0	300.9032258064516
5356015.0	0.0
5369766.0	0.0
5383517.0	63.0
5397268.0	0.0
5411019.0	0.0
5421994.0	0.0
5428869.5	293.1793650793651
5438521.0	321.4333060556465
5452272.0	369.5182271680737
5464002.0	358.236736618722
5470877.5	595.9975565058033
5479774.0	394.01686437044447
5493417.0	389.6743181981723
