# Position (bp)	A	C	G	T	N
0.0	12.32657944068088	25.547462301262957	55.55205854317177	6.548317860380395	0.02558185450399862
1.0	13.195942600308555	33.64157088641117	25.992895888626894	27.092425093975837	0.07716553067754414
2.0	15.449371295556071	34.40344560697312	29.12087474874898	21.026149203184822	1.5914553700213308E-4
3.0	10.442821703305588	46.785578139969644	16.774269143511855	25.99139286223649	0.0059381509764281915
4.0	29.52381053286242	20.592284786612936	20.866431844922293	29.016095478401184	0.001377357201167787
5.0	25.83045515600374	16.90526518571521	45.973550758769754	11.290675975625375	5.292388592573932E-5
6.0	20.899630617135536	28.797524113594886	35.29291621977566	15.009929049493916	0.0
7.0	26.125627670226702	27.13725249573795	33.230434117966304	13.506685716069045	0.0
8.0	8.633982121018088	52.604624086130436	25.363261002785958	13.398132790065517	0.0
9.0	20.158785278349928	35.484191504284645	18.61379743751153	25.74253867226501	6.871075888919017E-4
10.0	15.274524038222767	17.76636899572778	51.55122803791844	15.40597687740332	0.0019020507276929074
11.0	15.717656579401229	36.08421684284034	26.07615076331946	22.12081370736982	0.0011621070691501245
12.0	12.378334561143632	29.614256329824173	40.02107080900817	17.9851765010311	0.0011617989929315093
13.0	11.72917722588275	44.88173677986146	25.888716421692852	17.50036957256293	0.0
14.0	19.227210712014333	31.325939003375215	35.45235512839797	13.993861808892724	6.333473197533112E-4
15.0	19.229490724129924	31.46862666469682	33.37988856292607	15.921994048247187	0.0
16.0	19.283791754019646	31.065233286522336	31.009946369580376	18.640817571110688	2.1101876695403906E-4
17.0	18.518360283409628	31.737426770110233	31.61716808735422	18.125884468327396	0.001160390798522928
18.0	18.308580914648584	31.477978582649595	32.846107156360794	17.36733334634103	0.0
19.0	18.352213766862675	32.049316212636356	31.849790350203744	17.748416026187243	2.636441099796678E-4
20.0	17.60918977828558	32.696378680279594	31.979264263068846	17.715167278365985	0.0
21.0	17.335341748713283	32.65954406791636	32.55979113042433	17.445323052946033	0.0
22.0	17.867037690597463	32.060601044005665	32.24096380460508	17.83139746079179	0.0
23.0	17.733233377301335	32.14023999991565	32.2386671685556	17.887648576522775	2.1087770463836057E-4
24.0	17.34705444139066	32.483470296619934	32.42674129307331	17.74273396891609	0.0
25.0	17.849299879099505	31.955746095251452	31.797093853688786	18.397174735223697	6.854367365618809E-4
26.0	17.69894613854788	32.38346257916615	32.05693846604845	17.860231018578077	4.2179765944478774E-4
27.0	17.65752940742264	32.177862840933656	32.7263620210584	17.4382457305853	0.0
28.0	18.189597448132233	31.728574064798458	32.165607782142196	17.916220704927106	0.0
29.0	17.869319964211694	32.38293275352202	32.112622442346186	17.635124839920095	0.0
30.0	17.761421453615586	32.371233490628214	32.48559301927082	17.381646587404106	1.054490812748794E-4
31.0	18.15165299518541	31.94650010255588	32.00286629191148	17.89898061034723	0.0
32.0	17.691813223523134	32.36231670835173	32.19826583834424	17.74755149726081	5.2732520092408474E-5
33.0	17.303684249385608	32.49876066618148	32.65850288474723	17.51885369532428	0.020198504361400287
34.0	17.98296945419448	31.90128718014984	32.00471517743888	18.102167452090054	0.00886073612675072
35.0	17.592716646534765	32.36345030936318	32.02365190971764	18.019864650311472	3.1648407293902934E-4
36.0	17.44250084402431	32.38843053679946	32.42008144834571	17.748723413234302	2.637575962187711E-4
37.0	18.1418279947137	31.858145626534913	31.95775179177669	18.04100840690807	0.001266180066632726
38.0	17.765300286389028	32.30313128520506	32.04961262559858	17.88195580280733	0.0
39.0	17.67537844829997	32.218430718462116	32.62024100174496	17.485897065861533	5.27656314225667E-5
40.0	18.135530428009158	31.82594442034424	32.114777509333116	17.923747642313494	0.0
41.0	17.842451997101115	32.313392145032964	32.26504219272312	17.5791136651428	0.0
42.0	17.610714413940652	32.316158845009326	32.55100920182558	17.521853543769392	2.639954550542458E-4
43.0	17.943910227631644	32.11524505604435	31.98615977630852	17.954684940015486	0.0
44.0	17.61930549868576	32.48279596877518	32.150048210912836	17.747850321626228	0.0
45.0	17.474890803732094	32.40876529606523	32.48978060336057	17.626563296842093	0.0
46.0	18.09912296652134	31.970809247332742	31.804039682170508	18.126028103975404	0.0
47.0	17.76740856580793	32.12170043092852	32.20639525201467	17.904495751248877	0.0
48.0	17.581931848944237	32.26928380481863	32.4430241608013	17.70570731253384	5.287290200324851E-5
49.0	18.086023950480833	31.875556918748693	31.927011583909977	18.109926837071686	0.0014807097888137662
50.0	17.732072403828912	32.379825480557905	32.09768730267121	17.7903619186454	5.28942965666841E-5
51.0	17.638098644383092	32.307564513756695	32.49406633221555	17.560270509644656	0.0
52.0	18.116284904048598	31.89033097384664	32.067689428462245	17.925482985549866	2.117080926476955E-4
53.0	17.755955352921273	32.38819301744765	32.135900277389645	17.719474828703024	4.765235384096503E-4
54.0	17.68077038584441	32.3541079953326	32.504585566970995	17.460377152621124	1.5889923087475616E-4
55.0	18.00415840073249	32.04930523763501	31.89405403801482	18.05248232361768	0.0
56.0	17.567935005854157	32.463681160633975	32.078191841491964	17.88997998084479	2.1201117510903997E-4
57.0	17.53906134030019	32.30714258449506	32.51305225567577	17.64074381952897	0.0
58.0	17.940636562524194	31.853630705504198	32.03932040327857	18.166412328693035	0.0
59.0	17.77343718925031	32.25400822354727	32.01720867158368	17.955186811776443	1.5910384230475704E-4
60.0	17.655331341167958	32.280930330266926	32.40400392350127	17.65968135610124	5.304896260101186E-5
61.0	18.133827481246577	31.814592646365845	31.95595970402068	18.095248708380563	3.714599863302725E-4
62.0	17.846050934110565	32.27313509696806	32.10510668344296	17.775654195932276	5.308954613747007E-5
63.0	17.695633029822915	32.28139521667011	32.549195404374565	17.473351438084883	4.249110475278941E-4
64.0	18.060527483388285	31.944547026894902	32.08902444532414	17.905422818292678	4.7822609998645027E-4
65.0	17.736510820527187	32.29913145541154	32.132216099039276	17.832141625021993	0.0
66.0	17.51970566073454	32.42533704217541	32.521372725334224	17.533265516330054	3.1905542577680693E-4
67.0	18.112152763926012	31.872767649366363	31.93010731240276	18.080078722357413	0.004893551947447507
68.0	17.655139610619354	32.321689937320066	32.06285124782594	17.95957434469652	7.448595381126004E-4
69.0	17.505417590885674	32.324178420745646	32.543170429533	17.624838749505074	0.0023948093306028957
70.0	18.134356723745277	31.970143660079366	31.89023786480642	18.00504881120832	2.1294016062076314E-4
71.0	17.82388645641734	32.25817617531688	32.14927411049113	17.766905913941276	0.0017573438333739829
72.0	17.679927713513653	32.337120986096785	32.34671087962766	17.636240420761908	0.0
73.0	18.162832237667967	31.8700830317655	32.026637114884686	17.940447615681848	0.0
74.0	17.784658805158067	32.28677955652217	32.17190219104308	17.756552783056176	1.0666422050054318E-4
75.0	17.59292014621994	32.4081203182434	32.5334029110595	17.4655032673252	5.3357151965970946E-5
76.0	18.133277392293483	31.995552473816335	31.986264553077532	17.884371792264442	5.337885482072445E-4
77.0	17.753631314150724	32.34713024459375	32.11282090714238	17.785883556589337	5.339775238180674E-4
78.0	17.576168399775863	32.37701174475941	32.45505374000638	17.591766115458352	0.0
79.0	17.95824037832133	31.90253416514154	32.102275004341614	18.036202359164808	7.480930307118907E-4
80.0	17.69414483903626	32.41933638872051	31.972894931243097	17.91362384100013	0.0
81.0	17.610763479082095	32.304127429940756	32.42225874126248	17.662850349714674	0.0
82.0	18.096513023993424	31.952924860835562	31.876948890643824	18.07339920770974	2.1401681744151455E-4
83.0	17.845766238049197	32.32539165015049	32.06932403073882	17.759089784813256	4.2829624823193955E-4
84.0	17.67335063031479	32.246530737321784	32.47968104694775	17.600437585415676	0.0
85.0	18.14131587326944	31.964825419016872	31.907305415671814	17.98655329204187	0.0
86.0	17.797152910382117	32.36306292776073	32.10367096483512	17.7321976442318	0.003915552790233645
87.0	17.615488394008054	32.357464766661984	32.55988674672674	17.467160092603226	0.0
88.0	17.97209637948752	31.948228078219476	32.052547201316045	18.027128340976958	0.0
89.0	17.616305081668816	32.45187982484079	32.13660184042852	17.79505212291652	1.6113014535550413E-4
90.0	17.546508591368116	32.3585989444691	32.471706892975696	17.623131838194915	5.373299216465509E-5
91.0	18.118830083924838	31.918208227343197	31.87036483542948	18.09125293779929	0.0013439155031942183
92.0	17.78986816742393	32.13047939900868	32.18082016728624	17.89883226628115	0.0
93.0	17.608092675928088	32.3782918069029	32.42893292016787	17.579193337114823	0.0054892598863185045
94.0	18.057271365286706	31.842131622681503	32.07219074227455	18.026413716521066	0.0019925532361757194
95.0	17.853014233799495	32.33876561360658	31.939954072000575	17.867565465722958	7.006148703889437E-4
96.0	17.661774984037137	32.3527318066509	32.56812259478489	17.417370614527066	0.0
97.0	18.09435672735514	31.927497598722198	31.99003874421265	17.986434129442365	0.001672800267648043
98.0	17.768590802310193	32.34271293893169	32.12971596624227	17.758332392979145	6.478995366978397E-4
99.0	17.583213634195474	32.388939097402776	32.46915867757077	17.558040351799324	6.482390316605344E-4
100.0	17.991240790696192	32.024460494647236	31.949818583944044	18.03015619671089	0.004323934001633366
101.0	17.78912712421694	32.33530829266604	32.0403082061399	17.834499273180356	7.57103796767383E-4
102.0	17.582102425992694	32.28021019173421	32.465380646494886	17.670953941690247	0.001352794087965165
103.0	18.1307027665677	31.958559693220874	31.90311246311866	18.00762507709277	0.0
104.0	17.903804481234445	32.22161351100476	32.03889176988115	17.83563604993744	5.4187942207475874E-5
105.0	17.667011741023956	32.208181244838116	32.43995407926153	17.68414796369073	7.049711856585001E-4
106.0	18.16706104550191	31.83391585620007	32.0010203195554	17.99800277874262	0.0
107.0	17.786498797299476	32.26691533520559	32.11913714044577	17.827014245035908	4.344820132593049E-4
108.0	17.52586396175677	32.23631150231629	32.63696106329741	17.600374345384704	4.891272448223164E-4
109.0	18.107667476578186	31.899075743766325	32.032145583952	17.96111119570348	0.0
110.0	17.83447045771002	32.296853396654626	32.044326357870155	17.824186551153183	1.6323661201323524E-4
111.0	17.604841278267333	32.346294042864805	32.426709787363784	17.62215489150408	0.0
112.0	18.058508971938686	31.85472732770527	32.00880440438149	18.07469033395171	0.0032689620228336996
113.0	17.80196460740566	32.28620063945703	32.14154856776456	17.770286185372747	0.0
114.0	17.596559497479706	32.381858235885716	32.33416442794988	17.6874178386847	0.0
115.0	18.13284555678568	31.88100014583048	31.976691155627336	18.00897157835002	4.915634064907125E-4
116.0	17.835932643719257	32.41049477377061	32.00057513398381	17.749717216679542	0.0032802318467869307
117.0	17.69532733395275	32.17433223786089	32.55944388083974	17.569966325986776	9.302213598523028E-4
118.0	18.147067457031575	31.962571577531556	31.975715118138524	17.914591082545815	5.476475252903628E-5
119.0	17.786980438925283	32.289173530754525	32.132207018222694	17.790816910949456	8.221011480368498E-4
120.0	17.73648676444212	32.32623410929503	32.44361291978694	17.49366620647591	0.0
121.0	18.064408119353175	32.040267424882806	31.910067954023997	17.98520161157524	5.489016478027467E-5
122.0	17.683786328514252	32.30077752056963	32.07714559751088	17.935214309806298	0.003076243598941333
123.0	17.677711777370682	32.192755398483875	32.53192687223313	17.594856953097683	0.002748998814631711
124.0	18.132097941968304	31.895583894124407	31.914075140500454	18.057802755635976	4.40267770858236E-4
125.0	17.77325049058874	32.270822613468965	32.0851646626259	17.870541867796113	2.2036552028850253E-4
126.0	17.67404767459368	32.320905906626365	32.3980637194478	17.605879656975887	0.0011030423562749599
127.0	18.10156341446716	31.895896782400712	32.052481166807645	17.950058636324485	0.0
128.0	17.731809592448872	32.29806352555851	32.180837099483284	17.789289782509332	0.0
129.0	17.700488254994575	32.36003190862009	32.34658913004754	17.59078854343345	0.0021021629043482684
130.0	18.111665357184187	31.95502689007047	32.00148168081074	17.931659964220398	1.6610771420835554E-4
131.0	17.799420728091363	32.38585539040998	32.01846221375865	17.791051989265846	0.005209678474162766
132.0	17.568340526196945	32.39290733161681	32.5125757220187	17.526176420167534	0.0
133.0	18.05090901820702	31.77887221318832	32.155686028843334	18.014199521943507	3.3321781782315465E-4
134.0	17.669457009171712	32.41136191140778	32.04099051135273	17.877912553205093	2.7801486267455856E-4
135.0	17.668879496178583	32.26325470773726	32.47269779622668	17.595167999857473	0.0
136.0	18.1218511545604	31.913020644885776	31.965704658437556	17.99942354211627	0.0
137.0	17.80244663888628	32.35197566760012	32.027889807457825	17.817687886055765	0.0
138.0	17.738178703495596	32.265567255620894	32.48892705667133	17.504140123471284	0.0031868607408948035
139.0	18.065016389863196	31.915976407554737	31.985566842928844	18.033384373784056	5.598586916662235E-5
140.0	17.86562736367699	32.259323365309726	32.08685379278869	17.788195478224594	0.0
141.0	17.657251951260598	32.33932281430737	32.39642877196923	17.606828008310405	1.6845415239485654E-4
142.0	18.071697605974183	31.992726867789507	31.92220020685571	18.013375319380604	0.0
143.0	17.789968828674915	32.31979570723747	32.13142669103875	17.758808773048862	0.0
144.0	17.65382881279514	32.385438454349966	32.40086286288322	17.559756870641756	1.129993299139736E-4
145.0	18.160668979826212	32.048997785478214	31.834474861855078	17.9558583728405	0.0
146.0	17.877359547881802	32.448435225263076	31.975764110445493	17.697923845004794	5.172714048344185E-4
147.0	17.900843413769742	33.12418091831814	31.979197174223668	16.995660161346148	1.1833234229996657E-4
148.0	19.622845998234823	32.93810758325614	31.362111424734724	16.07622789430277	7.070994715395677E-4
149.0	22.039511469845447	37.92612510293659	26.436218146284006	13.59814528093396	0.0
150.0	46.17352434295562	0.0	36.462308426170985	17.36416723087339	0.0
