# Position (bp)	A	C	G	T	N
0.0	24.74377164174662	20.716546448521168	47.70262627866136	6.8231652263639875	0.013890404706862853
1.0	16.76702544516641	27.159367094886168	18.65582064381727	37.4088586875651	0.008928128565051336
2.0	16.078683975820038	29.678921811515213	23.40699633336637	30.835397879298387	0.0
3.0	18.39188520534389	28.809500247402276	33.80999505195448	18.988619495299357	0.0
4.0	23.078367242077803	30.01788484531091	29.005069019693092	17.898678892918195	0.0
5.0	21.176598178017905	30.821863785148086	29.652561422881256	18.348976613952754	0.0
6.0	20.17910271314011	28.426891021220417	32.60102851062992	18.792977755009556	0.0
7.0	20.106299212598426	32.06200787401575	28.479330708661415	19.351377952755904	9.84251968503937E-4
8.0	19.818632465182155	30.76461562672122	29.87941616177512	19.537335746321503	0.0
9.0	20.39142096420817	29.533419136791018	31.777408801076803	18.297751097924014	0.0
10.0	19.348950410708852	31.43468404369118	30.18734604551655	19.029019500083418	0.0
11.0	18.772184417469067	31.687682623105136	29.3157884415508	20.224344517875004	0.0
12.0	18.98163573290477	30.599925523783394	31.803304392136877	18.615134351174962	0.0
13.0	19.837081566915028	30.162428894524023	30.415030791975482	19.58545874658547	0.0
14.0	19.43123789399542	30.54528379409521	30.12169591673025	19.901782395179122	0.0
15.0	18.768569194683344	31.331118060985148	31.17376856919468	18.726544175136826	0.0
16.0	20.523889518302926	29.910731726374184	29.83748095479939	19.7278978005235	0.0
17.0	19.69321441814172	30.699049589196154	29.914521574520403	19.69321441814172	0.0
18.0	19.80771480946995	30.130855337571667	31.64807519794064	18.41335465501775	0.0
19.0	20.482937381847947	30.146557268421976	29.811346494903628	19.558184404903432	9.744499230184561E-4
20.0	19.989482807311397	30.645930917625066	29.789948290469283	19.574637984594258	0.0
21.0	19.238034038244344	30.892432916617985	30.983954511819917	18.885578533317755	0.0
22.0	20.255357247124312	29.906187352809514	29.811790809474687	20.016932988185836	0.009731602405652113
23.0	19.447010882779146	30.40662108672184	30.1508417377435	19.992608657596065	0.0029176351594487615
24.0	19.2350693668031	30.686668157380492	31.108604983521133	18.969657492295276	0.0
25.0	19.97940167701441	29.952099182868412	30.25524431359975	19.810339969491164	0.002914857026262862
26.0	19.558166634297923	30.58263740532142	29.687317925810834	20.13497766556613	0.03690036900369004
27.0	19.153769976116042	30.424862618691623	31.269539214353674	19.111050700013593	0.040777490825064565
28.0	19.8256615348774	30.39468830689782	29.897687782717586	19.853811955192295	0.028150420314896424
29.0	19.340345838104295	30.981815358938032	30.058027830069673	19.578085275680714	0.04172569720728938
30.0	19.027475939149333	30.586386215461037	31.299479975162992	19.032326917106488	0.05433095312014902
31.0	19.963913625516557	30.198087034126846	29.647090778573233	20.172477349009565	0.018431212773800516
32.0	19.455973622963537	30.400504266873547	30.186190845616757	19.946664080682698	0.010667183863460047
33.0	19.072369888385715	30.800112487030052	31.37515394237949	18.740727092889074	0.011636589315671577
34.0	20.228182584841463	29.960354002888636	29.925457770712367	19.886005641557535	0.0
35.0	19.889304615861814	30.58178081926216	29.786945311439815	19.740030630246398	0.0019386231898105967
36.0	18.707957739653	30.605796258602307	31.52466802365029	19.15963943006688	0.001938548027527382
37.0	19.77483238383134	29.515947758012633	30.567182110607295	20.13525559043522	0.006782157113513933
38.0	19.8453308524247	30.628561460634955	30.03740745047874	19.488700236461604	0.0
39.0	19.10682961340531	30.95180407625287	30.77638758322592	19.164009575220724	9.69151895176531E-4
40.0	20.139191795826182	30.254829548208246	29.714928223172137	19.890081130594087	9.693021993466903E-4
41.0	19.30422985609768	30.448180628906442	30.373564610688504	19.87402490430738	0.0
42.0	19.229315474748258	31.050290266618852	31.216987623690407	18.50340663494248	0.0
43.0	20.5007415161825	29.83221378929309	29.89134122345324	19.775703471071175	0.0
44.0	19.237181351167976	30.62324319085005	30.313075506445674	19.8264999515363	0.0
45.0	18.94975619686497	31.292108145835957	30.949911300251078	18.808224357047994	0.0
46.0	20.110128742050566	29.950946176516208	30.245656894679694	19.693268186753528	0.0
47.0	19.3531812585433	30.369070585840173	30.261461352774088	20.016286802842433	0.0
48.0	19.323095418145154	30.918309968394315	30.93091346247067	18.827681150989857	0.0
49.0	19.9003383455002	30.231025022055473	30.35996471124296	19.507702449854094	9.694713472743312E-4
50.0	19.755839773487573	30.353246904362496	30.02938067856762	19.86153264358231	0.0
51.0	19.167773780316328	30.70470612193443	31.349579620057987	18.77697074310761	9.697345836444565E-4
52.0	20.277767001590565	29.870621096326182	30.087869030531095	19.76374287155216	0.0
53.0	19.602595060076222	30.620933096713504	29.886829779187153	19.889642064023118	0.0
54.0	19.300440255231667	30.427066969220924	31.683830802350617	18.587692248016914	9.697251798840208E-4
55.0	20.497948653288457	30.138793245589362	30.02725429909896	19.333094090375642	0.002909711647575725
56.0	19.334406766508884	30.67432296112361	29.89155738340964	20.099712888957868	0.0
57.0	19.23211237001397	30.5098556573025	31.34506441098867	18.911027471674686	0.0019400900201769363
58.0	19.918115492083206	30.15464917727414	30.25748990996585	19.66974542067681	0.0
59.0	19.78650104323354	30.328497258479302	30.053859964093355	19.8311417341938	0.0
60.0	19.247004026975887	30.791325020620057	31.027121440007765	18.93454951239629	0.0
61.0	19.925457880790844	30.089586427122462	30.20314668685516	19.780838404721003	9.706005105358684E-4
62.0	19.88624230776697	30.68448741094481	29.64494399471978	19.78335565779512	9.706287733193562E-4
63.0	19.282698374181024	30.453773355981557	31.538946857558848	18.72361077408396	9.70638194612958E-4
64.0	19.500592221510264	30.188734199335936	30.376109201763075	19.933593522455876	9.708549348556339E-4
65.0	19.335922330097087	30.64368932038835	30.197087378640774	19.823300970873785	0.0
66.0	19.278757925603703	30.874171027973862	31.33926924234627	18.507801804076163	0.0
67.0	19.998057686704865	30.178692823152375	29.98349033699136	19.838787996503836	9.711566475672527E-4
68.0	19.19664979255531	30.70861551317055	30.155753553765585	19.938981140508556	0.0
69.0	19.129953057118698	30.678096237766177	31.260265718090018	18.92876928011196	0.002915706913141091
70.0	20.11956257594168	30.11032806804374	30.221142162818953	19.547995139732684	9.720534629404617E-4
71.0	19.343296352834795	30.58621058465488	30.29062588116328	19.77986718134705	0.0
72.0	19.185328523225625	30.638182012660565	31.19828080786472	18.978208656249087	0.0
73.0	19.794999465131433	30.001264234797574	30.198679360880686	20.002139474272823	0.002917464917484367
74.0	19.743729446790294	30.30880893541671	30.157031386818705	19.790430230974295	0.0
75.0	19.126464976832924	31.26776466923646	31.262897636568937	18.340925904294668	0.0019468130670093056
76.0	20.196089885890096	29.84188183977879	30.39587958094793	19.566148693383184	0.0
77.0	19.70862629764525	30.956508190016162	29.94858111134916	19.38531055840134	9.738425880840621E-4
78.0	19.08235614944096	30.984845533522925	31.201059643928474	18.73076473567338	9.739374342592232E-4
79.0	19.92030319858923	30.1347441031187	30.351036155847193	19.59099367686747	0.002922865577412095
80.0	19.344811794167228	30.810605396240753	29.972619291219658	19.870014713476962	0.0019488048953978973
81.0	19.27459523739899	31.107017184743302	30.98322464933571	18.635162928521996	0.0
82.0	20.01052929190512	30.045529438145284	29.940236519094093	20.002729816419844	9.74934435659202E-4
83.0	19.5075092646772	31.21806124439243	29.841037643846303	19.430466159547493	0.002925687536571094
84.0	19.02062559759596	30.69545534372744	31.47696450523933	18.80597888656897	9.756668683044862E-4
85.0	20.260404466307488	30.191496837666904	30.162215975638322	19.384906691653004	9.760287342859374E-4
86.0	19.524888203245524	30.64207463531801	29.96055380890078	19.872483352535685	0.0
87.0	19.1669921875	30.689453125	31.2939453125	18.8486328125	9.765625E-4
88.0	20.11645287664006	30.182006467433247	30.152697857540616	19.548842798386072	0.0
89.0	19.373790298930576	30.415061878042582	30.325128546012632	19.885041740796495	9.775362177168664E-4
90.0	19.252435160192466	30.499158940656418	31.42921409850174	18.815279896725738	0.003911903923639636
91.0	19.7978730689834	30.427636406327963	29.95411542563079	19.819396749924177	9.783491336718421E-4
92.0	19.409162964557606	30.854061882302286	29.957727459537743	19.778069162573146	9.785310292189364E-4
93.0	18.923310331326775	31.043899574218177	31.313071991386483	18.718739294278862	9.788087897029316E-4
94.0	20.0614836353668	29.91648799208937	30.331600434693218	19.688469860291168	0.00195807755945213
95.0	19.794850693628028	30.43146014577945	30.22768242025237	19.546006740340154	0.0
96.0	19.199294359778506	30.77669427157348	31.27848287352379	18.744548439261038	9.800558631842015E-4
97.0	19.770987127829574	30.164799074537026	30.28048194660941	19.78275148770134	9.803633226473732E-4
98.0	19.25525549092122	30.64321519310189	30.42446120795362	19.677068108023267	0.0
99.0	19.161359331913683	30.870533742873125	31.352364503498425	18.615742421714767	0.0
100.0	19.91580310880829	30.687706076307116	29.882045847071755	19.51346365206469	9.813157481551264E-4
101.0	19.60713093672079	30.91512379007716	29.563347927669685	19.914397345532368	0.0
102.0	19.197046608214123	30.487290007756577	31.325786212923052	18.989877171106244	0.0
103.0	19.688472908339143	30.10380962669783	30.23934158965243	19.968375875310592	0.0
104.0	19.38278395474011	30.622127057714216	29.960122578870862	20.034966408674812	0.0
105.0	19.25684971893549	30.882699791658474	31.000628955540705	18.858838790832973	9.827430323519008E-4
106.0	19.93788148337445	30.315212156357813	30.304400389223616	19.44250597104412	0.0
107.0	19.23901498760867	30.869163290193146	30.20534204004563	19.684512804374336	0.001966877778214862
108.0	19.47879467579612	30.658442286692438	31.110979940776595	18.75178309673484	0.0
109.0	20.03917477066026	29.824993109964957	30.506122288279062	19.629709831095713	0.0
110.0	19.34727802725912	30.688174584416604	30.323800519971638	19.639762073583867	9.847947687701883E-4
111.0	18.856343412250368	30.765820352909877	31.68110030640696	18.69476546566961	0.001970462763179933
112.0	19.73982457869321	30.48487237607175	30.09953680890904	19.67576623632601	0.0
113.0	19.77405585512761	30.370363068187416	29.953371910765863	19.90122337122071	9.857946983961121E-4
114.0	18.875739644970412	31.363905325443785	31.034516765285996	18.725838264299803	0.0
115.0	20.135175135668476	29.924025653675386	29.70300937345831	20.236803157375434	9.866798223976318E-4
116.0	19.204918922653295	30.601146827472537	30.073132457586137	20.119814849540578	9.869427474512203E-4
117.0	18.92479064623163	30.83030494548902	31.42577816400695	18.81813872649708	9.875177753199558E-4
118.0	19.90414072536812	29.969364561715583	30.26781302500247	19.858681687913826	0.0
119.0	19.324598269468478	31.110012360939432	30.003461063040792	19.561928306551298	0.0
120.0	19.1908498154726	30.359457400389832	31.535881427539604	18.913811356597968	0.0
121.0	20.206879485275923	29.591685226429103	30.536995793120514	19.663449641177927	9.89853996535511E-4
122.0	19.409119721099756	30.221456302987086	30.447270422312016	19.920172727993027	0.001980825608113462
123.0	19.139637898742457	31.133374954167536	30.55662910881866	19.16936706602848	9.909722428674773E-4
124.0	19.821508255243195	30.087758441172095	30.555803460756607	19.5339382220239	9.916208042044722E-4
125.0	19.640092111009647	30.63385873664986	30.296383054750464	19.42867352205503	9.925755349982134E-4
126.0	19.073783359497646	30.96695348051587	30.999741668819425	18.95952149116706	0.0
127.0	20.053887988546318	30.241899402459758	29.944620646457015	19.7585977192058	9.942433311128567E-4
128.0	19.718239794649342	30.43050014426282	30.491190019002897	19.3590751261056	9.949159793455442E-4
129.0	18.99593754978493	30.857694758642662	31.211167755297115	18.93519993627529	0.0
130.0	19.818841301791657	30.09944795424198	30.020726627737808	20.06098411622855	0.0
131.0	19.38787721642699	30.837505235654305	30.171330554281266	19.60228972615035	9.972674870853862E-4
132.0	19.011778798163306	30.86843681373528	31.264723497704132	18.855060890397286	0.0
133.0	20.19901292784782	30.049753231961958	30.10570064139709	19.64553319879313	0.0
134.0	19.39577583103324	30.685227409096367	30.103204128165128	19.814792591703668	0.001000040001600064
135.0	19.253215876670502	31.116672506131437	31.022573702387508	18.60753791481055	0.0
136.0	20.357210868671885	29.82971344953043	30.116364146612813	19.695709260020248	0.0010022751646236957
137.0	19.94861552975181	30.338916710992464	30.096044800835	19.61642295842073	0.0
138.0	18.870559395595564	31.071170229866578	31.158575791673364	18.898689921234528	0.0010046616299630286
139.0	19.784950562769694	29.962079682957988	30.26785624478218	19.985113509490137	0.0
140.0	19.55400668788526	30.52254139639821	30.33620724386608	19.58623746021514	0.001007211635308811
141.0	19.147196851188376	30.657516273906243	31.4709592773881	18.723318363021647	0.001009234495635061
142.0	20.29545293683455	30.293531784952325	29.919412734203583	19.490591411439954	0.0010111325695911992
143.0	19.358923705031962	30.270795976050817	30.360959993516296	20.009320325400925	0.0
144.0	18.80653381115296	30.576733703542025	31.51782179222968	19.09891069307534	0.0
145.0	19.910248191226305	30.246970113258236	30.127911591415575	19.714870104099887	0.0
146.0	19.71050640933903	30.44998262220677	30.34264919346595	19.496861774988243	0.0
147.0	18.88255157929416	31.002141415805294	31.204958201210726	18.910348803689825	0.0
148.0	18.882452152232894	30.401533642715723	30.578572999926667	20.137441205124713	0.0
149.0	13.274908901022805	33.2179223757251	31.74785165340387	21.757046690354294	0.0022703794939324105
150.0	0.0	41.35007385524372	34.561299852289515	24.088626292466763	0.0
