#Coverage	Number of genomic locations
0.0	457286.0
1.0	3303.0
2.0	3336.0
3.0	2744.0
4.0	2173.0
5.0	2299.0
6.0	1860.0
7.0	1985.0
8.0	2122.0
9.0	2160.0
10.0	1764.0
11.0	1828.0
12.0	1892.0
13.0	1776.0
14.0	2499.0
15.0	2489.0
16.0	2328.0
17.0	2648.0
18.0	3280.0
19.0	3642.0
20.0	4420.0
21.0	6129.0
22.0	7250.0
23.0	9154.0
24.0	11791.0
25.0	14612.0
26.0	18469.0
27.0	23027.0
28.0	29090.0
29.0	34965.0
30.0	42794.0
31.0	51040.0
32.0	60864.0
33.0	68794.0
34.0	78935.0
35.0	90055.0
36.0	99817.0
37.0	111088.0
38.0	123459.0
39.0	133935.0
40.0	142518.0
41.0	151505.0
42.0	158435.0
43.0	166795.0
44.0	171589.0
45.0	175325.0
46.0	177567.0
47.0	177946.0
48.0	177369.0
49.0	175847.0
50.0	171918.0
51.0	166825.0
52.0	161247.0
53.0	153636.0
54.0	146868.0
55.0	138591.0
56.0	129741.0
57.0	121367.0
58.0	113876.0
59.0	105047.0
60.0	96339.0
61.0	90007.0
62.0	80661.0
63.0	72866.0
64.0	64674.0
65.0	58760.0
66.0	51550.0
67.0	46351.0
68.0	41393.0
69.0	36082.0
70.0	31176.0
71.0	27227.0
72.0	23707.0
73.0	19990.0
74.0	17161.0
75.0	14795.0
76.0	12150.0
77.0	10777.0
78.0	8952.0
79.0	7595.0
80.0	6183.0
81.0	5321.0
82.0	4378.0
83.0	3451.0
84.0	3007.0
85.0	2508.0
86.0	2090.0
87.0	1657.0
88.0	1366.0
89.0	1172.0
90.0	952.0
91.0	916.0
92.0	713.0
93.0	604.0
94.0	649.0
95.0	528.0
96.0	412.0
97.0	350.0
98.0	355.0
99.0	282.0
100.0	285.0
101.0	241.0
102.0	212.0
103.0	162.0
104.0	179.0
105.0	175.0
106.0	119.0
107.0	140.0
108.0	136.0
109.0	157.0
110.0	159.0
111.0	121.0
112.0	145.0
113.0	136.0
114.0	149.0
115.0	155.0
116.0	141.0
117.0	168.0
118.0	162.0
119.0	178.0
120.0	123.0
121.0	152.0
122.0	158.0
123.0	159.0
124.0	168.0
125.0	192.0
126.0	156.0
127.0	189.0
128.0	188.0
129.0	137.0
130.0	219.0
131.0	211.0
132.0	207.0
133.0	193.0
134.0	215.0
135.0	217.0
136.0	269.0
137.0	185.0
138.0	183.0
139.0	221.0
140.0	228.0
141.0	248.0
142.0	238.0
143.0	256.0
144.0	258.0
145.0	244.0
146.0	289.0
147.0	293.0
148.0	302.0
149.0	247.0
150.0	243.0
151.0	233.0
152.0	237.0
153.0	248.0
154.0	264.0
155.0	283.0
156.0	231.0
157.0	231.0
158.0	234.0
159.0	248.0
160.0	287.0
161.0	202.0
162.0	305.0
163.0	222.0
164.0	271.0
165.0	292.0
166.0	258.0
167.0	241.0
168.0	270.0
169.0	245.0
170.0	272.0
171.0	306.0
172.0	303.0
173.0	300.0
174.0	330.0
175.0	346.0
176.0	293.0
177.0	298.0
178.0	283.0
179.0	315.0
180.0	293.0
181.0	270.0
182.0	264.0
183.0	307.0
184.0	247.0
185.0	282.0
186.0	259.0
187.0	290.0
188.0	261.0
189.0	289.0
190.0	325.0
191.0	308.0
192.0	313.0
193.0	292.0
194.0	298.0
195.0	331.0
196.0	294.0
197.0	354.0
198.0	265.0
199.0	342.0
200.0	321.0
201.0	344.0
202.0	307.0
203.0	321.0
204.0	312.0
205.0	306.0
206.0	326.0
207.0	367.0
208.0	361.0
209.0	383.0
210.0	394.0
211.0	316.0
212.0	402.0
213.0	362.0
214.0	314.0
215.0	403.0
216.0	359.0
217.0	337.0
218.0	356.0
219.0	343.0
220.0	318.0
221.0	351.0
222.0	297.0
223.0	328.0
224.0	282.0
225.0	283.0
226.0	310.0
227.0	284.0
228.0	273.0
229.0	245.0
230.0	286.0
231.0	270.0
232.0	315.0
233.0	227.0
234.0	248.0
235.0	224.0
236.0	237.0
237.0	263.0
238.0	237.0
239.0	223.0
240.0	224.0
241.0	175.0
242.0	217.0
243.0	173.0
244.0	196.0
245.0	206.0
246.0	195.0
247.0	201.0
248.0	182.0
249.0	154.0
250.0	163.0
251.0	154.0
252.0	180.0
253.0	163.0
254.0	163.0
255.0	149.0
256.0	141.0
257.0	134.0
258.0	134.0
259.0	111.0
260.0	114.0
261.0	111.0
262.0	117.0
263.0	96.0
264.0	102.0
265.0	92.0
266.0	52.0
267.0	64.0
268.0	55.0
269.0	69.0
270.0	97.0
271.0	95.0
272.0	68.0
273.0	60.0
274.0	59.0
275.0	53.0
276.0	41.0
277.0	43.0
278.0	56.0
279.0	49.0
280.0	53.0
281.0	50.0
282.0	34.0
283.0	35.0
284.0	32.0
285.0	36.0
286.0	27.0
287.0	27.0
288.0	24.0
289.0	36.0
290.0	24.0
291.0	21.0
292.0	25.0
293.0	22.0
294.0	26.0
295.0	28.0
296.0	22.0
297.0	10.0
298.0	18.0
299.0	17.0
300.0	9.0
301.0	7.0
302.0	14.0
303.0	7.0
304.0	8.0
305.0	17.0
306.0	6.0
307.0	7.0
308.0	6.0
309.0	10.0
310.0	7.0
311.0	17.0
312.0	9.0
313.0	6.0
314.0	3.0
315.0	8.0
316.0	5.0
317.0	7.0
318.0	8.0
319.0	12.0
320.0	16.0
321.0	9.0
322.0	6.0
323.0	5.0
324.0	8.0
325.0	9.0
326.0	6.0
327.0	6.0
328.0	11.0
329.0	16.0
330.0	14.0
331.0	12.0
332.0	22.0
333.0	6.0
334.0	6.0
335.0	6.0
336.0	8.0
337.0	5.0
338.0	12.0
339.0	8.0
340.0	14.0
341.0	17.0
342.0	12.0
343.0	20.0
344.0	14.0
345.0	9.0
346.0	11.0
347.0	31.0
348.0	17.0
349.0	10.0
350.0	8.0
351.0	13.0
352.0	11.0
353.0	16.0
354.0	13.0
355.0	15.0
356.0	12.0
357.0	12.0
358.0	16.0
359.0	15.0
360.0	10.0
361.0	24.0
362.0	20.0
363.0	16.0
364.0	19.0
365.0	17.0
366.0	26.0
367.0	23.0
368.0	8.0
369.0	12.0
370.0	5.0
371.0	20.0
372.0	11.0
373.0	13.0
374.0	9.0
375.0	9.0
376.0	12.0
377.0	16.0
378.0	4.0
379.0	17.0
380.0	19.0
381.0	15.0
382.0	10.0
383.0	18.0
384.0	8.0
385.0	10.0
386.0	16.0
387.0	17.0
388.0	10.0
389.0	22.0
390.0	19.0
391.0	13.0
392.0	27.0
393.0	23.0
394.0	23.0
395.0	15.0
396.0	9.0
397.0	20.0
398.0	12.0
399.0	11.0
400.0	14.0
401.0	23.0
402.0	17.0
403.0	18.0
404.0	18.0
405.0	14.0
406.0	14.0
407.0	9.0
408.0	12.0
409.0	13.0
410.0	17.0
411.0	22.0
412.0	7.0
413.0	27.0
414.0	37.0
415.0	24.0
416.0	12.0
417.0	13.0
418.0	17.0
419.0	26.0
420.0	21.0
421.0	20.0
422.0	21.0
423.0	27.0
424.0	20.0
425.0	21.0
426.0	23.0
427.0	22.0
428.0	19.0
429.0	11.0
430.0	16.0
431.0	21.0
432.0	15.0
433.0	17.0
434.0	17.0
435.0	16.0
436.0	8.0
437.0	10.0
438.0	13.0
439.0	20.0
440.0	10.0
441.0	13.0
442.0	9.0
443.0	10.0
444.0	12.0
445.0	8.0
446.0	7.0
447.0	16.0
448.0	7.0
449.0	5.0
450.0	11.0
451.0	9.0
452.0	4.0
453.0	7.0
454.0	5.0
455.0	8.0
456.0	7.0
457.0	4.0
458.0	3.0
459.0	1.0
460.0	4.0
461.0	2.0
462.0	5.0
463.0	9.0
466.0	3.0
467.0	10.0
468.0	6.0
469.0	1.0
470.0	11.0
471.0	2.0
472.0	6.0
473.0	5.0
474.0	8.0
475.0	10.0
476.0	2.0
477.0	2.0
478.0	3.0
479.0	3.0
480.0	4.0
481.0	3.0
482.0	3.0
483.0	5.0
484.0	2.0
485.0	2.0
486.0	4.0
487.0	8.0
488.0	4.0
489.0	4.0
490.0	3.0
491.0	4.0
492.0	1.0
493.0	4.0
494.0	1.0
495.0	4.0
496.0	4.0
497.0	1.0
499.0	1.0
500.0	4.0
501.0	4.0
502.0	4.0
505.0	1.0
506.0	1.0
507.0	1.0
508.0	2.0
510.0	4.0
512.0	2.0
513.0	1.0
514.0	3.0
516.0	2.0
518.0	2.0
519.0	3.0
522.0	8.0
523.0	3.0
524.0	9.0
525.0	5.0
526.0	4.0
528.0	2.0
529.0	4.0
530.0	9.0
531.0	9.0
532.0	7.0
533.0	3.0
534.0	4.0
535.0	4.0
536.0	5.0
537.0	1.0
538.0	3.0
539.0	2.0
541.0	2.0
542.0	3.0
543.0	3.0
545.0	2.0
546.0	4.0
549.0	1.0
561.0	2.0
