# Position (bp)	A	C	G	T	N
0.0	12.321333059041349	25.496341140858732	55.63293854879948	6.525876509830429	0.02351074147000911
1.0	13.096021741481373	33.61160611432145	25.98040022380937	27.237623483056783	0.07434843733102628
2.0	15.346411341584634	34.393219112252645	29.15639562071583	21.10391517780561	5.874764128220252E-5
3.0	10.408059974212216	46.91051545035852	16.72430557349636	25.952539204242537	0.004579797690372795
4.0	29.590277810371774	20.4800078851398	20.828972256511108	29.09892330293487	0.0018187450424530295
5.0	25.767281828545975	16.867627362541068	46.235086207654504	11.129887371743584	1.1722951487496006E-4
6.0	20.89618014085811	28.990423101761724	35.20831599661978	14.905080760760386	0.0
7.0	26.291452493740312	27.00517998727558	33.3210502450564	13.38231727392771	0.0
8.0	8.455974715700966	52.88023513414276	25.28500176561427	13.378788384542004	0.0
9.0	20.205348137038477	35.34642180373616	18.451827954345486	25.99593378140182	4.6832347805114206E-4
10.0	15.321285704588492	17.741754267697516	51.7297838823466	15.204835436460288	0.002340708907099604
11.0	15.710988441994964	36.32589420227533	25.842423816920736	22.1191138570271	0.0015796817818810498
12.0	12.2945862126652	29.562271364379228	40.1937180553557	17.948546968351625	8.77399248244324E-4
13.0	11.576486329383668	45.081747677509824	26.010252523657645	17.331513469448858	0.0
14.0	19.111835259068023	31.378835392361136	35.607617818249	13.901360758975652	3.507713461902724E-4
15.0	19.18302936079558	31.683065890102313	33.37223948029025	15.76166526881186	0.0
16.0	19.18503233678645	31.180644795580204	31.066807152136295	18.567165086205133	3.5062929192167643E-4
17.0	18.288900782234148	31.95813282789213	31.744052613251007	18.00797892852385	9.348480988695349E-4
18.0	18.211100576742098	31.48493127638582	33.00900717758551	17.29496096928657	0.0
19.0	18.251233080914876	32.121378153381016	31.94059248632571	17.686504218526938	2.9206085146252393E-4
20.0	17.48294023196495	32.86684123128215	32.074349807163145	17.575868729589754	0.0
21.0	17.28275071740348	32.814003108505055	32.61313597460862	17.29011019948285	0.0
22.0	17.808111964572433	32.194896014456994	32.33448960436607	17.66250241660451	0.0
23.0	17.653445817726453	32.31989131596577	32.281108964972645	17.74549549418002	5.8407155110129613E-5
24.0	17.190890669694777	32.60317566016476	32.585359812939444	17.62057385720102	0.0
25.0	17.882549908227514	32.10763610192997	31.783131854458528	18.226448468959166	2.3366642482191698E-4
26.0	17.547811518226737	32.45394099633958	32.22751611437143	17.770380868148983	3.5050291326338076E-4
27.0	17.475630038070125	32.344651167953096	32.82559536779409	17.35412342618269	0.0
28.0	18.037132334687513	31.869554931848114	32.28941842364273	17.80389430982164	0.0
29.0	17.765707586872374	32.453594373440076	32.226377799830956	17.55432023985659	0.0
30.0	17.65458377337682	32.43221772573063	32.69618540706748	17.216896268119665	1.1682570539360917E-4
31.0	18.004921043653816	32.07768052005103	32.15303838227116	17.764360054023992	0.0
32.0	17.563046909962367	32.48871564596281	32.340672399106836	17.60756504496799	0.0
33.0	17.231047355391265	32.57090571049447	32.742396417567896	17.436602485709596	0.01904803083677532
34.0	17.827289423415728	32.06866911660298	32.08543962995015	18.009661451835612	0.008940378195527824
35.0	17.55610500400009	32.38081101629197	32.16610926414101	17.89662408668481	3.506288821191542E-4
36.0	17.38986866528584	32.4886852969642	32.4710937390418	17.650176967566075	1.7533114208368204E-4
37.0	17.976962638372342	31.88641120644256	32.035516370882	18.09982389107783	0.0012858932252715427
38.0	17.590865543954077	32.39612882182983	32.20650959757353	17.80649603664257	0.0
39.0	17.55035469699494	32.34941819170298	32.704144415897204	17.396082695404868	0.0
40.0	18.05476136184245	31.919571076926673	32.16841194389387	17.857255617337007	0.0
41.0	17.750540811295895	32.3882659592697	32.330193440554034	17.53099978888037	0.0
42.0	17.495447230283858	32.45280943770295	32.75882342273512	17.29280290909261	1.1700018544529394E-4
43.0	17.960067671597297	32.213705078471314	31.935972978176437	17.890254271754948	0.0
44.0	17.55265621240567	32.57686586430301	32.20858410856321	17.661893814728106	0.0
45.0	17.45132598270279	32.55458809338385	32.61126953548153	17.38281638843183	0.0
46.0	17.928228518952565	32.1241596371659	31.992969620726146	17.95464222315539	0.0
47.0	17.69269609347726	32.402313501203146	32.22500521322684	17.679985192092765	0.0
48.0	17.48084192988448	32.40799703336237	32.54760006397252	17.56350238988906	5.8582891569511824E-5
49.0	18.019416315259367	31.898407988708094	32.09785616645837	17.982971906751533	0.0013476228226370166
50.0	17.712465186935606	32.47003966579458	32.161820969420766	17.65555696214402	1.1721570502902261E-4
51.0	17.561828672464273	32.41823888678491	32.598744725231306	17.421187715519515	0.0
52.0	18.037915108862986	32.02533538596877	32.10198665786966	17.834469613664687	2.932336338978081E-4
53.0	17.65099678826361	32.437305427095225	32.22579081821244	17.685613603587004	2.9336284172370617E-4
54.0	17.45452005308904	32.56734601154176	32.641250374951646	17.336648757038965	2.3480337858581445E-4
55.0	17.894027826959135	32.10717601523535	32.07335098577059	17.925445172034923	0.0
56.0	17.511331780916553	32.569441670406725	32.161344822157425	17.75782298219107	5.87443282351089E-5
57.0	17.489824494192014	32.45121133616275	32.568552090304784	17.490412079340448	0.0
58.0	17.892047104068304	31.920305313723485	32.13069627655011	18.056951305658107	0.0
59.0	17.631941386945968	32.361328034300676	32.16340787130898	17.84320514274999	1.175646943817596E-4
60.0	17.49807426572193	32.396083850292534	32.56466645106283	17.541116631876047	5.880104665863053E-5
61.0	18.04606010412433	31.929735195281644	32.02820097606999	17.9958272625513	1.7646197273897803E-4
62.0	17.722075430615956	32.3625471514909	32.23696676886501	17.678351801613594	5.884741453884224E-5
63.0	17.62360592114443	32.343865817536766	32.67521252288017	17.35708023971415	2.3549872448003353E-4
64.0	18.03645033874006	32.05089994946288	32.141136390141845	17.771336618442398	1.7670321281781546E-4
65.0	17.683181946217207	32.41487494799567	32.156120246980805	17.745822858806324	0.0
66.0	17.461735084877255	32.453434822900235	32.638540097103636	17.44581838932473	4.7160579414878693E-4
67.0	18.024261694190848	32.02143831795651	32.02674541614136	17.923190957648178	0.004363614063102577
68.0	17.562497603902173	32.48406779261146	32.136434547454535	17.81623330472761	7.667513042144781E-4
69.0	17.44955317005024	32.478413641587395	32.584959045504206	17.484242371325482	0.0028317715326727443
70.0	17.987622621556373	32.05890909820524	32.03412365457826	17.9192265997381	1.1802592203325616E-4
71.0	17.676826712478377	32.39100531911753	32.18957547420435	17.7409394943001	0.0016529998996392917
72.0	17.545749705712282	32.363616174395524	32.534902552816746	17.55573156707545	0.0
73.0	18.048218332895022	31.960203180081496	32.11509992051273	17.876478566510745	0.0
74.0	17.652143937095964	32.377036336684185	32.30513519602226	17.665566271742556	1.1825845503606588E-4
75.0	17.541405984233336	32.46726124447205	32.587596692845835	17.403736078448773	0.0
76.0	17.977658439168582	32.10399308196463	32.09345740181841	17.824358374119633	5.32702928741513E-4
77.0	17.68344674531687	32.3706736269176	32.2072466823146	17.737803968195696	8.289772552326229E-4
78.0	17.42268755697478	32.58877403602672	32.528652501677776	17.45982667228196	5.9233038767431546E-5
79.0	17.92565133739778	32.025612051837975	32.10104269682628	17.946982863081825	7.11050856134858E-4
80.0	17.591784110612192	32.54061263504202	32.15773796292179	17.709865291424	0.0
81.0	17.475655030898242	32.44303692369735	32.54047610575383	17.540831939650573	0.0
82.0	17.99798975415429	31.989016035686017	32.03743281874679	17.975561391412903	0.0
83.0	17.71666211514943	32.445589579796014	32.133968962610275	17.703185666282756	5.936761615274101E-4
84.0	17.58306064300261	32.44159436511275	32.49244903245431	17.482895959430333	0.0
85.0	17.977260243353204	31.994859003046077	32.12920975600477	17.898670997595953	0.0
86.0	17.691519336474343	32.47571230328795	32.21244812488215	17.614788475619513	0.005531759736045839
87.0	17.531347211468475	32.43708091386443	32.65870892755014	17.37286294711696	0.0
88.0	17.90219158018826	32.07774423824578	32.09959454873453	17.92046963283143	0.0
89.0	17.6036880083147	32.487946371403645	32.20759341376034	17.70065308480573	1.1912171559094793E-4
90.0	17.386086554435575	32.50266356176007	32.56219148565967	17.549058398144684	0.0
91.0	18.02460097781524	31.989080804786894	32.0401117673465	17.945014137842023	0.0011923122093366392
92.0	17.64081734898368	32.28152734039508	32.31152781753984	17.766127493081402	0.0
93.0	17.54050100883273	32.47617859770758	32.47701406994932	17.500099958286064	0.006206365224303409
94.0	18.02345718824274	31.881471926618655	32.186272050831874	17.90682814384846	0.0019706904582751086
95.0	17.66646647364474	32.43796257286877	32.13348990220422	17.761423701061023	6.573502212581085E-4
96.0	17.50692474393995	32.47728827505705	32.61213540445767	17.403651576545332	0.0
97.0	17.971849762482744	32.008793433884996	32.07760432778638	17.940017244608367	0.0017352312375130663
98.0	17.619980985998126	32.44677157095408	32.289618690237006	17.64314981069813	4.7894211266155315E-4
99.0	17.50685180926096	32.54980738270469	32.56418180772769	17.3785001724931	6.588278135541245E-4
100.0	17.947126141986885	32.126519503212485	31.98899569871081	17.933044183791726	0.004314472298091686
101.0	17.694471073572533	32.38097978804213	32.17516110872298	17.74830887550338	0.0010791541589701991
102.0	17.462967439901764	32.42716314962576	32.520325690965514	17.588223966828618	0.0013197526783480776
103.0	18.012566278505084	32.070482571747064	32.012975670018434	17.903975479729418	0.0
104.0	17.776745912703014	32.4336484392974	32.16579735705048	17.623748221184083	6.006976502510016E-5
105.0	17.627624017120734	32.288575756847095	32.57394137591074	17.509257700723786	6.011493976483035E-4
106.0	18.021006679349128	31.866307129732913	32.16345453867248	17.94923165224548	0.0
107.0	17.731293248103	32.40312093784676	32.14621373451076	17.71913124785133	2.4083168815186367E-4
108.0	17.44812753036437	32.38950742240216	32.67224551764025	17.48945681511471	6.627144785039522E-4
109.0	17.965239303821505	31.982734194614082	32.20350018387118	17.84852631769323	0.0
110.0	17.677314515170725	32.33707175218704	32.2080477443117	17.77744534877198	1.2063955855572733E-4
111.0	17.50235981720168	32.54248274496834	32.48526773966931	17.46988969816067	0.0
112.0	17.943650913483317	31.98393477276159	32.1321455533746	17.937067794051035	0.0032009663294579496
113.0	17.729744562717556	32.38276969422596	32.193281541919795	17.69420420113669	0.0
114.0	17.47844797600619	32.449656492405445	32.476454742715624	17.595440788872736	0.0
115.0	18.030217165442433	31.98249743891541	32.00284080588795	17.983839132403837	6.05457350373325E-4
116.0	17.746679966596652	32.471362931737666	32.07460727431833	17.704319770394406	0.0030300569529504878
117.0	17.542510425941245	32.43850574852072	32.63101265669238	17.38669749364982	0.0012736751958427241
118.0	18.05233697954665	32.1224069135215	32.041377702946306	17.783817707947662	6.0696037884039E-5
119.0	17.65976003955205	32.44318947934875	32.20947281343118	17.68684882151651	7.288461515101085E-4
120.0	17.565971692511166	32.31760499219286	32.69753824404102	17.41888507125496	0.0
121.0	18.024115116105087	32.14290493238303	32.00112644257028	17.83179268590864	6.082303295270279E-5
122.0	17.653958480179295	32.42097100332465	32.170617659984494	17.75183549843628	0.002617358075280088
123.0	17.657372051825014	32.34159232518075	32.595563634768666	17.402121443244205	0.00335054498137097
124.0	18.046639870833676	31.99927319554942	32.027381991834424	17.926400074143807	3.048676386659968E-4
125.0	17.65319412013851	32.38488851674232	32.17598328269889	17.785567901219498	3.661792007772764E-4
126.0	17.54147587205484	32.41371094119911	32.508041630136944	17.535855131522275	9.164250868312769E-4
127.0	17.975670718692914	31.972804924811133	32.179758541882116	17.871765814613834	0.0
128.0	17.665499083604416	32.38347329230265	32.25853251826975	17.692495105823184	0.0
129.0	17.59874326200463	32.45860398661408	32.42276195622738	17.518420352881638	0.0014704422722744432
130.0	18.00121782737389	32.00543545913502	32.07681265265	17.9164727402281	6.132061298537565E-5
131.0	17.697925003559803	32.470306339394	32.14691672026829	17.679634985245233	0.005216951532678984
132.0	17.538417872927056	32.45642165481601	32.63107906703576	17.37408140522117	0.0
133.0	18.020885223519862	31.907836878778372	32.14596286661377	17.92500753368634	3.074974016469561E-4
134.0	17.679245736085207	32.45697911465237	32.059418047437646	17.80404924905474	3.078527700284394E-4
135.0	17.571382953409206	32.32492852149533	32.60905480696797	17.494633718127492	0.0
136.0	18.00275190451175	31.980179867639443	32.12863949865707	17.88830527003912	1.234591526134142E-4
137.0	17.68822993456473	32.43378897774855	32.19927035904714	17.678710728639583	0.0
138.0	17.622037574401077	32.3819857783764	32.62970051399879	17.363305041941906	0.0029710912818278153
139.0	18.0307781177735	32.05497146122613	32.0152421658602	17.898946274960192	6.198017997804661E-5
140.0	17.831389611276276	32.3755407560965	32.10946082660427	17.683608806022953	0.0
141.0	17.590608265005244	32.416850228478516	32.48397666983238	17.50850268257149	6.21541123646905E-5
142.0	17.936219195001723	32.03103502802067	32.073866006272745	17.958879770704854	0.0
143.0	17.714153484200377	32.45381614778833	32.159042853774736	17.672987514236567	0.0
144.0	17.468974932909052	32.39734350501486	32.62086533091424	17.51275369008017	6.254108167302396E-5
145.0	18.077720617730904	32.10537037572636	32.016842862406364	17.800066144136373	0.0
146.0	17.766348235925935	32.6201146503381	32.07918750847087	17.5337132952523	6.363100127834681E-4
147.0	17.776554868761117	33.27568190826217	32.114398770976436	16.83329893901724	6.551298303541305E-5
148.0	19.553080185605264	32.955902724608364	31.533451324912487	15.956853542062099	7.122228117844386E-4
149.0	22.026118281451176	38.13556204549839	26.45061437627014	13.3877052967803	0.0
150.0	46.16022401282032	0.0	36.68402751741262	17.155748469767055	0.0
