#Position (bp)	Coverage	Std
94.0	205.80213903743316	81.65991823403513
281.0	253.25133689839572	19.63857929666617
468.0	197.71657754010695	30.78005465729197
655.0	183.8181818181818	38.24519822364336
842.0	214.80213903743316	25.034735227568035
1029.0	262.427807486631	32.06944336687119
1216.0	283.3529411764706	147.56959746593023
1403.0	116.55614973262033	13.720666328279338
1590.0	120.59893048128342	13.255207835389024
1777.0	129.951871657754	17.57580982228392
1964.0	140.0427807486631	14.626179736685783
2151.0	140.57219251336898	16.227493669761223
2338.0	92.94117647058823	16.186744428302
2525.0	141.09625668449198	12.232594313405638
2712.0	144.2673796791444	11.918618877027264
2899.0	133.35294117647058	13.569783986237834
3086.0	158.31550802139037	37.94437245586646
3273.0	290.27807486631013	35.17260723155506
3460.0	234.5668449197861	47.52415653691769
3647.0	131.6951871657754	16.39975218281529
3834.0	133.45454545454547	14.180086964125508
4021.0	131.475935828877	15.596002504412688
4208.0	161.52941176470588	26.44447315466521
4395.0	131.57219251336898	17.989747525820977
4582.0	151.2139037433155	15.55119198622767
4769.0	122.01069518716578	8.710433844190014
4956.0	130.6577540106952	17.139721511037894
5143.0	135.07486631016042	13.31799474234834
5330.0	117.18716577540107	11.798440937520073
5517.0	119.11764705882354	13.328831682135366
5704.0	98.01069518716578	11.698987569889415
5891.0	117.10695187165776	14.119050732357621
6078.0	122.475935828877	12.205241269163945
6265.0	123.59893048128342	15.764646021117079
6452.0	124.20855614973262	12.163546837076476
6639.0	113.22459893048128	11.077268722611208
6826.0	128.06951871657753	6.983938793368474
7013.0	122.96791443850267	17.32405826163163
7200.0	118.58823529411765	14.38024491621289
7387.0	102.37433155080214	13.825884427909287
7574.0	98.89304812834224	19.35745928438245
7761.0	137.88770053475935	18.255172880539817
7948.0	127.80213903743315	18.91523450176298
8135.0	64.71657754010695	33.66189232132392
8322.0	117.33155080213903	10.487068686037508
8509.0	116.16577540106952	7.883171000729259
8696.0	130.71657754010695	17.718837976891628
8883.0	136.02139037433156	11.337788785537322
9070.0	120.81818181818181	20.522193542784027
9257.0	19.647058823529413	34.986399190860524
9444.0	15.989304812834225	58.69612673863282
9631.0	173.4866310160428	36.78649194072213
9818.0	63.35294117647059	32.9887357213334
10005.0	10.844919786096257	6.893382085561493
10192.0	8.39572192513369	3.40807471485472
10379.0	30.390374331550802	18.764940571512778
10566.0	102.44385026737967	35.689915290960485
10753.0	145.84491978609626	40.589901539075825
10940.0	118.29411764705883	16.389151231069494
11127.0	130.58288770053477	13.44487656627435
11314.0	144.64705882352942	23.643859362665374
11501.0	123.03208556149733	21.36016583484263
11688.0	131.59893048128342	18.04154445171497
11875.0	121.524064171123	18.656764626005238
12062.0	117.42780748663101	12.875794975716438
12249.0	123.86096256684492	16.52756569514962
12436.0	120.10160427807487	7.642758972117522
12623.0	128.14973262032086	9.643928016818768
12810.0	110.1711229946524	11.654794060768715
12997.0	96.70588235294117	33.46839837577492
13184.0	127.3048128342246	47.91687320733599
13371.0	58.97860962566845	28.319321270455113
13558.0	116.66844919786097	15.731537859423009
13745.0	152.16042780748663	14.141379339571811
13932.0	169.27272727272728	16.253835417383854
14119.0	144.46524064171123	20.96635960995897
14306.0	127.17647058823529	10.669312283316565
14493.0	137.75401069518716	22.90354104747494
14680.0	157.79679144385025	19.8611490262198
14867.0	147.29946524064172	16.19235972207213
15054.0	149.10160427807486	8.400725713494602
15241.0	136.96791443850267	17.56256958042815
15428.0	151.8716577540107	19.85118431521345
15615.0	120.6951871657754	14.641162397966768
15802.0	126.50802139037434	13.684957978244212
15989.0	123.9144385026738	16.92086014425363
16176.0	134.86631016042782	17.751101494782674
16363.0	140.94652406417111	19.556718555057024
16550.0	122.44919786096257	14.986625053069249
16737.0	123.71657754010695	14.93193111573044
16924.0	102.56149732620321	27.6591167242903
17111.0	102.06417112299465	7.197370286252641
17298.0	104.0	10.116963041173486
17485.0	108.63636363636364	14.758483466284678
17672.0	129.8716577540107	21.047565179849187
17859.0	113.37433155080214	23.51356418186657
18046.0	113.01604278074866	8.939188492759849
18233.0	102.87700534759358	20.240003804611685
18420.0	105.44385026737967	16.103110271863855
18607.0	125.15508021390374	11.596375978247579
18794.0	130.85026737967914	20.18245651059703
18981.0	133.28877005347593	14.617402272560588
19168.0	145.31550802139037	12.561506432361792
19355.0	156.9144385026738	18.40991943735327
19542.0	139.33689839572193	16.781228371857956
19729.0	117.7807486631016	14.576554319484337
19916.0	118.8663101604278	15.905469412100054
20103.0	118.33689839572193	12.209183884395983
20290.0	137.59893048128342	14.267872739598198
20477.0	113.32620320855615	11.008261360533643
20664.0	131.49732620320856	12.395660789853581
20851.0	138.62032085561498	17.742664372563503
21038.0	129.10160427807486	10.775541724908296
21225.0	122.14973262032086	10.323639867166587
21412.0	124.93582887700535	18.015145143613307
21599.0	131.01604278074868	8.733425861180018
21786.0	116.02673796791444	15.065454338933915
21973.0	159.6524064171123	26.104479505774105
22160.0	145.33155080213905	13.393669188521477
22347.0	150.81283422459893	18.747691479989626
22534.0	133.7807486631016	15.55325507138317
22721.0	125.8663101604278	15.668695586754335
22908.0	130.1764705882353	12.252905363201462
23095.0	136.75401069518716	15.451666922865817
23282.0	132.1764705882353	13.851581503944914
23469.0	137.3422459893048	15.853608371463025
23656.0	86.88235294117646	40.97429740859924
23843.0	30.56149732620321	8.590194634015422
24030.0	17.486631016042782	5.5408063275446
24217.0	26.951871657754012	9.325945637418524
24404.0	68.47058823529412	25.09276905452106
24591.0	145.33155080213905	55.842310449726526
24778.0	117.46524064171123	34.6383145407596
24965.0	35.37433155080214	18.415582799346108
25152.0	8.593582887700535	4.020668526634535
25339.0	34.518716577540104	12.336416245222967
25526.0	96.9090909090909	33.778770664332704
25713.0	239.8342245989305	75.5250427710008
25900.0	131.54545454545453	17.19096890127797
26087.0	133.2192513368984	13.61404590815326
26274.0	127.63636363636364	19.178168292030243
26461.0	105.75401069518716	13.999809013212152
26648.0	138.6042780748663	18.245063796577274
26835.0	159.28877005347593	19.220922201272764
27022.0	125.17647058823529	11.03688516858802
27209.0	160.8288770053476	21.93341893800787
27396.0	148.2139037433155	13.280197150781913
27583.0	158.75401069518716	22.310760934489327
27770.0	163.66844919786095	18.411952639521967
27957.0	185.80213903743316	20.344361580751034
28144.0	145.3048128342246	13.656010801696198
28331.0	138.67379679144386	15.310686212559732
28518.0	145.89304812834226	17.371837803269482
28705.0	145.80213903743316	19.610375950495886
28892.0	156.24598930481284	14.6437188812746
29079.0	159.1283422459893	11.246389795061404
29266.0	135.85561497326202	19.90780891044951
29453.0	152.46524064171123	14.551953761910157
29640.0	176.50802139037432	16.36629509000926
29827.0	163.6096256684492	17.25709960077348
30014.0	148.33689839572193	11.80251944462035
30201.0	153.3101604278075	12.028931256174697
30388.0	142.6042780748663	15.286392536875567
30575.0	121.81283422459893	16.557790547276724
30762.0	136.16042780748663	12.774473209310896
30949.0	139.48128342245988	15.185484203056644
31136.0	122.10695187165776	9.073673500966338
31323.0	136.58288770053477	19.02587599085126
31510.0	155.00534759358288	12.503903133937278
31697.0	133.54010695187165	17.353049940744974
31884.0	148.37433155080214	15.743940350306552
32071.0	155.02673796791444	12.025596586532929
32258.0	149.33155080213905	16.14506431093656
32445.0	156.8235294117647	17.048217244918774
32632.0	147.6951871657754	16.88970195372199
32819.0	146.52941176470588	15.208532645874863
33006.0	136.86096256684493	16.31917608279876
33193.0	122.91978609625669	15.820855389031323
33380.0	115.8716577540107	16.814336892476316
33567.0	105.11229946524064	8.181431957610195
33754.0	157.57754010695186	23.251473416598397
33941.0	146.88770053475935	19.37471752424756
34128.0	151.66844919786095	20.200465923572473
34315.0	139.40641711229947	14.61557297070602
34502.0	145.50267379679144	15.405742383790615
34689.0	124.98395721925134	17.43314195727993
34876.0	133.62032085561498	14.258874710908676
35063.0	128.93582887700535	18.58626368749142
35250.0	122.43850267379679	16.605842667422433
35437.0	129.62032085561498	13.738193764627127
35624.0	144.5668449197861	14.736182687992935
35811.0	137.20320855614975	15.57799078159456
35998.0	154.88770053475935	21.71497425630227
36185.0	118.3903743315508	11.782566656096105
36372.0	143.51871657754012	17.179922369449773
36559.0	144.37967914438502	12.447322156873959
36746.0	135.71122994652407	16.010858614792852
36933.0	143.27807486631016	13.79529486556228
37120.0	136.29946524064172	13.937215981135344
37307.0	145.524064171123	15.434526197149134
37494.0	147.97860962566844	21.668750756753106
37681.0	149.79679144385025	19.603421069983153
37868.0	152.98395721925132	23.720069798167668
38055.0	155.9572192513369	22.87620719470282
38242.0	149.45454545454547	13.575890867056328
38429.0	159.57219251336898	20.748558354661483
38616.0	121.24064171122994	13.511334121122896
38803.0	100.52941176470588	24.411030206075374
38990.0	118.1283422459893	18.835908362759323
39177.0	142.09625668449198	13.83052502473756
39364.0	135.11229946524065	20.810193923243354
39551.0	119.01069518716578	12.369100711305418
39738.0	128.41711229946523	12.827110327672726
39925.0	119.3903743315508	17.403822802141555
40112.0	138.6042780748663	15.96369544286384
40299.0	143.57754010695186	16.799382468915258
40486.0	137.25133689839572	10.559482648160031
40673.0	137.45454545454547	15.708405733720578
40860.0	144.524064171123	14.813276311478585
41047.0	149.97860962566844	20.08311606305507
41234.0	145.524064171123	15.356372677757602
41421.0	137.93582887700535	18.790571079595377
41608.0	151.96791443850267	20.338446509434135
41795.0	162.06951871657753	12.653548888167288
41982.0	159.42245989304814	24.006349427479044
42169.0	170.40106951871658	23.419791438354938
42356.0	149.20855614973263	10.362674690347447
42543.0	153.72727272727272	16.690962683264225
42730.0	161.2620320855615	14.798648586948742
42917.0	174.6898395721925	19.837171395739787
43104.0	168.01069518716577	11.552715725824457
43291.0	165.23529411764707	14.237857196225425
43478.0	155.475935828877	15.705341575740896
43665.0	151.79144385026737	17.364294301166943
43852.0	165.72727272727272	21.894985141158454
44039.0	152.86631016042782	18.586407545691667
44226.0	126.71122994652407	19.29534038123731
44413.0	128.09625668449198	12.25814146131298
44600.0	123.77540106951872	16.229800279495095
44787.0	118.3048128342246	12.066881356359175
44974.0	103.0	8.622194963540577
45161.0	119.26737967914438	10.797107951065014
45348.0	143.54545454545453	14.537982706568064
45535.0	156.19251336898395	13.603239626730282
45722.0	157.96791443850267	24.210639814220166
45909.0	137.40641711229947	18.01841007426231
46096.0	147.05882352941177	12.593182095646792
46283.0	147.32620320855614	11.510748290324448
46470.0	146.54545454545453	17.930644756683314
46657.0	133.1711229946524	11.503312705849343
46844.0	129.7860962566845	17.478328827711913
47031.0	129.50802139037432	18.435753452126463
47218.0	144.3957219251337	14.440362328249396
47405.0	138.76470588235293	16.000835539680843
47592.0	137.7860962566845	18.405271274696975
47779.0	137.0855614973262	10.401563025285371
47966.0	119.2192513368984	12.803533937293313
48153.0	124.24598930481284	15.306843738688961
48340.0	122.29946524064171	11.89121816798923
48527.0	136.71657754010695	15.679613113201464
48714.0	144.5668449197861	14.257374487356637
48901.0	143.75935828877004	16.83610838212157
49088.0	133.5668449197861	15.005168450034231
49275.0	135.50802139037432	17.126612496783274
49462.0	146.71657754010695	20.086710428262656
49649.0	136.86096256684493	17.505537702892195
49836.0	139.55080213903744	14.770797899512207
50023.0	123.0427807486631	17.479093700119023
50210.0	133.5133689839572	14.4640435615264
50397.0	144.31550802139037	14.952509491953228
50584.0	102.2566844919786	15.207301933136009
50771.0	123.31550802139037	17.119429497216323
50958.0	49.336898395721924	27.330518093357412
51145.0	18.32620320855615	4.397982036037072
51332.0	20.080213903743317	3.0142265172554934
51519.0	36.79679144385027	10.78447091118635
51706.0	108.58823529411765	36.2209500048154
51893.0	138.48128342245988	35.737306560706315
52080.0	138.67914438502675	15.582281175457469
52267.0	148.8288770053476	19.87326153564556
52454.0	138.0	15.323952799841358
52641.0	138.40106951871658	15.601144891485854
52828.0	116.94652406417113	19.214939597701456
53015.0	109.51336898395722	12.940422924098963
53202.0	125.01604278074866	9.557873255932527
53389.0	128.87700534759358	17.366449921837823
53576.0	134.14973262032086	13.550065611459779
53763.0	121.82352941176471	17.50141323552591
53950.0	122.89304812834224	16.755077448966205
54137.0	148.22994652406416	12.24854023824527
54324.0	160.18716577540107	21.816566339479706
54511.0	130.9625668449198	21.111114238358596
54698.0	118.02139037433155	5.6879645899451825
54885.0	129.16042780748663	9.957664395524821
55072.0	115.42780748663101	13.945654643022658
55259.0	130.09625668449198	10.629894280114833
55446.0	132.42245989304814	14.95608544969602
55633.0	142.00534759358288	9.398202126393906
55820.0	137.05882352941177	17.355206958032834
56007.0	145.048128342246	26.713873100746397
56194.0	160.59358288770053	26.926618442512662
56381.0	145.15508021390374	11.868035531615133
56568.0	142.20320855614975	18.388557241751098
56755.0	126.45989304812834	14.017178154766366
56942.0	136.15508021390374	14.826446958451164
57129.0	146.46524064171123	16.860389297780994
57316.0	164.07486631016042	11.746884898254192
57503.0	126.13903743315508	15.750732094011571
57690.0	113.07486631016043	9.733343100622614
57877.0	136.06951871657753	15.3864653350931
58064.0	163.02673796791444	13.079967947106221
58251.0	180.06951871657753	11.523749018607123
58438.0	171.13903743315507	11.02500803351353
58625.0	179.52941176470588	18.102500787442562
58812.0	210.47058823529412	19.747334484718106
58999.0	187.8288770053476	21.060772771496772
59186.0	181.93582887700535	21.68848483254543
59373.0	220.72727272727272	68.64330807380651
59560.0	335.5080213903743	45.97633662452634
59747.0	263.6524064171123	22.031819478171048
59934.0	260.7165775401069	22.745041182546117
60121.0	240.24598930481284	21.15299500924079
60308.0	195.66310160427807	19.065044868262945
60495.0	191.14438502673798	22.419314629336828
60682.0	209.75935828877004	25.91801141114074
60869.0	217.4385026737968	30.758330031231576
61056.0	221.77005347593584	32.04141704758249
61243.0	197.97860962566844	24.301251040615877
61430.0	203.8342245989305	25.570286900864286
61617.0	198.28342245989305	18.836902001267294
61804.0	190.94117647058823	21.97348913119929
61991.0	178.33155080213905	13.752588477794687
62178.0	178.99465240641712	20.94785989605139
62365.0	179.92513368983958	20.840237715088353
62552.0	164.99465240641712	19.68495177040592
62739.0	168.8181818181818	18.63267212689136
62926.0	171.99465240641712	21.26683039068845
63113.0	241.01604278074868	56.54031735523787
63300.0	342.5347593582888	26.367619098022345
63487.0	214.14438502673798	45.47861929340233
63674.0	291.427807486631	83.69872123174208
63861.0	354.7967914438503	37.10261821051
64048.0	286.93582887700535	57.82534092831563
64235.0	288.4385026737968	53.92438754582679
64422.0	406.16042780748666	18.150882773423408
64609.0	410.6417112299465	35.776489755862634
64796.0	347.73262032085563	90.61675188355149
64983.0	299.3048128342246	91.15491896401913
65170.0	147.94652406417111	22.741396680825307
65357.0	148.3048128342246	11.779843202791502
65544.0	157.10695187165774	15.593773610036484
65731.0	133.25133689839572	14.005537483934798
65918.0	120.55080213903743	14.40086895773889
66105.0	129.68449197860963	16.384092976841842
66292.0	123.2620320855615	11.069783509711112
66479.0	132.01069518716577	8.930510102742485
66666.0	126.42780748663101	13.548092195546865
66853.0	117.98930481283422	17.12036658111203
67040.0	124.23529411764706	14.181029732641974
67227.0	132.97860962566844	20.530269813366438
67414.0	136.63636363636363	17.609094636117558
67601.0	127.36898395721926	17.568658287151454
67788.0	143.6149732620321	16.29392459199518
67975.0	136.3475935828877	16.27027735269716
68162.0	131.3475935828877	11.929606364897
68349.0	131.47058823529412	12.551072136064963
68536.0	127.40641711229947	12.917260350912699
68723.0	117.33689839572193	11.63159996075602
68910.0	119.89304812834224	17.455367070680374
69097.0	126.51336898395722	16.816722006307664
69284.0	145.27272727272728	16.25844083532374
69471.0	121.475935828877	15.32342933651003
69658.0	126.88235294117646	17.51958415251359
69845.0	77.35828877005348	38.71450418415041
70032.0	126.9090909090909	22.60187867824481
70219.0	127.98395721925134	16.881784633338327
70406.0	140.66310160427807	15.338602520201373
70593.0	128.62032085561498	16.554237546581934
70780.0	122.97326203208556	17.661402370418937
70967.0	110.77540106951872	18.11209894910711
71154.0	158.0	9.872448563639708
71341.0	137.40641711229947	15.774141162414066
71528.0	143.97860962566844	20.54979604879473
71715.0	156.5668449197861	18.890905488102703
71902.0	172.3903743315508	13.912830226800994
72089.0	212.88770053475935	31.649737476840848
72276.0	243.6096256684492	24.093401142421317
72463.0	240.3903743315508	17.710838398885723
72650.0	238.81283422459893	23.747558275834866
72837.0	224.50802139037432	18.11209894910716
73024.0	180.6524064171123	45.7684243021497
73211.0	110.05882352941177	20.76878056095987
73398.0	49.962566844919785	19.069812637010752
73585.0	48.01604278074866	7.51860437612632
73772.0	65.66310160427807	20.27511316623765
73959.0	59.90909090909091	12.701846259332621
74146.0	67.88235294117646	17.17743202935161
74333.0	109.99465240641712	25.809462261852516
74520.0	28.342245989304814	21.385186536678983
74624.0	1.7142857142857142	1.5275252316519468
