# Position (bp)	A	C	G	T	N
0.0	13.955054288359566	26.085065791319472	52.532053979743566	7.402575540779395	0.025250399797996804
1.0	14.231421880039827	32.526960887430405	24.272511815109315	28.887766979398936	0.08133843802151261
2.0	16.36722910477045	34.505857951678905	25.532541061718707	23.59437188183194	0.0
3.0	11.645551900328972	42.35878770910618	16.47371736543711	29.51914327710506	0.002799748022677959
4.0	31.670488227727756	18.34908562160953	18.3812426598065	31.599183490856213	0.0
5.0	29.212808445865747	16.379226074934717	41.94444832353475	12.46351715566479	0.0
6.0	23.639002470100618	25.490880165231587	34.67770071311944	16.19241665154835	0.0
7.0	27.770339999442168	25.04671854517056	32.56491785903551	14.61802359635177	0.0
8.0	9.648377071341965	49.86411717976949	25.649101779716528	14.83840396917202	0.0
9.0	22.40020057386411	32.64618213221161	17.99175418558654	26.96186310833774	0.0
10.0	16.150226899412566	19.221025084217267	47.09067624377071	17.535287730727468	0.002784041871989755
11.0	18.190292018531142	32.735569498740944	25.183989760569848	23.890148722158074	0.0
12.0	13.56606397774687	28.87482614742698	36.9874826147427	20.57162726008345	0.0
13.0	13.380692876605682	42.390035033086804	24.940221320135684	19.28905077017183	0.0
14.0	20.73631564323423	30.238955265351485	33.446790775215334	15.577938316198944	0.0
15.0	22.026486756621686	29.554667110889	30.280692986839913	18.138153145649397	0.0
16.0	21.33242673179396	29.36278863232682	28.885435168738898	20.419349467140318	0.0
17.0	20.810507191101618	29.457858896301126	30.191531559019737	19.54010235357752	0.0
18.0	20.434607868952423	29.625677342461575	30.727441551062267	19.212273237523732	0.0
19.0	19.941808105299618	30.704537582265328	30.789054381711118	18.564599930723936	0.0
20.0	19.831574281836062	30.617191611956006	30.25568575306795	19.295548353139978	0.0
21.0	19.4823001495762	31.273890643177666	29.97617860506343	19.267630602182702	0.0
22.0	19.038123329594395	30.606677468045916	30.851785689557282	19.503413512802403	0.0
23.0	18.871110618979074	30.453438157457647	30.84514450226996	19.830306721293322	0.0
24.0	18.98369820929396	30.963715369073647	30.505659959591487	19.546926462040908	0.0
25.0	19.306232012397608	30.540181536417975	29.330861191056012	20.822725260128404	0.0
26.0	19.283193800595033	30.256694111949077	29.899674807998338	20.560437279457553	0.0
27.0	20.169357851479806	29.91711980961078	30.31284158676131	19.600680752148104	0.0
28.0	19.97869750456482	29.786145078293586	30.066950699939138	20.168206717202455	0.0
29.0	20.13775552543498	29.642333545406768	30.79306243257448	19.426848496583773	0.0
30.0	19.291474734060948	30.937461094742087	30.69400063631711	19.07706353487986	0.0
31.0	19.84145649737836	31.065395736203534	29.906063666422256	19.18708409999585	0.0
32.0	19.74488807725298	30.53595639301624	30.365789546498434	19.35336598323234	0.0
33.0	19.39550782601475	30.916564026626443	29.963049585518757	19.70965554463804	0.015223017202009437
34.0	19.55239993356585	30.370093561423907	29.878757681448263	20.195980734097326	0.0027680894646514975
35.0	19.17146495404717	30.402225667146492	30.201528069981176	20.224781308825158	0.0
36.0	19.834447628143902	29.904627437952463	30.343424276400484	19.917500657503147	0.0
37.0	20.24338580387922	29.822375434370286	29.92620896844845	20.006645346181003	0.0013844471210422119
38.0	20.43302508444543	30.7229082451963	29.32194473669638	19.522121933661886	0.0
39.0	19.74223378924636	30.19685475386234	30.805969322775343	19.254942134115954	0.0
40.0	20.06451880875573	30.65058773035015	30.174311545543908	19.110581915350217	0.0
41.0	19.56840909720491	30.25568575306795	30.966231751572064	19.209673398155076	0.0
42.0	19.901862940785097	30.349024173874472	30.662286538035037	19.08682634730539	0.0
43.0	20.038821490467935	30.5317157712305	30.08110918544194	19.348353552859617	0.0
44.0	19.12353911633001	30.666426363144833	30.04949328305444	20.160541237470714	0.0
45.0	19.49399395234	30.540682997198104	30.400588121064164	19.56473492939773	0.0
46.0	19.634063449347334	30.6343547559267	30.28201251231117	19.449569282414792	0.0
47.0	19.336043172453977	30.729853086025834	29.998751439313015	19.93535230220718	0.0
48.0	19.548204473552754	30.514236554365322	30.489260143198088	19.448298828883832	0.0
49.0	19.697747678985277	30.071191662387765	29.969885788034805	20.261174870592153	0.0
50.0	20.303391994670516	30.060234275245655	30.061622161772057	19.574751568311775	0.0
51.0	19.75315497924447	29.546432686834468	30.857015924141667	19.843396409779395	0.0
52.0	19.84248249805534	30.97566396266252	29.50883431492388	19.673019224358264	0.0
53.0	19.92605565285075	30.385288966725042	30.732771801073028	18.95588357935118	0.0
54.0	19.32617703495648	30.60290886843349	31.0687171500876	19.002196946522428	0.0
55.0	20.01529902642559	30.033379694019473	30.471488178025037	19.479833101529902	0.0
56.0	19.876752726463387	30.41675940351658	30.18862675272646	19.517861117293567	0.0
57.0	19.90984222389181	30.308595597851795	30.261290591869106	19.520271586387288	0.0
58.0	19.758653806004425	29.803610449983992	30.10842484724484	20.32931089676674	0.0
59.0	19.937065760710656	30.290583534063853	29.792122081285417	19.980228623940075	0.0
60.0	19.864893098405183	30.573159690786266	29.786196810362835	19.775750400445713	0.0
61.0	20.4421967733846	30.13736799576472	29.950681267240657	19.46975396361002	0.0
62.0	20.368693131940866	29.786670753967705	30.28272047041119	19.561915643680244	0.0
63.0	20.142490658635882	30.193519602922315	30.52674139757961	19.137248340862197	0.0
64.0	19.808306709265175	30.36817947179709	30.510484534788006	19.313029284149728	0.0
65.0	19.85427542503001	30.909243181374052	29.400351748974064	19.83612964462187	0.0
66.0	19.69470552909794	29.909361339608676	31.23053503344832	19.165398097845063	0.0
67.0	20.349146003969473	29.79761272468063	30.195957845302324	19.653090319514718	0.004193106532859979
68.0	19.344555673620043	30.389799228231084	29.97874839214809	20.28549857390526	0.0013981320955203849
69.0	19.564487706637575	30.24251069900143	30.902632094207156	19.288970937875863	0.0013985622779782384
70.0	20.157804171737943	30.248597529413413	29.659629831703533	19.933968467145117	0.0
71.0	19.67245240761478	29.930011198208284	30.41993281075028	19.976203807390817	0.0013997760358342667
72.0	20.07281383462858	29.682839739550516	30.011902261429675	20.232444164391232	0.0
73.0	19.604629006949114	29.72567809908092	30.836695808114772	19.83299708585519	0.0
74.0	19.918687789149025	30.171036029721016	30.744427309687367	19.165848871442588	0.0
75.0	20.17420820826437	30.879176368277832	29.797738940163264	19.148876483294526	0.0
76.0	20.117321806980367	30.395610255834516	29.87074954039603	19.616318396789087	0.0
77.0	20.054470665861775	30.49374570060788	30.01080990018391	19.440973733346436	0.0
78.0	19.145140673942663	31.09294453106345	30.365344907504948	19.396569887488937	0.0
79.0	19.802759124497765	28.993284819195864	30.940406282487142	20.26354977381922	0.0
80.0	19.722249553715756	30.511786120911406	29.77664703484531	19.989317290527527	0.0
81.0	19.44991281849373	30.500871815062712	29.681084425445754	20.368130940997805	0.0
82.0	19.627706724072432	30.593896416360643	29.351511825869174	20.426885033697747	0.0
83.0	19.7994846304406	30.458904206035175	29.997042961544416	19.744568201979806	0.0
84.0	19.83092638252906	29.1327932370553	31.18421979570271	19.852060584712927	0.0
85.0	19.757143260090825	30.726595774687617	29.548980340168672	19.967280625052886	0.0
86.0	20.00508101394456	30.20239372212499	30.46491277592728	19.326201095240783	0.0014113927623779145
87.0	19.588211204157428	31.076214819312835	29.976134325618176	19.359439650911554	0.0
88.0	19.291355268920505	30.500261362191488	30.43951231227837	19.768871056609637	0.0
89.0	19.53925517631263	30.266412267684263	30.115186205921844	20.079146350081267	0.0
90.0	19.404610380427094	30.62225993494555	29.909489464007923	20.06364022061943	0.0
91.0	19.58090440885166	29.44705416265776	30.646895693021676	20.3251457354689	0.0
92.0	19.24481821270812	31.48006569260392	29.646619096160382	19.62849699852758	0.0
93.0	19.324266893327664	31.092222694432643	29.926335174953962	19.647258818529536	0.009916418756197762
94.0	20.168746454906408	29.641236528644356	30.42115711854793	19.768859897901304	0.0
95.0	19.97047090390267	30.25738582319454	30.037337270546143	19.73480600235665	0.0
96.0	19.19486166569565	30.80726983360095	30.74616685376494	19.251701646938457	0.0
97.0	19.82969407483225	29.900204708290683	30.441828727396793	19.82827248948027	0.0
98.0	19.832712168198242	30.3934678084725	30.60542262937779	19.168397393951466	0.0
99.0	19.966696080384846	30.275255472374823	30.043266630611143	19.714781816629188	0.0
100.0	19.71459902872524	30.365865815970494	29.97707107965308	19.938191606021334	0.004272469629861715
101.0	19.562801037421266	30.234844814318695	30.177843645794738	20.0245105024653	0.0
102.0	19.565775218110282	30.613845013400237	30.37862804356503	19.441751724924444	0.0
103.0	19.726125098067186	30.03209471507025	30.19328150631196	20.0484986805506	0.0
104.0	19.92091589105236	30.685776280477363	29.785016844629702	19.608290983840575	0.0
105.0	20.32234557846457	30.678554588709332	29.784102761941504	19.214997070884593	0.0
106.0	20.41368064197743	30.013303008196367	30.014733439185225	19.558282910640976	0.0
107.0	19.264531095613822	30.34668423238297	30.091790414274055	20.296994257729153	0.0
108.0	19.52292263610315	30.51002865329513	30.412607449856733	19.554441260744987	0.0
109.0	20.137335856413785	29.925741154882736	30.480532140604392	19.45639084809909	0.0
110.0	19.320268564214395	30.991047859520254	30.253643980259383	19.435039596005968	0.0
111.0	19.028613268631645	31.163051124861813	30.215496819950328	19.592838786556214	0.0
112.0	19.28990171848957	29.330708661417322	30.85665842864532	20.518420598884994	0.004310592562790965
113.0	19.69566217926591	29.877171786905993	30.730065585088024	19.697100448740077	0.0
114.0	19.414752046497576	30.434907709792974	30.574457983858206	19.575882259851245	0.0
115.0	20.47202142672004	30.304121187685396	29.383981798807707	19.839875586786857	0.0
116.0	19.70775571375047	30.78652333054731	29.475170764043	20.02910914488284	0.0014410467763783612
117.0	19.564339296018467	30.9333525678015	29.93075591459896	19.571552221581072	0.0
118.0	20.227558225161353	29.611447218331723	30.27708390487604	19.88391065163088	0.0
119.0	19.638676109264345	30.167654285301342	30.7934672640555	19.40020234137881	0.0
120.0	19.727782920620225	30.230270770654943	30.450127285350614	19.591819023374217	0.0
121.0	19.615763261524208	30.712879314338657	30.579684966411858	19.091672457725274	0.0
122.0	19.27574664174238	30.85249750032604	30.243881232882668	19.626425538697852	0.0014490863510556594
123.0	20.018859712752068	30.134919483534016	29.709850573045117	20.136370230668792	0.0
124.0	19.83299448155678	29.703746732500726	30.707232065059543	19.756026720882954	0.0
125.0	19.435399465054076	30.081986277474126	30.83352715432027	19.64908710315153	0.0
126.0	19.17999621581498	29.8775961692404	30.880405198888035	20.062002416056586	0.0
127.0	19.945215858260603	30.22744160972127	30.47076479244678	19.356577739571343	0.0
128.0	19.752078168295174	30.437509114773224	30.263963832579844	19.546448884351758	0.0
129.0	19.915303738317757	30.27015186915888	30.3446261682243	19.469918224299064	0.0
130.0	19.802052571562236	30.25934914183796	30.104382912780324	19.83421537381948	0.0
131.0	19.54733112757298	29.99297279887565	30.94896495183439	19.5078031212485	0.002928000468480075
132.0	19.666363716321207	30.392271834413204	31.243953208830515	18.697411240435073	0.0
133.0	19.914576330891958	30.356225506744362	29.584183411369274	20.14501475099441	0.0
134.0	19.458855689951644	30.46986375861613	30.18474155288723	19.886538998544996	0.0
135.0	19.629057187017	30.39670273055126	30.289247074409364	19.684993008022374	0.0
136.0	19.736163313435036	30.183506522219766	30.09212174810229	19.988208416242905	0.0
137.0	19.76001062683571	30.2864817794046	30.073945065163166	19.87956252859652	0.0
138.0	20.208709019422354	30.907263428622105	29.84598102107784	19.035090312472285	0.002956218405415792
139.0	19.621490344745883	29.57291790072266	30.470323421395566	20.335268333135883	0.0
140.0	19.432039051024496	31.7571477321622	29.45889404887313	19.351919167940178	0.0
141.0	19.47814451382694	30.683913172762416	30.327088908712458	19.510853404698185	0.0
142.0	20.321134396830363	29.928355452284134	30.36030802687043	19.390202124015072	0.0
143.0	20.038803074397432	30.132079695545112	30.145511528990376	19.683605701067084	0.0
144.0	20.200856108001318	29.54171281467956	30.809411201245247	19.44801987607388	0.0
145.0	19.581166000180403	30.375236778014976	30.161760726419917	19.881836495384707	0.0
146.0	19.504366081479905	30.317643837283597	31.032646727720813	19.145343353515685	0.0
147.0	20.065337001375518	30.869388520695264	30.00031261723146	19.064961860697764	0.0
148.0	21.760887205842575	31.16547200432783	28.67189613199892	18.401744657830672	0.0
149.0	25.097997669244627	33.88282657061129	25.085284458099377	15.933891302044708	0.0
150.0	49.361559139784944	0.0	33.266129032258064	17.37231182795699	0.0
