#Coverage	Number of genomic locations
0.0	304649.0
1.0	4923.0
2.0	3279.0
3.0	2123.0
4.0	1989.0
5.0	1977.0
6.0	1680.0
7.0	1467.0
8.0	1587.0
9.0	1568.0
10.0	1679.0
11.0	1380.0
12.0	1147.0
13.0	1186.0
14.0	1433.0
15.0	1212.0
16.0	1299.0
17.0	1328.0
18.0	1480.0
19.0	1735.0
20.0	2000.0
21.0	2224.0
22.0	2063.0
23.0	2424.0
24.0	2738.0
25.0	3396.0
26.0	3565.0
27.0	4335.0
28.0	4876.0
29.0	5826.0
30.0	6799.0
31.0	8621.0
32.0	10027.0
33.0	11924.0
34.0	14419.0
35.0	17222.0
36.0	20386.0
37.0	23885.0
38.0	28405.0
39.0	32215.0
40.0	36909.0
41.0	42974.0
42.0	48956.0
43.0	55938.0
44.0	62533.0
45.0	69033.0
46.0	76929.0
47.0	82643.0
48.0	87814.0
49.0	94586.0
50.0	102339.0
51.0	107171.0
52.0	112650.0
53.0	118479.0
54.0	120918.0
55.0	125279.0
56.0	127905.0
57.0	129586.0
58.0	131321.0
59.0	130676.0
60.0	130485.0
61.0	131710.0
62.0	130244.0
63.0	129107.0
64.0	126531.0
65.0	124907.0
66.0	121712.0
67.0	120016.0
68.0	115480.0
69.0	111882.0
70.0	109176.0
71.0	105633.0
72.0	100319.0
73.0	96503.0
74.0	93037.0
75.0	89803.0
76.0	85628.0
77.0	82637.0
78.0	77949.0
79.0	74057.0
80.0	68775.0
81.0	66149.0
82.0	62384.0
83.0	58154.0
84.0	53778.0
85.0	50808.0
86.0	46904.0
87.0	43706.0
88.0	40445.0
89.0	37158.0
90.0	34788.0
91.0	31518.0
92.0	28914.0
93.0	26709.0
94.0	23497.0
95.0	22330.0
96.0	19854.0
97.0	18022.0
98.0	16393.0
99.0	14835.0
100.0	13163.0
101.0	12091.0
102.0	10550.0
103.0	9656.0
104.0	8759.0
105.0	7628.0
106.0	6907.0
107.0	6270.0
108.0	5511.0
109.0	5138.0
110.0	4726.0
111.0	4161.0
112.0	3741.0
113.0	3290.0
114.0	2971.0
115.0	2808.0
116.0	2446.0
117.0	2204.0
118.0	2021.0
119.0	1756.0
120.0	1563.0
121.0	1433.0
122.0	1213.0
123.0	1064.0
124.0	981.0
125.0	931.0
126.0	802.0
127.0	696.0
128.0	644.0
129.0	558.0
130.0	514.0
131.0	493.0
132.0	495.0
133.0	368.0
134.0	339.0
135.0	306.0
136.0	271.0
137.0	264.0
138.0	250.0
139.0	268.0
140.0	216.0
141.0	249.0
142.0	273.0
143.0	281.0
144.0	282.0
145.0	254.0
146.0	277.0
147.0	259.0
148.0	254.0
149.0	257.0
150.0	268.0
151.0	238.0
152.0	229.0
153.0	250.0
154.0	255.0
155.0	313.0
156.0	297.0
157.0	224.0
158.0	312.0
159.0	252.0
160.0	337.0
161.0	305.0
162.0	251.0
163.0	248.0
164.0	226.0
165.0	233.0
166.0	251.0
167.0	264.0
168.0	225.0
169.0	249.0
170.0	275.0
171.0	221.0
172.0	188.0
173.0	286.0
174.0	235.0
175.0	281.0
176.0	243.0
177.0	268.0
178.0	278.0
179.0	293.0
180.0	284.0
181.0	276.0
182.0	271.0
183.0	283.0
184.0	281.0
185.0	289.0
186.0	270.0
187.0	252.0
188.0	319.0
189.0	274.0
190.0	279.0
191.0	328.0
192.0	333.0
193.0	316.0
194.0	330.0
195.0	262.0
196.0	316.0
197.0	287.0
198.0	307.0
199.0	335.0
200.0	377.0
201.0	340.0
202.0	380.0
203.0	318.0
204.0	335.0
205.0	321.0
206.0	323.0
207.0	386.0
208.0	401.0
209.0	353.0
210.0	356.0
211.0	373.0
212.0	347.0
213.0	401.0
214.0	354.0
215.0	307.0
216.0	350.0
217.0	348.0
218.0	357.0
219.0	341.0
220.0	355.0
221.0	319.0
222.0	308.0
223.0	355.0
224.0	280.0
225.0	305.0
226.0	288.0
227.0	282.0
228.0	298.0
229.0	288.0
230.0	242.0
231.0	254.0
232.0	262.0
233.0	276.0
234.0	293.0
235.0	280.0
236.0	248.0
237.0	272.0
238.0	272.0
239.0	253.0
240.0	237.0
241.0	285.0
242.0	255.0
243.0	242.0
244.0	235.0
245.0	259.0
246.0	224.0
247.0	237.0
248.0	206.0
249.0	210.0
250.0	185.0
251.0	177.0
252.0	156.0
253.0	155.0
254.0	158.0
255.0	137.0
256.0	152.0
257.0	145.0
258.0	149.0
259.0	136.0
260.0	101.0
261.0	128.0
262.0	106.0
263.0	116.0
264.0	118.0
265.0	123.0
266.0	99.0
267.0	88.0
268.0	70.0
269.0	82.0
270.0	67.0
271.0	58.0
272.0	60.0
273.0	57.0
274.0	57.0
275.0	63.0
276.0	57.0
277.0	50.0
278.0	54.0
279.0	55.0
280.0	47.0
281.0	43.0
282.0	55.0
283.0	52.0
284.0	36.0
285.0	38.0
286.0	28.0
287.0	32.0
288.0	33.0
289.0	31.0
290.0	42.0
291.0	26.0
292.0	31.0
293.0	27.0
294.0	18.0
295.0	15.0
296.0	24.0
297.0	14.0
298.0	15.0
299.0	20.0
300.0	20.0
301.0	18.0
302.0	18.0
303.0	16.0
304.0	22.0
305.0	17.0
306.0	13.0
307.0	12.0
308.0	11.0
309.0	11.0
310.0	10.0
311.0	11.0
312.0	11.0
313.0	11.0
314.0	14.0
315.0	22.0
316.0	7.0
317.0	10.0
318.0	11.0
319.0	10.0
320.0	11.0
321.0	14.0
322.0	16.0
323.0	23.0
324.0	11.0
325.0	10.0
326.0	9.0
327.0	9.0
328.0	9.0
329.0	3.0
330.0	4.0
331.0	7.0
332.0	5.0
333.0	9.0
334.0	11.0
335.0	8.0
336.0	7.0
337.0	7.0
338.0	6.0
339.0	5.0
340.0	8.0
341.0	8.0
342.0	14.0
343.0	10.0
344.0	5.0
345.0	7.0
346.0	6.0
347.0	11.0
348.0	16.0
349.0	9.0
350.0	9.0
351.0	11.0
352.0	6.0
353.0	11.0
354.0	6.0
355.0	11.0
356.0	7.0
357.0	10.0
358.0	15.0
359.0	22.0
360.0	13.0
361.0	15.0
362.0	13.0
363.0	28.0
364.0	23.0
365.0	24.0
366.0	21.0
367.0	18.0
368.0	18.0
369.0	13.0
370.0	21.0
371.0	12.0
372.0	20.0
373.0	22.0
374.0	16.0
375.0	20.0
376.0	21.0
377.0	24.0
378.0	22.0
379.0	22.0
380.0	21.0
381.0	9.0
382.0	18.0
383.0	27.0
384.0	29.0
385.0	28.0
386.0	26.0
387.0	19.0
388.0	26.0
389.0	22.0
390.0	18.0
391.0	21.0
392.0	28.0
393.0	26.0
394.0	23.0
395.0	21.0
396.0	16.0
397.0	22.0
398.0	27.0
399.0	15.0
400.0	21.0
401.0	22.0
402.0	18.0
403.0	28.0
404.0	23.0
405.0	16.0
406.0	20.0
407.0	15.0
408.0	19.0
409.0	25.0
410.0	27.0
411.0	28.0
412.0	19.0
413.0	33.0
414.0	32.0
415.0	25.0
416.0	17.0
417.0	19.0
418.0	10.0
419.0	16.0
420.0	26.0
421.0	17.0
422.0	15.0
423.0	10.0
424.0	19.0
425.0	16.0
426.0	12.0
427.0	19.0
428.0	21.0
429.0	13.0
430.0	10.0
431.0	4.0
432.0	7.0
433.0	14.0
434.0	5.0
435.0	3.0
436.0	7.0
437.0	13.0
438.0	11.0
439.0	13.0
440.0	5.0
441.0	4.0
442.0	17.0
443.0	10.0
444.0	13.0
445.0	6.0
446.0	10.0
447.0	16.0
448.0	7.0
449.0	12.0
450.0	12.0
451.0	19.0
452.0	8.0
453.0	5.0
454.0	9.0
455.0	12.0
456.0	13.0
457.0	4.0
458.0	12.0
459.0	6.0
460.0	16.0
461.0	7.0
462.0	8.0
463.0	11.0
464.0	10.0
465.0	6.0
466.0	2.0
467.0	6.0
468.0	3.0
469.0	4.0
470.0	5.0
471.0	2.0
472.0	3.0
473.0	3.0
474.0	7.0
475.0	4.0
476.0	7.0
477.0	7.0
478.0	5.0
479.0	4.0
480.0	3.0
481.0	3.0
482.0	2.0
483.0	2.0
484.0	2.0
485.0	2.0
486.0	3.0
487.0	7.0
488.0	5.0
489.0	1.0
490.0	2.0
491.0	3.0
492.0	2.0
493.0	2.0
497.0	6.0
499.0	2.0
500.0	1.0
501.0	4.0
502.0	1.0
504.0	1.0
505.0	4.0
506.0	1.0
508.0	1.0
509.0	1.0
514.0	1.0
515.0	4.0
516.0	3.0
517.0	1.0
518.0	1.0
519.0	3.0
520.0	2.0
521.0	4.0
522.0	1.0
524.0	1.0
525.0	2.0
526.0	1.0
527.0	2.0
528.0	7.0
532.0	1.0
534.0	1.0
535.0	3.0
536.0	2.0
537.0	1.0
540.0	1.0
541.0	1.0
545.0	1.0
546.0	1.0
547.0	1.0
548.0	1.0
549.0	1.0
552.0	3.0
553.0	1.0
554.0	4.0
558.0	3.0
559.0	2.0
566.0	1.0
567.0	1.0
579.0	1.0
580.0	2.0
