# Position (bp)	A	C	G	T	N
0.0	14.712992284019446	26.47428749832746	51.19753802238972	7.612506132643504	0.002676062619865305
1.0	14.871264347314254	33.02000374568577	23.573740959073923	28.534990947926048	0.0
2.0	16.538324420677363	34.35472370766489	25.20409982174688	23.902852049910873	0.0
3.0	11.795757408511887	42.36004166036123	16.29739088635089	29.54591986611713	8.901786588568326E-4
4.0	31.57660781280561	18.771003360537687	18.733664052915135	30.918724773741573	0.0
5.0	29.24144787062186	16.598320640499903	42.308853029415424	11.851378459462818	0.0
6.0	23.57549036132821	25.306281770357426	35.36190484639337	15.755435891521694	8.871303992973928E-4
7.0	27.23500833362885	25.481400049647153	32.89832972800454	14.3843753324586	8.865562608603142E-4
8.0	9.388872644142587	49.67082236812958	25.765349070062115	15.17495591766572	0.0
9.0	21.536731368659677	33.70466137716067	17.87333522244262	26.885272031737035	0.0
10.0	16.41600905906083	18.70819915779044	47.66269153190134	17.21310025124739	0.0
11.0	18.4137229762589	33.25257526857951	24.612936027233744	23.720765727927848	0.0
12.0	13.506156035389468	28.96120769659098	36.93974774838476	20.59288851963479	0.0
13.0	13.962814114737446	42.209954511328	25.09649781389392	18.729850284856248	8.832751843836947E-4
14.0	21.38102720740126	30.11882271932767	33.316266177015834	15.18388389625523	0.0
15.0	21.938415387330156	29.804129168872418	30.42526910181754	17.831304040938768	8.823010411152286E-4
16.0	20.81392887383573	29.59621083827265	29.218705898955687	20.370272368049676	8.820208862545865E-4
17.0	20.3392221164357	29.99929475651469	30.165908529919953	19.495574597129657	0.0
18.0	20.07190567667119	29.90430200384202	30.6497946810948	19.37399763839199	0.0
19.0	19.953159118123548	30.623547228287666	30.822532929492148	18.60076072409664	0.0
20.0	19.901360693997976	30.763133559381746	30.138711524065346	19.19679422255493	0.0
21.0	19.43018186622044	30.897881897045227	30.23735083006737	19.433704698577657	8.807080893038003E-4
22.0	19.647246425330597	30.487987524998456	30.586659853577313	19.278106196093635	0.0
23.0	19.254461335095836	30.30447235073805	30.609385327164574	19.831680987001544	0.0
24.0	19.352250989518595	30.790116273944584	30.55122136126024	19.306411375276582	0.0
25.0	19.29864792160944	30.997257036011323	29.891251620641906	19.812843421737327	0.0
26.0	19.45285533947157	30.509626673964284	30.432825148527087	19.604692838037057	0.0
27.0	19.928269184901193	30.422876123002446	30.201146632980276	19.44770805911609	0.0
28.0	19.544028630760394	30.125922325807448	30.117085671364823	20.212963372067335	0.0
29.0	19.886810806030862	30.43374452845205	30.439050271919356	19.240394393597736	0.0
30.0	19.60147588415902	30.625481122309033	30.4246263836414	19.34841660989055	0.0
31.0	19.911959044126764	30.851534959522418	29.861295636924055	19.37521035942676	0.0
32.0	19.97021355815005	30.184480909195678	30.6871271154136	19.158178417240677	0.0
33.0	19.67178194534433	31.01385474265326	29.999378711091783	19.31498460091063	0.0
34.0	19.620472454935545	29.89223620969963	30.38263697017617	20.104654365188654	0.0
35.0	19.60946461439966	30.43988582708672	30.280719538328842	19.669930020184776	0.0
36.0	20.050194459030106	29.92889118304068	30.685367959203653	19.33554639872556	0.0
37.0	20.14895455638803	29.80961968480788	30.340582098726937	19.70084366007715	0.0
38.0	20.05136344991172	30.682527509764405	29.786342315992226	19.47976672433165	0.0
39.0	19.66724387239588	30.049806308799116	30.833496974132853	19.44945284467215	0.0
40.0	20.127735596248325	30.39660562751228	30.181330951317552	19.29432782492184	0.0
41.0	19.62725475992452	30.02620306030281	30.71749881504932	19.629043364723348	0.0
42.0	19.73483830511511	30.369076413150587	30.333243751679657	19.562841530054644	0.0
43.0	20.094325242761972	30.478171596625092	30.351747079234997	19.075756081377936	0.0
44.0	19.536938117767463	30.033486250886533	30.41144098609378	20.018134645252225	0.0
45.0	19.752220663861618	30.318804617542344	30.4725428848851	19.456431833710937	0.0
46.0	19.638275461608405	30.493612654057024	30.644856363489048	19.223255520845527	0.0
47.0	19.439887508788374	30.75661156279858	30.241026842854822	19.56247408555822	0.0
48.0	19.343516822606986	30.429565201699855	31.13422897512474	19.092689000568424	0.0
49.0	19.37748464040477	30.645102999638596	29.96476328153235	20.012649078424285	0.0
50.0	20.190881129003078	30.29039261805681	30.093178939750313	19.425547313189796	0.0
51.0	19.86519785476156	29.710827656182055	30.79160023191767	19.631468328743296	9.05928395419626E-4
52.0	19.647327745727658	30.854286854613406	29.904575305685572	19.592903015130076	9.070788432930592E-4
53.0	20.03088803088803	30.282988871224166	30.444696797637977	19.24142630024983	0.0
54.0	19.530688220784068	30.465215768730147	31.100552506303302	18.902633279630084	9.102245523970763E-4
55.0	19.86159611229132	30.175329826128976	30.410561730139772	19.551600579873995	9.117515659333145E-4
56.0	19.78123316563644	29.964482346173867	30.66570492042767	19.58766651753513	9.130502268929814E-4
57.0	19.940019018360033	30.481493672737912	30.31965474361788	19.257003876819546	0.001828688464633165
58.0	19.795662403530134	29.718669608444486	30.168175701037253	20.316576795964515	9.154910236105135E-4
59.0	19.54927873600088	30.489213116556996	29.995234342064265	19.964440860017962	0.0018329453598988216
60.0	19.681988854921187	30.616835128113323	30.220239242795632	19.4791006821082	0.0018360920616559715
61.0	20.392856158024873	30.26665318540715	29.892548233801808	19.446104069195627	0.0018383535705422224
62.0	20.39852738150023	30.02393005062126	30.069949378739068	19.50483202945237	0.0027611596870685687
63.0	20.122254798915748	30.264055613947743	30.204126790949825	19.407718832402132	0.0018439637845512713
64.0	19.891237108642866	30.330812767175395	30.394519384354023	19.38158417121384	0.0018465686138732702
65.0	20.082877016427407	30.46285333727986	29.43336539884564	20.019054314044695	0.0018499334023975135
66.0	19.55335723085188	30.034920017413697	31.074184196144905	19.334759774362965	0.0027787812265540335
67.0	20.26881520810901	29.772026881520812	30.285337689822896	19.671963761927746	0.0018564586195373707
68.0	19.082897990295415	30.3984085965532	30.223651675993235	20.2922530628939	0.002788674264254773
69.0	19.538196545784647	30.66430799311019	30.495786974535637	19.301708486569527	0.0
70.0	20.00410359717598	30.345168480643146	29.953461477481508	19.694468537533925	0.002797907165440251
71.0	19.555995739353055	29.94692878366004	30.585091473099997	19.909180946685854	0.0028030572010539494
72.0	20.077668085902776	30.195105974828053	29.92841435455949	19.797875824638563	9.357600711177654E-4
73.0	19.737347793890194	29.44948022609462	31.00083426289592	19.810462969038536	0.0018747480807266524
74.0	19.762211098693662	30.261736835679603	30.996140156459838	18.978972774485587	9.391346813046458E-4
75.0	19.865075930072827	30.494345232494684	30.025780470822905	19.61385747351386	9.408930957264636E-4
76.0	20.00339456115868	30.31814581526044	30.374721834571723	19.30185192169879	0.001885867310376042
77.0	19.65292800665048	30.100040620837543	30.402335225823517	19.842806805407296	0.0018893412811623227
78.0	19.546723444523302	30.643955524012302	30.455642299503193	19.351786136740003	0.0018925952211970667
79.0	19.82009308145101	28.86093707049356	31.52257367368411	19.795448298088132	9.478762831875183E-4
80.0	20.3377755825109	30.24687253626148	29.732040236708873	19.68236176942732	9.498750914254775E-4
81.0	19.827528769000864	30.33475790255185	29.76651659512093	20.06929307735506	0.001903655971292868
82.0	19.34040990720342	30.768790592543848	29.79123153367095	20.098614250426788	9.537161549979494E-4
83.0	19.721446870339925	30.103620999502922	30.537605628417392	19.636370588460213	9.559132795472795E-4
84.0	19.58460668882864	29.458819922784365	31.092227661592403	19.864345726794593	0.0
85.0	19.84765820109886	30.49429438659853	29.887232489337993	19.769854381987937	9.605409766780651E-4
86.0	19.741352746321546	30.206648178106466	30.517679685694475	19.534319389877513	0.0
87.0	19.421758857032533	30.695047784535184	30.290568587701515	19.592624770730765	0.0
88.0	19.493198134566637	30.086885848636726	30.69837645374151	19.72153956305513	0.0
89.0	19.423162713113644	30.054114863161164	30.79601218069321	19.72574044261691	9.698004150745776E-4
90.0	19.43056068768354	30.98173826795543	29.986969797156693	19.600731247204344	0.0
91.0	19.76440301127277	29.683660334672545	30.81776338885205	19.734173265202635	0.0
92.0	19.765974308049035	31.04949565115301	29.98600933363337	19.19852070716459	0.0
93.0	19.71224151298937	30.56599699679069	30.46687146067857	19.25489002954137	0.0
94.0	20.264737722665092	29.802184824328315	30.639700816848737	19.29337663615786	0.0
95.0	20.02133291194248	30.056690238217517	30.033974637538023	19.888002212301977	0.0
96.0	19.5065619919908	30.878038142817495	30.294199278379132	19.321200586812576	0.0
97.0	19.771269454527374	29.591765700362988	30.876634677539656	19.760330167569986	0.0
98.0	19.645885286783045	30.512718204488777	30.607481296758106	19.233915211970075	0.0
99.0	20.128856696946656	30.2463083756853	30.0772339829525	19.547600944415542	0.0
100.0	19.839787990122268	30.191330883976793	30.2375072778012	19.73137384809974	0.0
101.0	19.982669326723496	30.184591822340444	30.278298369707596	19.554440481228465	0.0
102.0	19.505066645092132	30.19659796525151	30.710341619303815	19.58799377035254	0.0
103.0	19.853784840331016	30.06143067472204	30.124384424023965	19.960400060922982	0.0
104.0	19.832815128192056	30.289005555838727	30.271675416687906	19.606503899281307	0.0
105.0	20.199248466728783	30.396141992689447	30.171910676072777	19.232698864508997	0.0
106.0	20.402204309919394	29.80959039315677	29.762296430333933	20.0259088665899	0.0
107.0	19.563983195185646	30.193957286043126	30.468532262559737	19.773527256211484	0.0
108.0	19.244559585492226	30.282901554404145	30.670466321243524	19.802072538860106	0.0
109.0	20.329195842393847	29.40080946386025	31.09048723897912	19.179507454766785	0.0
110.0	19.654163619266534	30.555845784139592	30.111796050569428	19.67819454602445	0.0
111.0	19.16816221151727	30.795629860520762	30.491273364608585	19.54493456335338	0.0
112.0	19.166631530126068	29.49255808070161	30.84074714339925	20.500063245773074	0.0
113.0	19.76230576122533	29.74037942101751	31.073966972788035	19.423347844969125	0.0
114.0	19.808670483325173	30.148764551897333	30.263689956796565	19.778875007980933	0.0
115.0	20.021375514348314	30.026185005076684	30.120237268209266	19.832202212365736	0.0
116.0	19.805285416800842	30.07771408943561	30.239797342264012	19.87720315149954	0.0
117.0	19.615260265114777	29.922405431619786	30.490354564069406	19.971979739196033	0.0
118.0	20.493391498251807	29.553696106342215	30.129572098158715	19.82334029724727	0.0
119.0	19.649729306633617	30.104581131911377	30.745983084382406	19.4997064770726	0.0
120.0	20.003494441653743	29.949548998624064	30.49118745495446	19.555769104767727	0.0
121.0	19.4296994955034	30.2983110331213	31.129633691599036	19.142355779776267	0.0
122.0	19.413112442721182	30.83032252379274	30.039434261543885	19.717130771942195	0.0
123.0	19.924778761061948	29.960176991150444	29.74557522123894	20.36946902654867	0.0
124.0	20.25319269542408	29.347234108768383	30.48760156050283	19.91197163530471	0.0
125.0	19.756587762393927	29.83698079499777	31.075256811076375	19.331174631531933	0.0
126.0	19.121557188534247	29.601166769506925	31.143770684916138	20.13350535704269	0.0
127.0	19.812905043674274	29.58918005071851	30.874049027895182	19.723865877712033	0.0
128.0	20.25098536673764	29.90984460653287	30.113713586734924	19.725456439994563	0.0
129.0	19.978157245082535	29.774405296868068	30.43310087484784	19.814336583201555	0.0
130.0	20.16878795155923	30.02046954155088	29.99416789598271	19.81657461090718	0.0
131.0	19.942528735632184	29.302298850574715	31.287356321839084	19.467816091954024	0.0
132.0	19.780410286044496	30.182028315515748	31.036116729268997	19.001444669170763	0.0
133.0	20.188900635477538	30.16020539749294	29.575844883069806	20.075049083959712	0.0
134.0	19.550506644227063	30.242043874104464	30.48513960473569	19.722309876932787	0.0
135.0	19.912966774478093	29.804175242575713	30.523963540135252	19.758894442810938	0.0
136.0	20.158893664381534	29.627393173018863	30.388709314578673	19.825003848020934	0.0
137.0	19.731727673780853	29.62799570764278	30.84058662215333	19.798497674973174	0.0011923214498628831
138.0	20.335034524166918	30.203542479735816	30.532572800960672	18.928850195136597	0.0
139.0	20.007989154118047	28.760954824964895	30.863554931486952	20.366290611533433	0.0012104778966736068
140.0	19.687087791294154	30.172455908935465	30.820997606136107	19.318237334505838	0.001221359128438126
141.0	19.84615004692053	29.73279992097595	30.421790882599893	19.998024398676346	0.0012347508272830543
142.0	20.113548258009654	29.206162619113123	30.714303579021085	19.96598554385614	0.0
143.0	20.551769647593304	28.856232788923997	30.839710155962486	19.75101838809152	0.0012690194286874533
144.0	20.278158010279192	28.551873757070172	31.394147576125413	19.77582065652522	0.0
145.0	20.129037375887464	28.35781429723548	31.883866361701287	19.627959860914633	0.0013221042611420337
146.0	20.710051051215896	26.895207772959324	32.789427457869024	19.60394137344239	0.0013723445133666356
147.0	21.931226629518292	25.23792066867072	32.660752254564116	20.168634064080944	0.0014663831659212552
148.0	24.202827087442472	20.958251150558844	34.85207100591716	19.986850756081527	0.0
149.0	28.501677707992773	9.35429751355072	40.327368149359025	21.816656629097476	0.0
150.0	33.09524906686328	0.0	35.38546610755265	31.519284825584077	0.0
