1	134
156	164
381	381
2181	2328
3635	3635
11727	11754
12450	12450
14455	14455
14608	14608
14655	14655
16607	16608
16610	16610
16624	16627
16675	16675
16725	16725
16727	16728
19726	19726
21930	22040
23465	23465
23729	23808
23879	23880
23904	23904
24161	24161
27340	27354
31242	32413
32626	32627
32629	32629
32647	32652
32660	32665
33232	33337
34630	34630
36043	36054
36743	36743
36796	36802
39339	39339
39574	39574
40287	40287
40337	40338
40421	40421
43325	43326
43328	43328
43350	43350
43357	43357
47008	47022
48307	48307
49504	49596
52059	52059
53594	53594
53775	53775
55850	55991
56597	56597
56599	56599
56601	56602
57497	57524
59277	59297
60826	60826
61707	61707
61809	61818
61850	61850
63153	63153
66492	66601
66603	66631
66729	66729
66733	66733
66739	66740
66842	66850
69691	69717
73210	73210
75377	75377
80154	80154
80177	80177
80283	80283
81561	81627
84480	84480
84483	84484
88068	88068
88104	88104
88123	88123
91538	91538
94735	94735
94738	94738
97395	97395
99840	99942
100125	100324
100442	100442
100494	100494
100511	100511
104719	104719
107462	107470
107473	107473
107476	107476
107478	107478
107527	107532
109468	109469
110002	110112
114641	115075
117342	117342
120625	120625
120692	120692
125525	125525
126170	126233
130673	130673
130855	130855
131278	131282
135685	135685
138181	138267
138334	138334
139792	139819
139849	139849
139912	139913
139915	139915
141453	141495
144196	144196
145164	145319
145448	145670
147186	147327
147857	150416
150877	150877
150982	150982
151327	151327
151388	151388
151432	164940
165369	165466
165780	165780
167163	167163
170729	170729
170814	178404
179441	179441
179477	182401
182661	182661
183440	183440
183498	183517
185678	185678
185775	185775
185795	185795
185798	185798
185883	185883
185919	185919
187631	187631
188901	188903
194339	194339
197673	197760
199377	210994
210996	215756
220547	220548
225168	225309
225573	225573
225891	225893
228353	228388
231408	231408
231940	231940
232025	232025
235967	235967
235999	236001
236006	236007
236277	236301
237650	237650
246013	246013
249411	249411
249491	249491
249502	249502
252074	252074
252099	252105
252175	252198
252202	252202
252206	252210
252216	252225
252228	252235
252239	252244
254038	254221
254250	254250
255950	255959
255961	255964
256829	256950
258140	258140
258201	258263
258307	258307
263210	263350
265579	265579
274855	274855
277847	277847
277849	277849
281746	281746
281773	281773
281785	281785
283272	283475
283994	284030
284634	284655
284658	284681
284684	284685
284687	284687
286540	286641
289302	289416
294200	294200
300765	300765
303814	303814
304957	304957
306503	306504
306526	311749
311819	311819
311824	311824
313203	313203
313971	313971
315925	315965
316059	316224
316961	317202
317498	317598
318607	318672
323052	323165
323212	323212
325157	325161
326066	326066
327345	327345
328784	328784
329653	329786
332275	332275
332378	332378
333149	333149
335816	335816
340804	340806
342802	342802
345653	345653
347252	347259
347489	347489
347882	348764
351604	351767
355993	356218
356697	357019
357275	357275
357420	357422
357488	357565
359187	359209
360394	360394
361058	365727
368061	368653
368829	369028
369238	369452
369902	369902
370294	370461
370836	371036
371241	371248
375662	375662
377743	377743
377776	377776
377849	377849
381794	381794
382218	382218
383291	383291
383381	383381
383815	383959
391799	391813
391924	391925
391930	391930
392353	392473
393161	393233
393470	393473
393476	393476
393494	393494
393498	393498
393505	393506
395306	395361
396319	396319
402779	402796
403964	403983
404050	404050
406251	406251
407780	407780
410908	410908
411104	411104
411172	411172
412037	412059
412519	412520
412736	412736
418336	418336
419431	419533
419830	419830
420206	420277
420794	420818
422288	422288
424549	424656
424715	424715
425831	425831
425861	425867
425882	425888
429581	431787
434322	434322
434325	434325
435830	436037
436485	436490
444161	444191
448533	454963
458012	458012
458052	458164
462404	462425
463821	463821
466857	466857
466872	466872
466879	466879
468080	468811
469039	469039
469045	469045
469103	469105
469147	469147
469152	469152
469298	469298
469302	469302
470375	470375
471246	471246
471253	471253
471293	471304
471544	471548
471788	471788
471791	471791
471794	471794
471797	471797
471806	471808
476082	476082
477144	477145
477301	477301
477336	477346
481789	481789
481849	481860
481863	481863
482169	482248
484140	484209
486386	486386
486455	486456
486544	486544
489335	489346
491667	491865
493176	493951
494025	494026
494035	494035
498115	498116
498162	498162
498355	498361
498374	498380
505190	505190
507426	507426
509359	509361
509375	509375
509925	509926
509975	509975
509977	509977
509985	509988
510001	510001
510043	510043
510072	510072
510076	510076
510355	510355
510742	510744
512179	512179
517748	517756
519426	519426
519429	519429
519456	519504
520684	521416
522335	522335
522449	522449
522467	522467
522471	522471
523337	523338
528299	528299
528318	528318
530919	530919
530960	530960
531047	531047
531164	531164
535576	535576
539937	539937
540249	540249
540444	540444
542146	542146
544080	544083
548295	548341
552238	552239
552242	552243
552245	552246
552248	552251
552280	552280
557600	557600
561611	561611
561624	561624
564946	564950
565024	565024
569272	569272
569394	569396
573232	573232
573240	573241
576327	576327
578996	578996
579172	579172
581805	581833
582526	582526
582637	582637
583469	583469
584463	584463
584465	584465
584490	584491
584496	584496
585499	585499
585591	585595
587942	587942
590658	590661
591113	591113
593355	593355
593842	593842
594281	594281
595057	595057
595936	596183
602896	602961
604387	604392
605371	605371
605373	605375
605378	605378
605393	605393
606668	606669
608568	608638
609185	609187
611550	611550
611569	611569
611573	611573
611578	611578
611580	611582
611587	611588
611594	611594
611604	611604
611618	611618
611641	611641
611650	611650
611652	611652
615606	615606
615760	615760
615861	615861
617469	617469
618970	618983
620182	620182
621237	621245
621250	621258
623496	623496
624823	624823
624828	624828
631877	631877
633088	633090
633191	633201
636903	636904
636951	636951
637365	637473
638344	672626
673092	680739
682718	682718
682723	682723
683685	683695
683701	683702
683784	683784
685733	686962
686970	686970
686974	686974
686997	686997
687004	687004
687011	687011
687014	687014
690006	690006
690390	690391
690701	690989
691115	691115
691146	691147
701638	702316
704277	704377
705931	705959
710259	710259
710324	710324
711191	713922
717916	717952
718102	718102
720401	720424
720436	720436
722957	722957
722961	722961
723395	723509
723925	723925
723930	723930
724590	724590
726058	726058
728630	728630
728656	728657
728659	728659
729900	729900
729904	729904
729935	729935
731438	731438
731440	731452
731539	731539
733750	733750
735227	735230
735675	735729
735947	735947
737417	737417
738002	738002
740957	740997
744295	744297
744327	744330
744340	744340
744345	744345
744347	744347
744366	744366
744372	744372
744378	744378
744381	744381
744393	744393
746884	746884
747031	747031
747443	747443
749375	749375
749530	749530
753940	757190
757335	757336
757338	757338
757340	757340
758108	758346
759840	759854
763012	763054
763070	763073
764297	764297
765507	765507
765636	765636
771567	771567
777489	777495
777600	777600
777744	777744
778032	778032
778681	780415
781694	781694
781703	782645
787098	787098
792430	792430
792451	792530
792611	792672
792674	792758
793753	793753
793932	793932
797107	797107
797114	797114
797166	797245
797308	797309
802827	802956
806292	806292
810842	810842
815228	815301
815825	815913
815924	815930
818067	818116
828414	828414
830258	830258
832396	832402
832851	833101
833310	833422
836038	836040
836596	836716
838592	838592
840450	840450
840481	840486
840517	840519
840521	840521
840548	840548
842197	842410
843507	843670
847376	847436
849498	849530
853815	853818
854286	854286
854748	854748
855063	855063
855166	855177
855183	855186
855190	855193
855196	855199
855204	855206
855210	855210
855216	855221
855224	855225
855227	855228
855232	855232
855235	855237
855243	855244
855247	855252
855254	855255
855259	855260
855267	855269
855284	855284
855311	855311
855327	855327
855339	855339
855368	855368
856047	856048
860226	860226
860230	860231
860236	860236
860309	860310
860352	860352
860417	860417
860419	860419
860426	860426
860430	860430
860511	860511
861756	861756
862046	862046
862208	862208
864507	864507
864510	864510
864952	864952
865129	865129
866448	866448
866451	866451
867468	867468
867470	867470
871062	871064
871495	871548
872020	872020
876228	876228
876230	876230
876261	876261
877881	877904
879357	879357
881802	881802
881804	881804
883602	883602
885706	885706
886722	886722
886728	886728
886731	886731
886750	886750
886754	886755
887164	887195
887273	887273
889204	889204
889459	889459
889836	889836
894064	894121
896542	896542
896700	896701
898520	898520
898777	898874
898982	898982
898984	898984
898989	899049
899157	899180
899902	899903
900820	900820
900822	900822
902122	902122
902207	902207
908584	908584
914705	914705
915989	915993
916051	916051
916072	916076
916180	916180
920108	921056
921933	921933
925813	925813
925841	925841
925848	925848
925850	925850
925883	925883
925886	925891
925905	925905
925908	925910
927387	927387
927801	927801
931492	931492
931575	931575
932718	932781
932785	932786
932795	932795
934356	934356
940158	940158
940496	940496
940961	967377
967386	967386
967625	967637
968595	968596
969072	969498
970698	970916
974002	974016
975323	975348
975702	976383
981000	981000
981046	981046
984256	984257
984408	984409
986485	986486
987564	987583
989749	989868
995725	995725
997489	997489
997990	997990
998006	998006
1001502	1001502
1007343	1007343
1007345	1007345
1007355	1007355
1010069	1010069
1011395	1011395
1011852	1011852
1013925	1014056
1016289	1016289
1016309	1016426
1020614	1024960
1025046	1025046
1025118	1025118
1025596	1025596
1025618	1025618
1025769	1026012
1026076	1026076
1026133	1026133
1026297	1026432
1026510	1026510
1026680	1026680
1026716	1026960
1028199	1028199
1031029	1031029
1031454	1031552
1033117	1033123
1035872	1035872
1035889	1035889
1039948	1040076
1042408	1042479
1043851	1043851
1048433	1048470
1051517	1055590
1059097	1059097
1059100	1059101
1059134	1059136
1059140	1059145
1061926	1062572
1063483	1066363
1066541	1066541
1067705	1067705
1075230	1075230
1077398	1077398
1079964	1079969
1081075	1081076
1081083	1081083
1081243	1081243
1081261	1081261
1081282	1081282
1083751	1083885
1084018	1084018
1088799	1088799
1091894	1091921
1095610	1096142
1096592	1096592
1099532	1100064
1101854	1101854
1103657	1103657
1111603	1111603
1111610	1111610
1114031	1114031
1116220	1116220
1116223	1116223
1120499	1120499
1122232	1122232
1124400	1124408
1126133	1126133
1126253	1126253
1127409	1127409
1129609	1129609
1131834	1132342
1133873	1133873
1133875	1133875
1134248	1134248
1135255	1135255
1135524	1135524
1136844	1136844
1139066	1139089
1139094	1139130
1139133	1139144
1139147	1139151
1139340	1139340
1140160	1140217
1141404	1141404
1147080	1147485
1148056	1148058
1153713	1153713
1155549	1155549
1157340	1157380
1157618	1157618
1158880	1163295
1166905	1166905
1168545	1168545
1168557	1168559
1168563	1168563
1168670	1168670
1169781	1169782
1171167	1171190
1171197	1171197
1172015	1172015
1172019	1172019
1172032	1172032
1172036	1172036
1172041	1172041
1172048	1172048
1172069	1172070
1172554	1172554
1173063	1173126
1173447	1173447
1174107	1174115
1175749	1175749
1177852	1177879
1178371	1178382
1178988	1178988
1186164	1186164
1186658	1186658
1186746	1186746
1186894	1186894
1187086	1187086
1187184	1187184
1187227	1187227
1187248	1187248
1194311	1194311
1194669	1194669
1194864	1195195
1197377	1197377
1197868	1197869
1197930	1197930
1200716	1202616
1203458	1206628
1208411	1208412
1208714	1208714
1212686	1212715
1214433	1214442
1214486	1214486
1214526	1214528
1214697	1214697
1215407	1215407
1215409	1215409
1216615	1216615
1217064	1217125
1217141	1217141
1217152	1217152
1218741	1218741
1220414	1220414
1221486	1222666
1222671	1222671
1222682	1222682
1224191	1224290
1230823	1230823
1230875	1230875
1232606	1232701
1232784	1232784
1233892	1233892
1234676	1234676
1238431	1238431
1239253	1239278
1239281	1239282
1239326	1239334
1239949	1239949
1241233	1241233
1243157	1243159
1244681	1244804
1246043	1246044
1247541	1247541
1248348	1248348
1248397	1248397
1248737	1248738
1249741	1249741
1250200	1250205
1254356	1254356
1255288	1255289
1256150	1256150
1256378	1261673
1262547	1263632
1264381	1264836
1264950	1264950
1265588	1265588
1266717	1266719
1266989	1266989
1268826	1268826
1269083	1269187
1269189	1269193
1269196	1269205
1269209	1269211
1270024	1270167
1270224	1270224
1270728	1270736
1270799	1270799
1270806	1270808
1272137	1272181
1272813	1272813
1274204	1274219
1274841	1274841
1274922	1274922
1274990	1274991
1275001	1275001
1275804	1275804
1278094	1278094
1279795	1279795
1279797	1279798
1280941	1280954
1281419	1281553
1282833	1282833
1283353	1283443
1283476	1283476
1283478	1283478
1283590	1283611
1284262	1284526
1284566	1284611
1286787	1286909
1292488	1292558
1294600	1294602
1294714	1294718
1295326	1295326
1295770	1295770
1296031	1296084
1297947	1300409
1303977	1303977
1307310	1307341
1311839	1311839
1312372	1312387
1315462	1315497
1315503	1315503
1315515	1315515
1315604	1315609
1315613	1315616
1315618	1315618
1315621	1315623
1315714	1315714
1315725	1315731
1315734	1315734
1315775	1315775
1317236	1317248
1319994	1320002
1320976	1321031
1321230	1321231
1322720	1322720
1322727	1322728
1322737	1322737
1322743	1322743
1324275	1324275
1327436	1327436
1331668	1336144
1336445	1336648
1336691	1336691
1336695	1336696
1336727	1339898
1351790	1351838
1362254	1362272
1362277	1362297
1362301	1362332
1362335	1362337
1367356	1367356
1368589	1368589
1369200	1369200
1369431	1369485
1371659	1372186
1375832	1375832
1376427	1376427
1380870	1380870
1384894	1384906
1389618	1389618
1389642	1389642
1395455	1395700
1396117	1396117
1398316	1398317
1398385	1398385
1398388	1398388
1399280	1399522
1400599	1400686
1402368	1402368
1403439	1403447
1403458	1403479
1406711	1406722
1411130	1411133
1412380	1413366
1415523	1415563
1418227	1418256
1418700	1418726
1419885	1419885
1419890	1419890
1420089	1420089
1423594	1423594
1423604	1423604
1423723	1423723
1424713	1424714
1424716	1424717
1424719	1424719
1428827	1428827
1429909	1429946
1430888	1430907
1432428	1432428
1432456	1432456
1437760	1437763
1438430	1438430
1438439	1438702
1440371	1440371
1442679	1443147
1446310	1446310
1446326	1446327
1446336	1446336
1446343	1446344
1447140	1447141
1447222	1447223
1447272	1447278
1448648	1448676
1449423	1449614
1450314	1450314
1450750	1450750
1452383	1453679
1455484	1455484
1455580	1455581
1455584	1455585
1455590	1455597
1455601	1455602
1455678	1455678
1458236	1458236
1458376	1458376
1461337	1461337
1463710	1463729
1464027	1464027
1470979	1470985
1479900	1479905
1479943	1479943
1483387	1483985
1484164	1484164
1484211	1484212
1484426	1484426
1490947	1490952
1492431	1492431
1493072	1493072
1493080	1493080
1493096	1493099
1493124	1493124
1493127	1493127
1493129	1493129
1493135	1493135
1493138	1493138
1493175	1493175
1493185	1493185
1493224	1493224
1493310	1493310
1493312	1493312
1493314	1493314
1493322	1493327
1493351	1493351
1493358	1493358
1494582	1494582
1494720	1494720
1497096	1497096
1498023	1498023
1499545	1499874
1501062	1501184
1501684	1501909
1509892	1509892
1509894	1509894
1509914	1509914
1511453	1511453
1511504	1511504
1512569	1512703
1514679	1514793
1515106	1515107
1515984	1515994
1516490	1516490
1516520	1516520
1516522	1516522
1516589	1516589
1516606	1516606
1516883	1516884
1516887	1516887
1516902	1516902
1516936	1516936
1516956	1516956
1516968	1516968
1516970	1516970
1518142	1518142
1520847	1520847
1521512	1521512
1521514	1521514
1521865	1521867
1522116	1522116
1523613	1523613
1524370	1524528
1524716	1524716
1525239	1525285
1525709	1525711
1525713	1525713
1525716	1525717
1525727	1525802
1526510	1526510
1528881	1528882
1531548	1531556
1535561	1535561
1535754	1535754
1542310	1542310
1544854	1544854
1544900	1544900
1545152	1545152
1545611	1545613
1545615	1545618
1546273	1546336
1546908	1546908
1546912	1546912
1546916	1546916
1546980	1546980
1546988	1546988
1547034	1547369
1548292	1548292
1550020	1550020
1553082	1553082
1553177	1553177
1553320	1553330
1554294	1554311
1554329	1554329
1556086	1556086
1556272	1556272
1558772	1558772
1558867	1558867
1558870	1558870
1559005	1570029
1570222	1589418
1590257	1592132
1592842	1595735
1596081	1596113
1596492	1598380
1599305	1602051
1602556	1602699
1602722	1604386
1605199	1607146
1607996	1609523
1610711	1612876
1613117	1613161
1613548	1615781
1616021	1618153
1618884	1618884
1618888	1618888
1619004	1620214
1621677	1622854
1624337	1624337
1625343	1625343
1625476	1625477
1625536	1625536
1625538	1625538
1625559	1625559
1626673	1626673
1635783	1635783
1635788	1635788
1643366	1643366
1643628	1643628
1644979	1644979
1649085	1649087
1649789	1650915
1652459	1652882
1653538	1653622
1653861	1653861
1653943	1653943
1654157	1654157
1654809	1654809
1654812	1654812
1654815	1654815
1654817	1654817
1654820	1654821
1665900	1665900
1665948	1666078
1671255	1671498
1673961	1673961
1675568	1675568
1679462	1679462
1680788	1680788
1687953	1687956
1687970	1687970
1687977	1687985
1688277	1688277
1690038	1690044
1690046	1690048
1697549	1697549
1697605	1697605
1698399	1698581
1698622	1698622
1698627	1698628
1698656	1698656
1698658	1698658
1699796	1699828
1700772	1700786
1702797	1703892
1706554	1706554
1706837	1728631
1729012	1729012
1729014	1729014
1729081	1738280
1739803	1739803
1741617	1741617
1744488	1747108
1749106	1749107
1749154	1749154
1749185	1749204
1749207	1749207
1749214	1749218
1749221	1749226
1749237	1749246
1749248	1749249
1749260	1749260
1749263	1749263
1749266	1749266
1749269	1749269
1749274	1749274
1749406	1749407
1749415	1749415
1749427	1749427
1749435	1749435
1749443	1749443
1750475	1750578
1750844	1750844
1752235	1752277
1753350	1753494
1754329	1754350
1761588	1761588
1762926	1762926
1762992	1762992
1764656	1764950
1771627	1771627
1771814	1771948
1775421	1775421
1778733	1778737
1780323	1780336
1782509	1782509
1783356	1783356
1785450	1785450
1785473	1785473
1788791	1788791
1789010	1789603
1789628	1789628
1790138	1790138
1791952	1792025
1792670	1792670
1793346	1793346
1794236	1794236
1794298	1794362
1794441	1794441
1794485	1794485
1797703	1797703
1800460	1819408
1821201	1824032
1827812	1827812
1827897	1827908
1827986	1827986
1828000	1828000
1828600	1828600
1830845	1830895
1838891	1838891
1841404	1841404
1841529	1841529
1845904	1845904
1851261	1851266
1851286	1851287
1853271	1853497
1859554	1859554
1859584	1859584
1861043	1861308
1861505	1861557
1861652	1861652
1861765	1861765
1862768	1862768
1862881	1862894
1864768	1864768
1864773	1864773
1865400	1865501
1865625	1865625
1867231	1867231
1869435	1870321
1870417	1871142
1871250	1871250
1872986	1872986
1874667	1874793
1874924	1874924
1874949	1874955
1875113	1875113
1876922	1877017
1877876	1877963
1877987	1877987
1881216	1881220
1881686	1881686
1881696	1881696
1881955	1881955
1881957	1881958
1881960	1881960
1882294	1882294
1888304	1888370
1888649	1888728
1890884	1890884
1891464	1891475
1892631	1892777
1895339	1895424
1895684	1895866
1897109	1897114
1897222	1897222
1897226	1897226
1903800	1903800
1904612	1904612
1907438	1907588
1909430	1909489
1909497	1909497
1909501	1909501
1909665	1909665
1910340	1910502
1912124	1912132
1913559	1913584
1917211	1917211
1917847	1918145
1919844	1919844
1919864	1919864
1920685	1920688
1920690	1920690
1920694	1920696
1920745	1920745
1920747	1920748
1924619	1924743
1925365	1925365
1925385	1925385
1926315	1926315
1927177	1927177
1927444	1927549
1929210	1929210
1929277	1929277
1929301	1929301
1929344	1929350
1929650	1929650
1929788	1929788
1930184	1950868
1957381	1957545
1960829	1961519
1964408	1965128
1966258	1966281
1967270	1967270
1967281	1967281
1967428	1967428
1968020	1968020
1970975	1970981
1973252	1973252
1973308	1973308
1973380	1973380
1976060	1976060
1983344	1983344
1983378	1983378
1983749	1983756
1983977	1983982
1983985	1983988
1984358	1984471
1986387	1986401
1990641	1990646
1990681	1990736
1995109	1995111
1996889	1996889
2004651	2004651
2007348	2007350
2008203	2008203
2008279	2008279
2008845	2008845
2008858	2008859
2008866	2008866
2009226	2009226
2009246	2009246
2009506	2009506
2009509	2009509
2009887	2009887
2009889	2009889
2010575	2010575
2010577	2010577
2010590	2010590
2010592	2010592
2011444	2011446
2011449	2011449
2011454	2011455
2011458	2011458
2011460	2011460
2011465	2011465
2011469	2011470
2011473	2011473
2011475	2011475
2017221	2017221
2017430	2017430
2017482	2017482
2017763	2017764
2018517	2018517
2019315	2019315
2019325	2019325
2019336	2019336
2022408	2022432
2024477	2024489
2026800	2026800
2026853	2026853
2026893	2026893
2026936	2026936
2027997	2027997
2028149	2028149
2028550	2028550
2028658	2029102
2030116	2030183
2030539	2030655
2030657	2030657
2030756	2030756
2034490	2034490
2034493	2034493
2037382	2037383
2039071	2039097
2040120	2040120
2040975	2040975
2044157	2044157
2048304	2048308
2048312	2048374
2048619	2048619
2048662	2048662
2048664	2048666
2048675	2048675
2053128	2053128
2054931	2054962
2057450	2057450
2057530	2057530
2060098	2060098
2060108	2060108
2060129	2060129
2060177	2060177
2061440	2061455
2061739	2061740
2065088	2065088
2065198	2065226
2065287	2065304
2066159	2066331
2069942	2069942
2070958	2070958
2071774	2071935
2071938	2071944
2073684	2073684
2076327	2076386
2078611	2078611
2078849	2078849
2081299	2081299
2081371	2081387
2081391	2081398
2082347	2082347
2082780	2082827
2083524	2083524
2085364	2085364
2088963	2088971
2090854	2090859
2090893	2090893
2090897	2090897
2094045	2094056
2096452	2096452
2101771	2101771
2101815	2101833
2103926	2103926
2104078	2104078
2104801	2104949
2105155	2105367
2106698	2106698
2106819	2106819
2106869	2106870
2106965	2106965
2107360	2107417
2109622	2109622
2109624	2141008
2142004	2142004
2144836	2144836
2145428	2145576
2148597	2148597
2148686	2148686
2152954	2152954
2153246	2153285
2154066	2154098
2154220	2154220
2156872	2156872
2157184	2157212
2157757	2157800
2158288	2158299
2163440	2164032
2164861	2165016
2165039	2165039
2165625	2165625
2166867	2166987
2167052	2167052
2169855	2169855
2169862	2169862
2169864	2169864
2169870	2169871
2169875	2169876
2169878	2169878
2169880	2169882
2169891	2169891
2169893	2169894
2169899	2169899
2169901	2169901
2169904	2169905
2169907	2169907
2169909	2169909
2169919	2169919
2169921	2169921
2169926	2169926
2169935	2169935
2169943	2169943
2170743	2170743
2170856	2170861
2172056	2172057
2172060	2172060
2173557	2173557
2173952	2173957
2175390	2175390
2176224	2176283
2178192	2178192
2181635	2181635
2181638	2181638
2181688	2181768
2184909	2184909
2184949	2184949
2185507	2185595
2186113	2186126
2189055	2189106
2189868	2189869
2191499	2191506
2192189	2192189
2192214	2192219
2193939	2193939
2194037	2194037
2194093	2194093
2194547	2194547
2196766	2196888
2196966	2198058
2204624	2204624
2206279	2206279
2206386	2206386
2206390	2206390
2206455	2206455
2207630	2207633
2209087	2209087
2209311	2209311
2209934	2209979
2210334	2210342
2210370	2210434
2212333	2212333
2212335	2212336
2212481	2212481
2212553	2212553
2212838	2212838
2215374	2215374
2215377	2215377
2215686	2215769
2216131	2216132
2216383	2216383
2217782	2217890
2223809	2223863
2227908	2227908
2227966	2227975
2228573	2228670
2231123	2231123
2231141	2231141
2231504	2231532
2235462	2235464
2236846	2236846
2237596	2237598
2239015	2239015
2239470	2239472
2241958	2242071
2247446	2247448
2250932	2250933
2251112	2251112
2253076	2253076
2253192	2253192
2253195	2253195
2253602	2253626
2255050	2255050
2255053	2255053
2257558	2257589
2259547	2259547
2261588	2261588
2261660	2261660
2261663	2261663
2261797	2261797
2261799	2261799
2261832	2264772
2264849	2264849
2264853	2264853
2264876	2266641
2270898	2270898
2271792	2271792
2271795	2271797
2271801	2271801
2271807	2271807
2271811	2271811
2271819	2271820
2271852	2271852
2274511	2274511
2276945	2276945
2279935	2279935
2279941	2279948
2279951	2279951
2279960	2279960
2279962	2279963
2279966	2279966
2279969	2279970
2279973	2279973
2279982	2279984
2280082	2280088
2280533	2280541
2281008	2281062
2281093	2281234
2287138	2287138
2288025	2288025
2288069	2288263
2288935	2288935
2292883	2293198
2293236	2293236
2293282	2293311
2296613	2296614
2296710	2296769
2296805	2296805
2296842	2296918
2298733	2298733
2298824	2298824
2299983	2299983
2305771	2305772
2305891	2305893
2309343	2309343
2312078	2312214
2312229	2312229
2313104	2313107
2314093	2314093
2317552	2317552
2321740	2321740
2321754	2321754
2321758	2321758
2321766	2321766
2321768	2321769
2321773	2321773
2321776	2321776
2321780	2321780
2321788	2321789
2321795	2321795
2321800	2321800
2321803	2321803
2321811	2321811
2323200	2323200
2323281	2323284
2323368	2323368
2326989	2327001
2328736	2328736
2328781	2328781
2328803	2328803
2330103	2330155
2331415	2331415
2333482	2333482
2333540	2333540
2333902	2333902
2333904	2333904
2333911	2333911
2333920	2333920
2333940	2333940
2333948	2333948
2334003	2334003
2334005	2334005
2334341	2334352
2336507	2337030
2337129	2337166
2339067	2339067
2340910	2340911
2344586	2344586
2344664	2344664
2344894	2344894
2345098	2345098
2345104	2345104
2345194	2345194
2345200	2345201
2345274	2345281
2345283	2345283
2348529	2348658
2349490	2349500
2350733	2350756
2350940	2350940
2353542	2353544
2354853	2355144
2357565	2357588
2358878	2358879
2362200	2362200
2364273	2364273
2364275	2364275
2365386	2365653
2368818	2368821
2371388	2371389
2376096	2376148
2377316	2377327
2377727	2397538
2398310	2398310
2398786	2398786
2398815	2398820
2403467	2403487
2405516	2405516
2405821	2405821
2406518	2406518
2408480	2408480
2409861	2409861
2412193	2412313
2414675	2414676
2414819	2414819
2415143	2415143
2421050	2421158
2421246	2421246
2421248	2421248
2421708	2421708
2421790	2421793
2424857	2424858
2424861	2424861
2427698	2427698
2428577	2428635
2428638	2428638
2428756	2428756
2428761	2428761
2430045	2430045
2431435	2431470
2433891	2433891
2433894	2433894
2436414	2436414
2437301	2437307
2437449	2437449
2441658	2441664
2442191	2442261
2442898	2442903
2443709	2443710
2445896	2445896
2450030	2450066
2454378	2454379
2460797	2462631
2464703	2464703
2464709	2464710
2464714	2464714
2464716	2464718
2464721	2464721
2465733	2465733
2466128	2466129
2469214	2469214
2471853	2471853
2471933	2471933
2472662	2472662
2477630	2477632
2477731	2477732
2480770	2480771
2480887	2480887
2480889	2480889
2482027	2482027
2484000	2484217
2487193	2487303
2487962	2487962
2489101	2489101
2496698	2496698
2497934	2497934
2499427	2499432
2500332	2500433
2505379	2505382
2505947	2505947
2505953	2505953
2506946	2506946
2512639	2512653
2516042	2516042
2517965	2517965
2518401	2518401
2518623	2518623
2521137	2521138
2522781	2525131
2525148	2525148
2525151	2525151
2525376	2525377
2525438	2525438
2525441	2525441
2525931	2525931
2526275	2526275
2529380	2529380
2529385	2529385
2530544	2530544
2531499	2531590
2531677	2531753
2534915	2534915
2537063	2537063
2537129	2537129
2538050	2538052
2538772	2538773
2542941	2542941
2549311	2549311
2550388	2550398
2550412	2550454
2550766	2550810
2550857	2550857
2550865	2550865
2551112	2551125
2551858	2551858
2554758	2554758
2556224	2556225
2556228	2556228
2556250	2557118
2557126	2557126
2557130	2557130
2557263	2557263
2558303	2558332
2560746	2560858
2562233	2562380
2568044	2568044
2568097	2568099
2568208	2568210
2571902	2571903
2571905	2571906
2571911	2571918
2571927	2571928
2571931	2571933
2571937	2571937
2571944	2571944
2571962	2571962
2574045	2574045
2574050	2574063
2574080	2574085
2574097	2574102
2575633	2575633
2575777	2575777
2581208	2581214
2581321	2581321
2584275	2584440
2584796	2584796
2584800	2584800
2585516	2585516
2585638	2585638
2585650	2585651
2585654	2585654
2585739	2585761
2585846	2585846
2587736	2587738
2588930	2588930
2588932	2588932
2589019	2589019
2589022	2589022
2589095	2589121
2589473	2589473
2589716	2589717
2589722	2589722
2589724	2589724
2590760	2590760
2590773	2590774
2590797	2590803
2590944	2590944
2592036	2592036
2592571	2592571
2592628	2592783
2592929	2592929
2593008	2593011
2593753	2593755
2593757	2593757
2593766	2593766
2595363	2595364
2595675	2595675
2597569	2597569
2599438	2599438
2599618	2599760
2600202	2600202
2602075	2602228
2603873	2603980
2607037	2607037
2610640	2610652
2613610	2613611
2616763	2616763
2617284	2617284
2617698	2617698
2620350	2620350
2620482	2620482
2625137	2625137
2625170	2625170
2625195	2625195
2625200	2625200
2625203	2625203
2626859	2626957
2627400	2627478
2628653	2628661
2629064	2629229
2630850	2630853
2634905	2639550
2640217	2640381
2641946	2641946
2641963	2642177
2645832	2645832
2647685	2647687
2649565	2649565
2649572	2649573
2651178	2651178
2651181	2651181
2651356	2651356
2651960	2651973
2652244	2652244
2653260	2653260
2653263	2653263
2653267	2653267
2653319	2653319
2653323	2653323
2654265	2654265
2661368	2661373
2662273	2662409
2662545	2662545
2662649	2662649
2662783	2662783
2665367	2696719
2696763	2746166
2746804	2746804
2747716	2747716
2749980	2749980
2750589	2750634
2750636	2751009
2751039	2751039
2751274	2756802
2756848	2756874
2758074	2760108
2760398	2760398
2760403	2760465
2761530	2761530
2761574	2761574
2761665	2761665
2761706	2761925
2762370	2762370
2763103	2763103
2763478	2763478
2763526	2763526
2763542	2763542
2764565	2764565
2764569	2764569
2765066	2765086
2765266	2765266
2765305	2765305
2765311	2765314
2765319	2765319
2765326	2765326
2765334	2765334
2765346	2765346
2765348	2765348
2766167	2766167
2766171	2766171
2771265	2771265
2772164	2772174
2775080	2775080
2775372	2775372
2777350	2777351
2777401	2777401
2777701	2777701
2777768	2777768
2777814	2777814
2777817	2777817
2777819	2777819
2780850	2780850
2784333	2784438
2784946	2784971
2784989	2784989
2787312	2790180
2791722	2791723
2791729	2791736
2792368	2792376
2792410	2792546
2794755	2794792
2794797	2794802
2794861	2794861
2796383	2796383
2796798	2796932
2799285	2799286
2799297	2799297
2800649	2800650
2801194	2801195
2801589	2801623
2803403	2803623
2804162	2804162
2804310	2804310
2809475	2809475
2809483	2809483
2812861	2812861
2814013	2814013
2814163	2814163
2814483	2814626
2815312	2815343
2817854	2817854
2818023	2818023
2818031	2818031
2818036	2818036
2819140	2819141
2819224	2819224
2819697	2819697
2820042	2820070
2820763	2820763
2821014	2821014
2821098	2821124
2822334	2822334
2822393	2822393
2824293	2824293
2825240	2825254
2831133	2831150
2831190	2831190
2831427	2831427
2831461	2831461
2833184	2833201
2834104	2834104
2834401	2834425
2838059	2838059
2838068	2838068
2838117	2838117
2839592	2839592
2839767	2839767
2840286	2840407
2842027	2842317
2844071	2844072
2844680	2844680
2846918	2846928
2851401	2851401
2851778	2851780
2852033	2852033
2853175	2853175
2853963	2853974
2854224	2854245
2854369	2854381
2858281	2858281
2858284	2858284
2865578	2865629
2866136	2867393
2868611	2868611
2869723	2869723
2869738	2869738
2869753	2869753
2869760	2869760
2869762	2869762
2869768	2869773
2869775	2869775
2869779	2869779
2869786	2869786
2869797	2869797
2869822	2869822
2869824	2869824
2869829	2869829
2872946	2872946
2873287	2873287
2879167	2879168
2881225	2881225
2883136	2883136
2885445	2885445
2887448	2895608
2895616	2895616
2895619	2895619
2898427	2898451
2899253	2899254
2899257	2899257
2899394	2899394
2899396	2899396
2902395	2902395
2904165	2904165
2904214	2904214
2904231	2904231
2905684	2905684
2905810	2905810
2909511	2909511
2910285	2910285
2911475	2911496
2911725	2911805
2911837	2911846
2911868	2911868
2911946	2911946
2911980	2911980
2912005	2912005
2912007	2912007
2912039	2912039
2912041	2912058
2920701	2920715
2925490	2925584
2930053	2930053
2936787	2936787
2938506	2938548
2939511	2939511
2944263	2944517
2944564	2944564
2944659	2944661
2944669	2944669
2947498	2947498
2947533	2947533
2950202	2950202
2950330	2950330
2950478	2950478
2950998	2950998
2951105	2951105
2954911	2954911
2956990	2956990
2956999	2956999
2958880	2958880
2967177	2967183
2970935	2970935
2975375	2975377
2976764	2976764
2976781	2976781
2978623	2978623
2978900	2978901
2978903	2978905
2981100	2981100
2981142	2981142
2981144	2981144
2981148	2981148
2981152	2981152
2981578	2981578
2982366	2982366
2982368	2982368
2982965	2983178
2985910	2986128
2988258	2988258
2988685	2988686
2988688	2988688
2989723	2989723
2989989	2989990
2990741	2990741
2991426	2991426
2996654	2996754
2997347	2997347
2997350	2997350
2997490	2997503
2999876	2999877
2999879	2999879
3000201	3000201
3004853	3004853
3004859	3005720
3007288	3007571
3008340	3008424
3011664	3011762
3011791	3011837
3014056	3014056
3021710	3021775
3024792	3024792
3029162	3029162
3029874	3029964
3030433	3030433
3030628	3030628
3030660	3030660
3032435	3032435
3033803	3037087
3039556	3039556
3041159	3041319
3045269	3045270
3047573	3047591
3047593	3049879
3050653	3050654
3051565	3051567
3051699	3051756
3055784	3055784
3055794	3055803
3059569	3059682
3059718	3059718
3061149	3061151
3061156	3061156
3061167	3061168
3061174	3061175
3061178	3061180
3061188	3061188
3066497	3066560
3068196	3068196
3069633	3069633
3071880	3071880
3071883	3071884
3071960	3071960
3071962	3071962
3071964	3071964
3071967	3071967
3071969	3071969
3072006	3072006
3074735	3074735
3074739	3074739
3074755	3074993
3075954	3076020
3076087	3076088
3082260	3082260
3082386	3082386
3082399	3082399
3082422	3082422
3082453	3082454
3083269	3083270
3085115	3085272
3085501	3085516
3086146	3086146
3088451	3088462
3088469	3088480
3091050	3091093
3091130	3091130
3092670	3092670
3092680	3092680
3093314	3093315
3093369	3093369
3093377	3093377
3093443	3093443
3093466	3093466
3093500	3093500
3093544	3093544
3095012	3095012
3095016	3095016
3095079	3095079
3095082	3095082
3095095	3095095
3095841	3095841
3095847	3095847
3096828	3096828
3097174	3097174
3097622	3097622
3098083	3098083
3098981	3146779
3147727	3147727
3147752	3147753
3149767	3149911
3150992	3151012
3152461	3152461
3152493	3152493
3152502	3152502
3152625	3152626
3152706	3152707
3158379	3158521
3158539	3158539
3159933	3159933
3168343	3168438
3170860	3170860
3170950	3170950
3170971	3170971
3171658	3171658
3171679	3171833
3171865	3171865
3177277	3177277
3178224	3178225
3178686	3178686
3178695	3178695
3178702	3178702
3180275	3180354
3182635	3182635
3186617	3186617
3186619	3186619
3187294	3187294
3191522	3191522
3193858	3193858
3195800	3195800
3195921	3195921
3196494	3196494
3196740	3196740
3198336	3198336
3201545	3201636
3207911	3207926
3208002	3208087
3209837	3209837
3209940	3209940
3209971	3209971
3209973	3209973
3209989	3209989
3210117	3210203
3214671	3214673
3216787	3217283
3217982	3218189
3224507	3224507
3224650	3224650
3227303	3227303
3235968	3235968
3238360	3238360
3238363	3238363
3238365	3238365
3238465	3238465
3238523	3238523
3238691	3238691
3238779	3238779
3238967	3238967
3242568	3242568
3242588	3242589
3242608	3242608
3243560	3244343
3246714	3246714
3249647	3249647
3253497	3253508
3257253	3257253
3257794	3257794
3259085	3259085
3259183	3259183
3260705	3260705
3262714	3262714
3262790	3262791
3262948	3262954
3262961	3262967
3263007	3263034
3263128	3263128
3269300	3269300
3269412	3269412
3270653	3270653
3270773	3270774
3270810	3270810
3271927	3272198
3275264	3275264
3275266	3275266
3275268	3275270
3279397	3279397
3280359	3280465
3282104	3282104
3282285	3282285
3282289	3282289
3282350	3282377
3282778	3282925
3283279	3283279
3283384	3283384
3287591	3287593
3288520	3288559
3290310	3290312
3291897	3291928
3292943	3292943
3292987	3292987
3294600	3294600
3295727	3315198
3315626	3315626
3317214	3317214
3318778	3318787
3318957	3318957
3318959	3318959
3319079	3319129
3319359	3319359
3319370	3319370
3319385	3319385
3319387	3319387
3319500	3319500
3320641	3320702
3321312	3321729
3329027	3329033
3329215	3329215
3340568	3340568
3341356	3341453
3343686	3343686
3345038	3345039
3345781	3345781
3348303	3348303
3348307	3348307
3348518	3348657
3350567	3350567
3350571	3350571
3351510	3351510
3352254	3352625
3352879	3353021
3353032	3353032
3353052	3353053
3353622	3353626
3353629	3353630
3353641	3353643
3353650	3353650
3353672	3353674
3353740	3353740
3353769	3353771
3354178	3354201
3355269	3355269
3356977	3356977
3356993	3356995
3356997	3356998
3357000	3357001
3357081	3357081
3357095	3357095
3357119	3357121
3357146	3357146
3357158	3357158
3357199	3357200
3357613	3357613
3357722	3357723
3359346	3359422
3359427	3359427
3359455	3359455
3359463	3359463
3363833	3372345
3378404	3378404
3379942	3379942
3380369	3380369
3381008	3381008
3381446	3381477
3384360	3384360
3384371	3384371
3384576	3384577
3386247	3386272
3387205	3387239
3394186	3394187
3395541	3395541
3395637	3395637
3396870	3396870
3397210	3397210
3397244	3397256
3397649	3397651
3397770	3397770
3399877	3400023
3402161	3402162
3403216	3403216
3403234	3403234
3410648	3410648
3411306	3411343
3411379	3413136
3413225	3413232
3413234	3413235
3414764	3414764
3417525	3417525
3420802	3420802
3421754	3421862
3422246	3422349
3422877	3422880
3425413	3425413
3426881	3426914
3440005	3440005
3440065	3440065
3440211	3440211
3440216	3440216
3441354	3441438
3442126	3442419
3443159	3443159
3444991	3444991
3445420	3445420
3445559	3445559
3448551	3448551
3448556	3450416
3450908	3450908
3450919	3450919
3451035	3451035
3451128	3451134
3451424	3451424
3451596	3451596
3451632	3451633
3452023	3452023
3453890	3454613
3454962	3454962
3455070	3455070
3455072	3455072
3455120	3455120
3455165	3455165
3455438	3455438
3460795	3460795
3460832	3460832
3460843	3460843
3460897	3460898
3461100	3461100
3461102	3461102
3461780	3461780
3461782	3461782
3461786	3461787
3462730	3462839
3462845	3462845
3466798	3466798
3471477	3471481
3471483	3471483
3472009	3472026
3472885	3472885
3473006	3473011
3473413	3473414
3473764	3478169
3478172	3480962
3487331	3487331
3487884	3487884
3487894	3487894
3489129	3489129
3489817	3489817
3489922	3491679
3493505	3493591
3493716	3493716
3494988	3494989
3495895	3495895
3495900	3495902
3495905	3495907
3495909	3495909
3495917	3495917
3495923	3495923
3495928	3495928
3495932	3495932
3495947	3495951
3495958	3495958
3499186	3499186
3499890	3499897
3502052	3502052
3503575	3503575
3503581	3503581
3503753	3503772
3503855	3503873
3506228	3506228
3511693	3511693
3514294	3514295
3518128	3518129
3518133	3518133
3518242	3518242
3518275	3518275
3518277	3518277
3518482	3518502
3519733	3519733
3521288	3521288
3521367	3521367
3524312	3524462
3527134	3527134
3527153	3527159
3527214	3527214
3527264	3527266
3527273	3527273
3527275	3527276
3527278	3527278
3527280	3527286
3527289	3527291
3527330	3527330
3527355	3527355
3527361	3527364
3527366	3527369
3527372	3527376
3527378	3527378
3527446	3527446
3527450	3527450
3527519	3527519
3527539	3527540
3529233	3529233
3529271	3529271
3529352	3529352
3529511	3529511
3529517	3529517
3530278	3530278
3531209	3531343
3534775	3534775
3534777	3534777
3534780	3534780
3534783	3534783
3534799	3534799
3534878	3534878
3534956	3534956
3534958	3534958
3534961	3534961
3534983	3534983
3534986	3534986
3535226	3535226
3535228	3535228
3535373	3535373
3535751	3535751
3536248	3536248
3536252	3536252
3536702	3536702
3537517	3537518
3537521	3537521
3537528	3537528
3537537	3537537
3540231	3540231
3540343	3540343
3540371	3540371
3540614	3540698
3540880	3555797
3556310	3556389
3557355	3557356
3557871	3557871
3562356	3562356
3562476	3562476
3562577	3562577
3563357	3563357
3563403	3563403
3565690	3565690
3565898	3565898
3565910	3565910
3566760	3566760
3566774	3566774
3566784	3567025
3567964	3567964
3568046	3568046
3568240	3568240
3568348	3568387
3569507	3569507
3570129	3570130
3570263	3570263
3570282	3570290
3570690	3570691
3570695	3570696
3570941	3570941
3571081	3571081
3571084	3571084
3571096	3571096
3571099	3571099
3571101	3571101
3571103	3571103
3571109	3571109
3571117	3571117
3571119	3571121
3571596	3571596
3571601	3571602
3571607	3571607
3571894	3571894
3571899	3571899
3571909	3571914
3571917	3571922
3571960	3571960
3571963	3571963
3574708	3574954
3577478	3577478
3578608	3578608
3578619	3578619
3580067	3580067
3580374	3580375
3580725	3580726
3581001	3581001
3582320	3582320
3582939	3582940
3583285	3583285
3583420	3583421
3583791	3593935
3595991	3595991
3596094	3596097
3597268	3597274
3597277	3597285
3597425	3597450
3597454	3597454
3597461	3597461
3597466	3597467
3597525	3597617
3601089	3601089
3601095	3601095
3601133	3601133
3601514	3601570
3606623	3606623
3612723	3612749
3612774	3612774
3617486	3617523
3620206	3620206
3622001	3622001
3622008	3622008
3623361	3623560
3626678	3626678
3626695	3626695
3626700	3626700
3626703	3626704
3627843	3627843
3627847	3627847
3628527	3628565
3631124	3631124
3631378	3631379
3631381	3631384
3631389	3631390
3631397	3631397
3631463	3631463
3631467	3631467
3632357	3632410
3632551	3632551
3637860	3637860
3639298	3639301
3639960	3639960
3640046	3640046
3640610	3640610
3641120	3641120
3642798	3642858
3642971	3642971
3651199	3651199
3652039	3652165
3652214	3652214
3652241	3652248
3652261	3652267
3655685	3655685
3658278	3658278
3660957	3660957
3664351	3664431
3664450	3664450
3664480	3664480
3664536	3664536
3664546	3664546
3664642	3664642
3664671	3664671
3664683	3664683
3664709	3664709
3664810	3664810
3664822	3664836
3664855	3664855
3664977	3664988
3665304	3665304
3666582	3666582
3667006	3667006
3667025	3667026
3671999	3671999
3672022	3672022
3672065	3672065
3675524	3675534
3680784	3680868
3681447	3681447
3681454	3681454
3682490	3682490
3682641	3684422
3685991	3685991
3687757	3687757
3688660	3688660
3690371	3690371
3692059	3692061
3692064	3692068
3692070	3692070
3692072	3692074
3694143	3694143
3696193	3696193
3697058	3697058
3697073	3697075
3697127	3697127
3700168	3700182
3701510	3701510
3702089	3702091
3702679	3702680
3702684	3702684
3702689	3702689
3707583	3707598
3711788	3711824
3713296	3713298
3714343	3714343
3715807	3715807
3716805	3716815
3718609	3718609
3719477	3719477
3719676	3719676
3719791	3720261
3720987	3720987
3721779	3721779
3721782	3721782
3721784	3721784
3722086	3722086
3722402	3724182
3725071	3725071
3726435	3726593
3727313	3727326
3732086	3732086
3734241	3734242
3734375	3734375
3734851	3734851
3735625	3735625
3737405	3737405
3737424	3737424
3738950	3738988
3739888	3739889
3740074	3740075
3741105	3741105
3741182	3741189
3741854	3741854
3741884	3741884
3741906	3741907
3742308	3742308
3742578	3742578
3742809	3742809
3744089	3744153
3745693	3745693
3749378	3749440
3750655	3750709
3753516	3753516
3762317	3762418
3762622	3762743
3763801	3764380
3767363	3767363
3769192	3769192
3769277	3769277
3770403	3770403
3770594	3770598
3770726	3770726
3778559	3778562
3778806	3778806
3778939	3779189
3779207	3779207
3780350	3780350
3784541	3784604
3784739	3784739
3784802	3784802
3786957	3786957
3787595	3787679
3790778	3790778
3790782	3790782
3793494	3793494
3793497	3793497
3793559	3793560
3804371	3804879
3810017	3810017
3811245	3811246
3811425	3811425
3811488	3811489
3820269	3820501
3824489	3824783
3828374	3828374
3828386	3828388
3831121	3831126
3835355	3835355
3835374	3836263
3839076	3839076
3841885	3841885
3843010	3851632
3851688	3893695
3893716	3917324
3920172	3920244
3924163	3924294
3924767	3925063
3925819	3925819
3926965	3926965
3927176	3927176
3927346	3930643
3930847	3931027
3931033	3931035
3931197	3931198
3931200	3931205
3931211	3931211
3936409	3936506
3936545	3936545
3936559	3936560
3936585	3936585
3937228	3937228
3937298	3946821
3951740	3951747
3951760	3951780
3951873	3951873
3952023	3952023
3952670	3952696
3954446	3954446
3954449	3954449
3954566	3954566
3954617	3954830
3956778	3956917
3961904	3961904
3961922	3961922
3962010	3962010
3962203	3962217
3963364	3963365
3963379	3963379
3963581	3963581
3964328	3964328
3965078	3965078
3965080	3965081
3965103	3965103
3965110	3965110
3965132	3965132
3965136	3965136
3965139	3965139
3966239	3966239
3967861	3968141
3968952	3968952
3973447	3973447
3973540	3973563
3975142	3975230
3975379	3975379
3975718	3975729
3976554	3976571
3977268	3977269
3977271	3977271
3977299	3977299
3977465	3977465
3977485	3977491
3979394	3979407
3980604	3980605
3980781	3980785
3984787	3984813
3986861	3986861
3987781	3987786
3988150	3989118
3991187	3991192
3993898	3993902
3995222	3995431
3995506	3995506
3995525	3995525
3996606	3996606
3996621	3996621
3999120	3999137
4008785	4008785
4008879	4008879
4009545	4009545
4009733	4009734
4011532	4011532
4012599	4012599
4017630	4017630
4020561	4020561
4023039	4023043
4023825	4023825
4027422	4027422
4030232	4030232
4036818	4036818
4038924	4038924
4039109	4039109
4039439	4039439
4039767	4039772
4040209	4040215
4040307	4040307
4040403	4040767
4041002	4041002
4041247	4041247
4041313	4041313
4041325	4041337
4041344	4041344
4041409	4041413
4047180	4047180
4047186	4047186
4049338	4049361
4049373	4049413
4049855	4049855
4049872	4049872
4049944	4049944
4050142	4050146
4051261	4051399
4051454	4051487
4051600	4051600
4051790	4051790
4051854	4051854
4053918	4053918
4054908	4054908
4054996	4055107
4057030	4057030
4057365	4057365
4057400	4057400
4057919	4057938
4059305	4059334
4059373	4059373
4059445	4059445
4061976	4061980
4062023	4062023
4063513	4063731
4064243	4064243
4064309	4064309
4064420	4064420
4065924	4065924
4068111	4068112
4068216	4068216
4068316	4068316
4069369	4069511
4071219	4071228
4071275	4071275
4071415	4071429
4071730	4071730
4071738	4071739
4071743	4071745
4071747	4071747
4071756	4071757
4071790	4071790
4071889	4071889
4072643	4072643
4076638	4076645
4076660	4076673
4076775	4076775
4076804	4076804
4077055	4077169
4079453	4079453
4080183	4080183
4080272	4080272
4086000	4086000
4086117	4086144
4087642	4087642
4087645	4087645
4088212	4088212
4088214	4088214
4091439	4091439
4092874	4092934
4093041	4093041
4093895	4094043
4094597	4094597
4095902	4095902
4095964	4095964
4100272	4101855
4101878	4101878
4103390	4103395
4103816	4103816
4103858	4103900
4105877	4105882
4109543	4109543
4109699	4109699
4113256	4113256
4114021	4114161
4114534	4114534
4114537	4114537
4114543	4114543
4114545	4114545
4114779	4115001
4115017	4115017
4115035	4115035
4115114	4115114
4115150	4115150
4118431	4118617
4124472	4124476
4124989	4129739
4131915	4131923
4132650	4132650
4132675	4132675
4132807	4132807
4132810	4132810
4135359	4135360
4142160	4142161
4147320	4147340
4150193	4150193
4154540	4154642
4158024	4158024
4158035	4158035
4158184	4158184
4158280	4158286
4160112	4160112
4160119	4160184
4160211	4160211
4164581	4164714
4168961	4168961
4168983	4168983
4169191	4169198
4170626	4171492
4171654	4171654
4171663	4171663
4172025	4172030
4172036	4172058
4172069	4172069
4172075	4172075
4172078	4172078
4172080	4172083
4172086	4172086
4172092	4172111
4172113	4172116
4172119	4172128
4172135	4172136
4172140	4172141
4172145	4172153
4172156	4172169
4172315	4172773
4172815	4178298
4178667	4185412
4185517	4185517
4185547	4185547
4185609	4185645
4186592	4186990
4187004	4187004
4187167	4187167
4187173	4187173
4187338	4187338
4187342	4187342
4187485	4187489
4187491	4187500
4187875	4187883
4190104	4190252
4190515	4190515
4190518	4190518
4190615	4190767
4192943	4212026
4214485	4214485
4214687	4214687
4214693	4214693
4214729	4214729
4214733	4214733
4214825	4214833
4216153	4216153
4219467	4219467
4222244	4222244
4222443	4222444
4223113	4223113
4225869	4225869
4226207	4226207
4226253	4226253
4227368	4227368
4227469	4228958
4229217	4229217
4229295	4239959
4239986	4239986
4240027	4240034
4240036	4240038
4240070	4240071
4240180	4240180
4240182	4240182
4240644	4242286
4249456	4249456
4251654	4251680
4252049	4252640
4253146	4253147
4253151	4253151
4253157	4253157
4253161	4253161
4253164	4253164
4253171	4253172
4254047	4254388
4258087	4258087
4260194	4260194
4262328	4262328
4262802	4262802
4266514	4266578
4266965	4266985
4268493	4268493
4268571	4268571
4268762	4268762
4273274	4273279
4273809	4273823
4273827	4273840
4273843	4273843
4273855	4273855
4273978	4273978
4274072	4274072
4274090	4274091
4274121	4274121
4274216	4274218
4274260	4274260
4274262	4274263
4274295	4274296
4274311	4274311
4274962	4274985
4276059	4276059
4276718	4276726
4280342	4280550
4280613	4280614
4281038	4281038
4281041	4281041
4281895	4281895
4286109	4286124
4286126	4286131
4287202	4287202
4287208	4287208
4287239	4287239
4289207	4289207
4289216	4289274
4289434	4289564
4289778	4289778
4289788	4289788
4289822	4289822
4290212	4290212
4290656	4290661
4292130	4292130
4292184	4292185
4293545	4293545
4293557	4293557
4293954	4293954
4294011	4294011
4294348	4294348
4296408	4296408
4296549	4296549
4297160	4297160
4297163	4297163
4297285	4297285
4297342	4297343
4297417	4297417
4297433	4297433
4297502	4297502
4297533	4297533
4297542	4297542
4298786	4298786
4299566	4299613
4303258	4303258
4303316	4303316
4303464	4303464
4303466	4303466
4304011	4304011
4304013	4304013
4304284	4304284
4309287	4309287
4309290	4309290
4314372	4314372
4314678	4314697
4316376	4316377
4317101	4317101
4319752	4319752
4319881	4319882
4325386	4325386
4325390	4325398
4326965	4326965
4327558	4327558
4331280	4331280
4331409	4331409
4333101	4333101
4334611	4334611
4334666	4334666
4334669	4334669
4334771	4334771
4338735	4338735
4339080	4339080
4340082	4340082
4345778	4345778
4347203	4347204
4348121	4354700
4355670	4355670
4355946	4355946
4356014	4356014
4358867	4358867
4362074	4362074
4366095	4366095
4366099	4366099
4366117	4366117
4366239	4366239
4369937	4370035
4371800	4371800
4371825	4371825
4372057	4372057
4372059	4372059
4374106	4374135
4374141	4374142
4374524	4374627
4376765	4376765
4381020	4381020
4381034	4381034
4383626	4383672
4383674	4383681
4383853	4383853
4383879	4383879
4383918	4383925
4384211	4384211
4385993	4386009
4386748	4386749
4389431	4389432
4392120	4392120
4392122	4392122
4404982	4405007
4406536	4406544
4406593	4406593
4407698	4407698
4408016	4408016
4408225	4408225
4408233	4408233
4408277	4408277
4411045	4411045
4411309	4411309
4411809	4411809
4412369	4412369
4412922	4412925
4412978	4412978
4413211	4413211
4414416	4414422
4414424	4414432
4416255	4416637
4417303	4417303
4417357	4417358
4421081	4421081
4426167	4426167
4427840	4427949
4428797	4428797
4434964	4434970
4446017	4446017
4446021	4446021
4446061	4446061
4446065	4446065
4446067	4446068
4446077	4446077
4446080	4446080
4446083	4446083
4446088	4446088
4446095	4446095
4446145	4446145
4446191	4446191
4446238	4446238
4451094	4451100
4462144	4462144
4462423	4462423
4462499	4462500
4462827	4462829
4464238	4473265
4476807	4476862
4479232	4479232
4479610	4479613
4479764	4479765
4480026	4487092
4488721	4488721
4488736	4488736
4488961	4490265
4490321	4490321
4490324	4490324
4490591	4490591
4490593	4490593
4490827	4490827
4490833	4490833
4490844	4490844
4490849	4490849
4492157	4492157
4492257	4492257
4493814	4493853
4494130	4494130
4494924	4494924
4497834	4497834
4499001	4499167
4499193	4499193
4499202	4499202
4503463	4503463
4503513	4503513
4505681	4505686
4506460	4506460
4510467	4510467
4512258	4512258
4512269	4512269
4514477	4514518
4519427	4519522
4526181	4527730
4531901	4533982
4534185	4534185
4534197	4534197
4534217	4534217
4534222	4534222
4534227	4534227
4534230	4534230
4534234	4534234
4534272	4534273
4534309	4534309
4534312	4538921
4540336	4540336
4540379	4540379
4541527	4541527
4541571	4541571
4541605	4541605
4541611	4541611
4541618	4541618
4541621	4541621
4542261	4542261
4542266	4542267
4542310	4542316
4542318	4542318
4542796	4542809
4542820	4542822
4542844	4542857
4548708	4548836
4549035	4550654
4550959	4550964
4551570	4551574
4552659	4552659
4552841	4552841
4552843	4552843
4552869	4552869
4552874	4552875
4552877	4552879
4552881	4552884
4553935	4553935
4555464	4555497
4555500	4555505
4557756	4557805
4558182	4558182
4560416	4560416
4562466	4562562
4564533	4564597
4565630	4565655
4566714	4566716
4570160	4570265
4572095	4573379
4575489	4575489
4575921	4575921
4578173	4578174
4579170	4579170
4579925	4579925
4579968	4579968
4586826	4586924
4587135	4587241
4590707	4590707
4590732	4591050
4594001	4594001
4594520	4594524
4594724	4594726
4594733	4594733
4594735	4594735
4594814	4594814
4594960	4594960
4595292	4595292
4595325	4595325
4595421	4595421
4596558	4596558
4597176	4597176
4597327	4597327
4599137	4599155
4599990	4599990
4603476	4603476
4604491	4604491
4604602	4604602
4616143	4616143
4616150	4616150
4616747	4616880
4617653	4617653
4617656	4617656
4617664	4618492
4619003	4619135
4619371	4619371
4621605	4621682
4621980	4621995
4622000	4622015
4622285	4622285
4623004	4623005
4623018	4623018
4623151	4623152
4623253	4623254
4624824	4624824
4624852	4624853
4624973	4624973
4624976	4624976
4630999	4630999
4631375	4631440
4635738	4635746
4635767	4635778
4641862	4641862
4644427	4644497
4645896	4645901
4645931	4645932
4646376	4646376
4647847	4648115
4653338	4653399
4658466	4660489
4661560	4661564
4662664	4662664
4663109	4663111
4665980	4666012
4670372	4670372
4670430	4670430
4670442	4670442
4673188	4673188
4673204	4673206
4673217	4673217
4673224	4673224
4673332	4673332
4673697	4673697
4673832	4673832
4673973	4673973
4676251	4676429
4676542	4676542
4676593	4676594
4680751	4682285
4682882	4684475
4685006	4685006
4685011	4685011
4685389	4685522
4686929	4687507
4691675	4691681
4691693	4691693
4694586	4694620
4696554	4696810
4703674	4703777
4704034	4704036
4706978	4707040
4712837	4712946
4714087	4714093
4714098	4714098
4714104	4714105
4714121	4714121
4714447	4714447
4717779	4717786
4718128	4718131
4718133	4718133
4718136	4718136
4718138	4718139
4721248	4721279
4721332	4721333
4723548	4723664
4724079	4724085
4727515	4727515
4727521	4727521
4729857	4729870
4731489	4731489
4735181	4735185
4735190	4735190
4735200	4735200
4735204	4735204
4741592	4741945
4744157	4744496
4745013	4745015
4745235	4745236
4745273	4745273
4745313	4745313
4747731	4747731
4749378	4749378
4749401	4749401
4749665	4749665
4749689	4749690
4749920	4749920
4749928	4749929
4749973	4749973
4752410	4752472
4752827	4752925
4755588	4755588
4755593	4755593
4756382	4756386
4758363	4758363
4759586	4759595
4760074	4760169
4762476	4762476
4762775	4762775
4762793	4762793
4762800	4762800
4762830	4762830
4764116	4764138
4764428	4764428
4764505	4764505
4764564	4764564
4767246	4767247
4770018	4770018
4771515	4771535
4774707	4774707
4774727	4774727
4774739	4774739
4774757	4774971
4776447	4776456
4777716	4777716
4778204	4778283
4778777	4778842
4779410	4779412
4787533	4787541
4788581	4788679
4789768	4791390
4792210	4792210
4792213	4792213
4795281	4795282
4795321	4795322
4795347	4795347
4796989	4796989
4797818	4797819
4802877	4802878
4804282	4804293
4805002	4805002
4806759	4806768
4814557	4814586
4822294	4822295
4822396	4822396
4823369	4823369
4825060	4825061
4825076	4825089
4829533	4829536
4831646	4831646
4835461	4835461
4835464	4835464
4837297	4837297
4837352	4837352
4837371	4837371
4844620	4844620
4845067	4848095
4849710	4851752
4854970	4854970
4855026	4855026
4855116	4855116
4856007	4856007
4856796	4856930
4859733	4859736
4860899	4860899
4866247	4866270
4866593	4866593
4866924	4866938
4867547	4867547
4867558	4867558
4867567	4867567
4867667	4867667
4867688	4867688
4867693	4867693
4869785	4871716
4872768	4872768
4873872	4873905
4875781	4875788
4877796	4877796
4877980	4877991
4878962	4878989
4880810	4880810
4883248	4883248
4884504	4884512
4887803	4887803
4891699	4891699
4897254	4897264
4898405	4898405
4898462	4898480
4898494	4898555
4898967	4898973
4898976	4898977
4908658	4909030
4909077	4909077
4909237	4909237
4909252	4909252
4909254	4909254
4909259	4909266
4909269	4909269
4910368	4910368
4910430	4910430
4910452	4910452
4910764	4910764
4911094	4911094
4912555	4912555
4912630	4912632
4913188	4913188
4913202	4913203
4913430	4913430
4913924	4913935
4913989	4914000
4916609	4916622
4916661	4916661
4916741	4916741
4916973	4916973
4918696	4918696
4919627	4919627
4919854	4919854
4920826	4920826
4928501	4928501
4931311	4931460
4936262	4936263
4936312	4936321
4936667	4936667
4937044	4937044
4937309	4937309
4937338	4937338
4937340	4937340
4938257	4938264
4938269	4938280
4938292	4938312
4938547	4938564
4938889	4938972
4939097	4939097
4940351	4940990
4940992	4941049
4942502	4942624
4942882	4942882
4942885	4942885
4942920	4942920
4944330	4944330
4944339	4944339
4946576	4946578
4947507	4947508
4947649	4947649
4947717	4947717
4947775	4947775
4947822	4947822
4947825	4947825
4949758	4949759
4949925	4949925
4950519	4950525
4952172	4952180
4952464	4952469
4954820	4954820
4959444	4959444
4959480	4959480
4959722	4960607
4960713	4960713
4960717	4960717
4960720	4960720
4960840	4964684
4964911	4964911
4966928	4966930
4969574	4969574
4972981	4972982
4973395	4973577
4973581	4973813
4973838	4973839
4973875	4973875
4973883	4973883
4973962	4973962
4974030	4974030
4975149	4975716
4977346	4977346
4979489	4979537
4979616	4979616
4980053	4980163
4982336	4982336
4990005	4990564
4994768	4994768
4994871	4994871
4994873	4994883
5001626	5001626
5003532	5003532
5003871	5003948
5006498	5006498
5007343	5007343
5008858	5008858
5009529	5009529
5009652	5009652
5009702	5009703
5009741	5009741
5009819	5009819
5010378	5010378
5010384	5010384
5010386	5010386
5010491	5010491
5011073	5011403
5012916	5016260
5018206	5018207
5022199	5022199
5022203	5022203
5023161	5023443
5024015	5024198
5025423	5025606
5027356	5027500
5032315	5032389
5034502	5034502
5034567	5034567
5034577	5034577
5034937	5034937
5035859	5035859
5035887	5035887
5035940	5035940
5037158	5037313
5037852	5037880
5038009	5038467
5040425	5040440
5042395	5042395
5044099	5044269
5044510	5044521
5046699	5046699
5048582	5048582
5048667	5055599
5055705	5055736
5055765	5055765
5057987	5057987
5058110	5058110
5059335	5059377
5059709	5059709
5059793	5059835
5060291	5063952
5064448	5075847
5076725	5076725
5083000	5083000
5084456	5084456
5090724	5090730
5091411	5091412
5093933	5093933
5094043	5094044
5094046	5094047
5095782	5095933
5096525	5096525
5098620	5098620
5098622	5098622
5098648	5104914
5105280	5105280
5107209	5107209
5108520	5108520
5110298	5110298
5110304	5110304
5110336	5110336
5115542	5115542
5115892	5115892
5118445	5118460
5121975	5121975
5127428	5127428
5131649	5131650
5133017	5133034
5134090	5134090
5134118	5134118
5134166	5134395
5134397	5149700
5150428	5150428
5150431	5150431
5150614	5183147
5186110	5186176
5192908	5193077
5193314	5193361
5194129	5194129
5194137	5194147
5196568	5196568
5196646	5196646
5197371	5197378
5197535	5197535
5197548	5197548
5199545	5199545
5199633	5199633
5199637	5199637
5199639	5199639
5199663	5199664
5199667	5199667
5205280	5205280
5206356	5206356
5206767	5206767
5206773	5206773
5212045	5212045
5212054	5212054
5213554	5214933
5215532	5218861
5219046	5219047
5221364	5221472
5222817	5222817
5222822	5222981
5222983	5222993
5224580	5224580
5227718	5227720
5228375	5228375
5228391	5228391
5228419	5228420
5228422	5228423
5228668	5228669
5228675	5228675
5228741	5228742
5229562	5229726
5229760	5229760
5229848	5229848
5229853	5229853
5232268	5232268
5232276	5233654
5235739	5235743
5237036	5237095
5239527	5239530
5239537	5239537
5242682	5242731
5243300	5243300
5243416	5243419
5243428	5243453
5244024	5244024
5244114	5244114
5244121	5244121
5244164	5244165
5244170	5244170
5244407	5244455
5246025	5246025
5246838	5246900
5246977	5246978
5246983	5246984
5247961	5248349
5248388	5248389
5248968	5248968
5249012	5249012
5249488	5249488
5249508	5250314
5251417	5251417
5252024	5252024
5252938	5252938
5254123	5254123
5255031	5255031
5262656	5262857
5262936	5262936
5264034	5264034
5266457	5266477
5266498	5266498
5268048	5268048
5270552	5270552
5270561	5270561
5271274	5271274
5271277	5271277
5271288	5271288
5273547	5273547
5275457	5275457
5275463	5275464
5276298	5276298
5276427	5276427
5276577	5276577
5276811	5276811
5277154	5277165
5279319	5279379
5280752	5280753
5280865	5280865
5283452	5283452
5286897	5286905
5286910	5286918
5287604	5289407
5291155	5314922
