#Position (bp)	mapping quality
6876.0	59.99175224271011
20627.0	59.99531751654507
34378.0	59.99572313070088
48129.0	59.99652330567194
61880.0	59.34525562110091
75631.0	59.996907953402726
89382.0	59.995411441117376
103133.0	59.96265364626299
116884.0	59.99749599843513
130635.0	59.832872245207085
144386.0	59.98575264146552
158137.0	59.99435348658798
171888.0	59.99672332582429
185639.0	59.98666902658998
199390.0	59.996235060663075
213141.0	59.99241504388841
226892.0	59.996691566205655
240643.0	59.99637001912447
254394.0	59.99022072329035
268145.0	59.984704428401265
281896.0	59.99709887049358
295647.0	59.7794041725822
309398.0	59.98715238072332
323149.0	59.994873725671916
336900.0	59.989276855935046
350651.0	59.993184782409024
364402.0	59.99303207726989
378153.0	59.99199370656877
391904.0	59.99559796354289
405655.0	59.99375072998867
419406.0	59.99793232538059
433157.0	59.34897779199466
446908.0	59.42331220915791
460659.0	59.99537971712785
474410.0	59.9905576705282
488161.0	59.996319459608024
501912.0	59.996753009767204
515663.0	59.98659487018237
529414.0	59.99509362224083
543165.0	59.98887764853235
556916.0	59.98909109134849
570667.0	59.99711515422584
584418.0	59.52068702685502
598169.0	59.67241388784182
611920.0	59.99450496130425
625671.0	59.856379239128714
639422.0	59.995603791729636
653173.0	59.98338428701051
666924.0	59.99585005890494
680675.0	59.990928752423336
694426.0	59.598429798170265
708177.0	59.9906451576334
721928.0	59.9920086158006
735679.0	59.313818687406105
749430.0	59.995302094326576
763181.0	59.81759049183828
776932.0	59.08366911959177
790683.0	59.75506945598611
804434.0	57.672037812185906
818185.0	58.79403420304729
831936.0	59.98369063163283
845687.0	59.995262288101955
859438.0	59.991666647330845
873189.0	59.98706440578722
886940.0	59.997126803355144
900691.0	59.986057386163836
914442.0	59.99544204693077
928193.0	59.994870351671395
941944.0	59.49569619187569
955695.0	59.99537769275494
969446.0	59.9580868778258
983197.0	59.98817875405298
996948.0	59.996322364308895
1010699.0	59.99712811556414
1024450.0	59.99405347820916
1038201.0	59.94068627690146
1051952.0	59.99252924915877
1065703.0	59.99211456662931
1079454.0	59.98347573459751
1093205.0	59.99539888535328
1106956.0	59.995862207031955
1120707.0	59.99696675716259
1134458.0	59.996605253743546
1148209.0	59.99242003404713
1161960.0	59.98952467671467
1175711.0	59.99377789293001
1189462.0	59.99574070381478
1203213.0	59.996361336871786
1216964.0	59.99502222940953
1230715.0	59.98802552502753
1244466.0	59.99521067890547
1258217.0	59.98892532483105
1271968.0	59.98318749691758
1285719.0	59.98371557773273
1299470.0	59.9485212390343
1313221.0	59.99144331836877
1326972.0	59.99254221251912
1340723.0	59.99003655740752
1354474.0	59.994908577827665
1368225.0	59.99683522756675
1381976.0	59.99387522533871
1395727.0	59.99094621220307
1409478.0	59.664294468996
1423229.0	59.99241063870532
1436980.0	59.99394741000117
1450731.0	59.99750944382212
1464482.0	59.99720703167638
1478233.0	59.947136820555194
1491984.0	59.99580553211988
1505735.0	59.997132991442236
1519486.0	59.99761528853294
1533237.0	59.99672464268207
1546988.0	59.99582834090764
1560739.0	59.97795220072238
1574490.0	59.98817847911849
1588241.0	58.46178778374975
1601992.0	59.99466090494172
1615743.0	59.995061573083966
1629494.0	58.984267979624086
1643245.0	59.99202005036235
1656996.0	59.999106314233664
1670747.0	59.99512566957944
1684498.0	59.994713162036184
1698249.0	59.993807450411225
1712000.0	59.99517157904112
1725751.0	59.995466630551775
1739502.0	59.99618900354032
1753253.0	59.95935533544439
1767004.0	59.99599909822756
1780755.0	59.99552124743215
1794506.0	59.99671102985877
1808257.0	59.994362326936724
1822008.0	59.99445185618383
1835759.0	59.982485998665155
1849510.0	59.988677934994236
1863261.0	59.993380055404934
1877012.0	58.86307990947755
1890763.0	59.99020960199172
1904514.0	58.44460382617041
1918265.0	58.735611278065406
1932016.0	59.678239827496704
1945767.0	59.97067568576936
1959518.0	55.54049671517496
1973269.0	59.643574480455385
1987020.0	59.99712566354363
2000771.0	59.98025504833142
2014522.0	59.73259118693869
2028273.0	59.994363852146364
2042024.0	59.99422970138203
2055775.0	59.99480763997676
2069526.0	59.9896983143112
2083277.0	59.6545456283944
2097028.0	59.99578598206936
2110779.0	59.99467326334091
2124530.0	59.52765736776321
2138281.0	59.98376128573944
2152032.0	59.99636849743007
2165783.0	59.99674990463158
2179534.0	59.99411562847955
2193285.0	59.99597522131155
2207036.0	59.99575644542591
2220787.0	59.99760641738906
2234538.0	59.9943374366604
2248289.0	59.99767046951422
2262040.0	59.99305579019584
2275791.0	59.99757405409023
2289542.0	59.987187574034586
2303293.0	59.94783975806345
2317044.0	59.99564632938123
2330795.0	59.982160269227414
2344546.0	59.76369162680765
2358297.0	59.98211257789717
2372048.0	59.984882589564485
2385799.0	59.993593560121035
2399550.0	59.984916682432335
2413301.0	59.98538649508735
2427052.0	59.99574359039344
2440803.0	59.996065383150885
2454554.0	59.99599523514099
2468305.0	59.31127218993989
2482056.0	59.28899380094134
2495807.0	55.20139441704992
2509558.0	59.99664056988887
2523309.0	59.98894678175413
2537060.0	59.99537607375984
2550811.0	59.540657605894324
2564562.0	59.98651090111266
2578313.0	59.9076807134334
2592064.0	59.99575055420602
2605815.0	59.98857281922413
2619566.0	59.99119387940754
2633317.0	59.99525798932633
2647068.0	59.99666029849968
2660819.0	59.993962033369485
2674570.0	59.320737846072326
2688321.0	59.99605740808499
2702072.0	59.99183405635959
2715823.0	59.996108716551326
2729574.0	59.99220077083643
2743325.0	59.99621410351896
2757076.0	59.99534785788416
2770827.0	59.94760340033449
2784578.0	59.995955005539805
2798329.0	59.9974600300856
2812080.0	59.995678101923616
2825831.0	59.99407486151612
2839582.0	59.550444494222056
2853333.0	59.98626436295505
2867084.0	59.99402369012776
2880835.0	59.9967532345525
2894586.0	59.99204400953835
2908337.0	59.69567113646531
2922088.0	59.976983704967
2935839.0	59.99334318315504
2949590.0	59.99636986470168
2963341.0	59.99658736910394
2977092.0	59.996982930252294
2990843.0	59.99544028517872
3004594.0	59.996709156044325
3018345.0	59.9959724513333
3032096.0	59.995278433182534
3045847.0	59.995418907418475
3059598.0	59.75716148431991
3073349.0	59.997105713978286
3087100.0	59.99124760757415
3100851.0	59.99718943696727
3114602.0	59.9935423210448
3128353.0	59.99532878062103
3142104.0	59.99546133570735
3155855.0	59.99604607541916
3169606.0	59.9903962492438
3183357.0	59.995618176659114
3197108.0	59.98924797619936
3210859.0	59.98407684083005
3224610.0	59.99563007596339
3238361.0	59.99758988542078
3252112.0	59.97972577053791
3265863.0	59.99438506138627
3279614.0	59.99585100134053
3293365.0	59.994967822010835
3307116.0	59.639042906679784
3320867.0	59.99471381980617
3334618.0	58.84876099201686
3348369.0	59.96516607399561
3362120.0	59.9261890552919
3375871.0	59.945556676409474
3389622.0	59.99670425758575
3403373.0	59.98698517836756
3417124.0	59.99352068845878
3430875.0	59.994578989071684
3444626.0	58.96373417201392
3458377.0	59.9932900663737
3472128.0	59.076830865316815
3485879.0	59.99536668817197
3499630.0	59.992430771580054
3513381.0	59.65702226803509
3527132.0	59.96124753641328
3540883.0	59.99248701607866
3554634.0	59.99532344255612
3568385.0	59.99424021231285
3582136.0	59.99173221965699
3595887.0	59.663774637587785
3609638.0	59.99164751635142
3623389.0	59.99113931494619
3637140.0	59.99693880560979
3650891.0	59.950635644972664
3664642.0	59.993162449172864
3678393.0	59.996603466179494
3692144.0	59.99716861204207
3705895.0	59.99682075307644
3719646.0	59.97605917712011
3733397.0	59.99511936428308
3747148.0	59.99519560312915
3760899.0	59.98447499684973
3774650.0	59.99567353554454
3788401.0	59.73872206499966
3802152.0	59.99609085430566
3815903.0	59.98713829403222
3829654.0	59.99538755655072
3843405.0	59.99263224264211
3857156.0	59.96686465597079
3870907.0	59.99247374608304
3884658.0	58.16908961800543
3898409.0	59.99444043548447
3912160.0	59.996831824073055
3925911.0	59.99672745795109
3939662.0	59.996353334898394
3953413.0	59.955773321178974
3967164.0	59.995860998881625
3980915.0	59.99552153952306
3994666.0	59.99457552317467
4008417.0	59.99553229500022
4022168.0	59.99573167518575
4035919.0	59.96564343277622
4049670.0	59.99395623292462
4063421.0	59.99161243614929
4077172.0	59.994171261901556
4090923.0	58.96362656248332
4104674.0	59.99299838066532
4118425.0	59.82680693436065
4132176.0	59.99530071881985
4145927.0	59.996506581445935
4159678.0	59.16604649913343
4173429.0	59.61120837010013
4187180.0	59.874558753888905
4200931.0	59.98517082312788
4214682.0	59.9962058661822
4228433.0	59.79594884306884
4242184.0	59.88230818913792
4255935.0	59.99712370039289
4269686.0	59.996626169466644
4283437.0	59.96390566641315
4297188.0	59.97713466531959
4310939.0	59.993314680939804
4324690.0	18.079584371108343
4338441.0	59.99432656792289
4352192.0	59.99730294323355
4365943.0	59.99145654382562
4379694.0	59.9974611640289
4393445.0	59.991048652999254
4407196.0	59.99671692618274
4420947.0	59.99431685304993
4434698.0	59.99490350819608
4448449.0	59.99466956718387
4462200.0	59.98742102095846
4475951.0	59.9960599527478
4489702.0	59.99555980394582
4503453.0	59.992714558441
4517204.0	59.99743022805022
4530955.0	59.99791080298993
4544706.0	59.99162728051489
4558457.0	59.996744949361975
4572208.0	59.988330495909544
4585959.0	59.99298039281278
4599710.0	59.99646064285508
4613461.0	59.99571780543108
4627212.0	59.99086701020472
4640963.0	59.9836155841017
4654714.0	59.99547499678622
4668465.0	59.9937647210514
4682216.0	59.79189343640202
4695967.0	59.66304872847034
4709718.0	59.996984528042645
4723469.0	59.99262298208049
4737220.0	59.960485745753644
4750971.0	59.998102504730106
4764722.0	59.68075741614511
4778473.0	59.36203818578046
4792224.0	59.932500654738355
4805975.0	59.99384034165572
4819726.0	59.996974430368084
4833477.0	59.99228982539649
4847228.0	59.983939591982946
4860979.0	59.989334891286916
4874730.0	59.993629893433216
4888481.0	58.61749268859942
4902232.0	59.99632811953315
4915983.0	59.98925698338911
4929734.0	59.96935555604748
4943485.0	59.99429701695071
4957236.0	59.56023334178094
4970987.0	59.99147080104691
4984738.0	59.99544871308103
4998489.0	59.99469770873794
5012240.0	59.99760833453537
5025991.0	59.98178283810053
5039742.0	59.9969275018131
5053493.0	59.99618176282716
5067244.0	59.95942055985817
5076613.5	59.992147479009446
5083489.0	0.0
5094746.0	59.20944573595987
5108497.0	57.60787188168546
5122248.0	59.478470240075644
5135999.0	0.0
5149750.0	40.0
5163501.0	0.0
5177252.0	0.0
5191003.0	0.0
5204754.0	0.0
5218505.0	0.0
5232256.0	18.99332502423487
5246007.0	0.0
5255740.0	0.0
5262615.5	48.75314429715038
5273509.0	59.75882254353507
5287260.0	59.9960482332396
5301011.0	59.99456200384048
5314762.0	59.99383374528425
5328513.0	59.99506880110227
5342264.0	56.4172462126679
5356015.0	59.99257878857572
5369766.0	59.99340225178813
5383517.0	59.976104072494216
5397268.0	59.99736900428607
5411019.0	59.99668013920805
5421994.0	59.65339217977096
5428869.5	51.05704592312674
5438521.0	56.113139622921736
5452272.0	57.35896703815657
5464002.0	57.59028740684019
5470877.5	31.677395548314777
5479774.0	37.84747847478475
5493417.0	46.0
