#Coverage	Number of genomic locations
0.0	465335.0
1.0	2756.0
2.0	2327.0
3.0	2197.0
4.0	1555.0
5.0	1218.0
6.0	1235.0
7.0	1280.0
8.0	1308.0
9.0	1283.0
10.0	1315.0
11.0	970.0
12.0	991.0
13.0	858.0
14.0	977.0
15.0	989.0
16.0	1060.0
17.0	642.0
18.0	676.0
19.0	717.0
20.0	776.0
21.0	753.0
22.0	760.0
23.0	887.0
24.0	835.0
25.0	793.0
26.0	894.0
27.0	858.0
28.0	897.0
29.0	849.0
30.0	851.0
31.0	866.0
32.0	942.0
33.0	1054.0
34.0	981.0
35.0	1166.0
36.0	957.0
37.0	1116.0
38.0	1270.0
39.0	1408.0
40.0	1607.0
41.0	1846.0
42.0	2133.0
43.0	2588.0
44.0	2698.0
45.0	3040.0
46.0	3703.0
47.0	4473.0
48.0	5178.0
49.0	6213.0
50.0	7060.0
51.0	8502.0
52.0	10151.0
53.0	12274.0
54.0	13920.0
55.0	15848.0
56.0	19542.0
57.0	21997.0
58.0	25407.0
59.0	28959.0
60.0	32663.0
61.0	38168.0
62.0	42894.0
63.0	48178.0
64.0	53489.0
65.0	59193.0
66.0	64898.0
67.0	71920.0
68.0	77404.0
69.0	83956.0
70.0	90530.0
71.0	96117.0
72.0	103507.0
73.0	109962.0
74.0	115281.0
75.0	118650.0
76.0	123924.0
77.0	127058.0
78.0	130401.0
79.0	133237.0
80.0	135949.0
81.0	137547.0
82.0	137334.0
83.0	138099.0
84.0	137040.0
85.0	135365.0
86.0	134880.0
87.0	131577.0
88.0	128356.0
89.0	125566.0
90.0	120775.0
91.0	117533.0
92.0	112488.0
93.0	107245.0
94.0	102715.0
95.0	96222.0
96.0	90310.0
97.0	84541.0
98.0	79197.0
99.0	74211.0
100.0	68616.0
101.0	63477.0
102.0	57369.0
103.0	53306.0
104.0	49016.0
105.0	44805.0
106.0	40528.0
107.0	37140.0
108.0	33669.0
109.0	29660.0
110.0	26757.0
111.0	23833.0
112.0	21142.0
113.0	18822.0
114.0	16453.0
115.0	14836.0
116.0	13039.0
117.0	11574.0
118.0	10106.0
119.0	8958.0
120.0	7854.0
121.0	6766.0
122.0	5974.0
123.0	5224.0
124.0	4279.0
125.0	3745.0
126.0	3165.0
127.0	2768.0
128.0	2281.0
129.0	1964.0
130.0	1710.0
131.0	1448.0
132.0	1184.0
133.0	1038.0
134.0	874.0
135.0	735.0
136.0	559.0
137.0	488.0
138.0	422.0
139.0	354.0
140.0	314.0
141.0	359.0
142.0	260.0
143.0	253.0
144.0	211.0
145.0	164.0
146.0	169.0
147.0	110.0
148.0	162.0
149.0	158.0
150.0	155.0
151.0	190.0
152.0	192.0
153.0	204.0
154.0	158.0
155.0	196.0
156.0	174.0
157.0	125.0
158.0	170.0
159.0	125.0
160.0	131.0
161.0	123.0
162.0	125.0
163.0	155.0
164.0	122.0
165.0	128.0
166.0	105.0
167.0	99.0
168.0	132.0
169.0	128.0
170.0	119.0
171.0	225.0
172.0	134.0
173.0	95.0
174.0	178.0
175.0	154.0
176.0	113.0
177.0	126.0
178.0	97.0
179.0	98.0
180.0	143.0
181.0	122.0
182.0	101.0
183.0	86.0
184.0	97.0
185.0	101.0
186.0	99.0
187.0	113.0
188.0	88.0
189.0	91.0
190.0	86.0
191.0	110.0
192.0	126.0
193.0	116.0
194.0	136.0
195.0	104.0
196.0	89.0
197.0	114.0
198.0	138.0
199.0	90.0
200.0	87.0
201.0	97.0
202.0	96.0
203.0	102.0
204.0	92.0
205.0	82.0
206.0	150.0
207.0	140.0
208.0	96.0
209.0	97.0
210.0	94.0
211.0	92.0
212.0	88.0
213.0	88.0
214.0	96.0
215.0	84.0
216.0	117.0
217.0	113.0
218.0	101.0
219.0	116.0
220.0	93.0
221.0	111.0
222.0	95.0
223.0	112.0
224.0	104.0
225.0	131.0
226.0	126.0
227.0	141.0
228.0	134.0
229.0	126.0
230.0	144.0
231.0	167.0
232.0	140.0
233.0	110.0
234.0	185.0
235.0	141.0
236.0	103.0
237.0	143.0
238.0	117.0
239.0	154.0
240.0	137.0
241.0	128.0
242.0	107.0
243.0	129.0
244.0	128.0
245.0	143.0
246.0	116.0
247.0	117.0
248.0	145.0
249.0	142.0
250.0	114.0
251.0	128.0
252.0	152.0
253.0	118.0
254.0	138.0
255.0	114.0
256.0	116.0
257.0	129.0
258.0	139.0
259.0	150.0
260.0	109.0
261.0	107.0
262.0	117.0
263.0	111.0
264.0	114.0
265.0	107.0
266.0	144.0
267.0	123.0
268.0	106.0
269.0	100.0
270.0	101.0
271.0	96.0
272.0	138.0
273.0	116.0
274.0	115.0
275.0	134.0
276.0	110.0
277.0	118.0
278.0	109.0
279.0	112.0
280.0	115.0
281.0	120.0
282.0	146.0
283.0	127.0
284.0	124.0
285.0	137.0
286.0	156.0
287.0	118.0
288.0	138.0
289.0	151.0
290.0	114.0
291.0	104.0
292.0	114.0
293.0	76.0
294.0	93.0
295.0	118.0
296.0	95.0
297.0	104.0
298.0	129.0
299.0	94.0
300.0	95.0
301.0	97.0
302.0	83.0
303.0	106.0
304.0	121.0
305.0	108.0
306.0	124.0
307.0	99.0
308.0	131.0
309.0	120.0
310.0	140.0
311.0	89.0
312.0	136.0
313.0	107.0
314.0	105.0
315.0	116.0
316.0	118.0
317.0	125.0
318.0	121.0
319.0	111.0
320.0	146.0
321.0	118.0
322.0	133.0
323.0	157.0
324.0	126.0
325.0	156.0
326.0	131.0
327.0	160.0
328.0	138.0
329.0	129.0
330.0	108.0
331.0	132.0
332.0	137.0
333.0	128.0
334.0	147.0
335.0	128.0
336.0	132.0
337.0	111.0
338.0	106.0
339.0	126.0
340.0	181.0
341.0	128.0
342.0	128.0
343.0	136.0
344.0	136.0
345.0	158.0
346.0	176.0
347.0	193.0
348.0	173.0
349.0	165.0
350.0	158.0
351.0	167.0
352.0	160.0
353.0	189.0
354.0	144.0
355.0	204.0
356.0	164.0
357.0	162.0
358.0	168.0
359.0	186.0
360.0	167.0
361.0	157.0
362.0	165.0
363.0	149.0
364.0	155.0
365.0	190.0
366.0	172.0
367.0	163.0
368.0	189.0
369.0	224.0
370.0	212.0
371.0	214.0
372.0	185.0
373.0	211.0
374.0	208.0
375.0	231.0
376.0	246.0
377.0	216.0
378.0	214.0
379.0	243.0
380.0	218.0
381.0	207.0
382.0	195.0
383.0	169.0
384.0	192.0
385.0	185.0
386.0	178.0
387.0	219.0
388.0	182.0
389.0	196.0
390.0	163.0
391.0	221.0
392.0	191.0
393.0	200.0
394.0	239.0
395.0	246.0
396.0	227.0
397.0	219.0
398.0	216.0
399.0	179.0
400.0	179.0
401.0	173.0
402.0	191.0
403.0	230.0
404.0	201.0
405.0	212.0
406.0	184.0
407.0	217.0
408.0	172.0
409.0	165.0
410.0	225.0
411.0	213.0
412.0	213.0
413.0	175.0
414.0	148.0
415.0	155.0
416.0	200.0
417.0	184.0
418.0	190.0
419.0	181.0
420.0	165.0
421.0	163.0
422.0	163.0
423.0	161.0
424.0	170.0
425.0	160.0
426.0	163.0
427.0	141.0
428.0	142.0
429.0	153.0
430.0	149.0
431.0	153.0
432.0	166.0
433.0	131.0
434.0	150.0
435.0	132.0
436.0	121.0
437.0	126.0
438.0	108.0
439.0	129.0
440.0	122.0
441.0	134.0
442.0	142.0
443.0	130.0
444.0	104.0
445.0	110.0
446.0	91.0
447.0	105.0
448.0	111.0
449.0	111.0
450.0	116.0
451.0	94.0
452.0	87.0
453.0	92.0
454.0	107.0
455.0	121.0
456.0	101.0
457.0	112.0
458.0	95.0
459.0	81.0
460.0	81.0
461.0	80.0
462.0	99.0
463.0	78.0
464.0	102.0
465.0	67.0
466.0	84.0
467.0	80.0
468.0	57.0
469.0	65.0
470.0	64.0
471.0	47.0
472.0	56.0
473.0	45.0
474.0	41.0
475.0	30.0
476.0	51.0
477.0	32.0
478.0	48.0
479.0	42.0
480.0	34.0
481.0	53.0
482.0	36.0
483.0	33.0
484.0	22.0
485.0	40.0
486.0	30.0
487.0	20.0
488.0	23.0
489.0	23.0
490.0	22.0
491.0	19.0
492.0	15.0
493.0	23.0
494.0	13.0
495.0	25.0
496.0	16.0
497.0	13.0
498.0	12.0
499.0	29.0
500.0	13.0
501.0	16.0
502.0	9.0
503.0	12.0
504.0	14.0
505.0	14.0
506.0	11.0
507.0	6.0
508.0	10.0
509.0	8.0
510.0	8.0
511.0	12.0
512.0	10.0
513.0	7.0
514.0	6.0
515.0	2.0
516.0	9.0
517.0	5.0
518.0	12.0
519.0	5.0
520.0	12.0
521.0	11.0
522.0	11.0
523.0	16.0
524.0	16.0
525.0	13.0
526.0	11.0
527.0	9.0
528.0	11.0
529.0	8.0
530.0	6.0
531.0	6.0
532.0	10.0
533.0	13.0
534.0	6.0
535.0	21.0
536.0	6.0
537.0	5.0
538.0	7.0
539.0	12.0
540.0	9.0
541.0	12.0
542.0	6.0
543.0	8.0
544.0	9.0
545.0	4.0
546.0	7.0
547.0	5.0
548.0	7.0
549.0	2.0
550.0	6.0
551.0	20.0
552.0	8.0
553.0	8.0
554.0	22.0
555.0	18.0
556.0	10.0
557.0	7.0
558.0	16.0
559.0	9.0
560.0	9.0
561.0	6.0
562.0	8.0
563.0	9.0
564.0	18.0
565.0	13.0
566.0	8.0
567.0	9.0
568.0	9.0
569.0	7.0
570.0	6.0
571.0	5.0
572.0	13.0
573.0	9.0
574.0	14.0
575.0	15.0
576.0	6.0
577.0	8.0
578.0	12.0
579.0	12.0
580.0	15.0
581.0	4.0
582.0	6.0
583.0	6.0
584.0	11.0
585.0	7.0
586.0	14.0
587.0	11.0
588.0	4.0
589.0	9.0
590.0	13.0
591.0	11.0
592.0	9.0
593.0	5.0
594.0	11.0
595.0	9.0
596.0	7.0
597.0	8.0
598.0	3.0
599.0	4.0
600.0	6.0
601.0	6.0
602.0	11.0
603.0	6.0
604.0	13.0
605.0	7.0
606.0	6.0
607.0	6.0
608.0	14.0
609.0	4.0
610.0	4.0
611.0	5.0
612.0	9.0
613.0	12.0
614.0	13.0
615.0	3.0
616.0	8.0
617.0	8.0
618.0	15.0
619.0	8.0
620.0	5.0
621.0	17.0
622.0	3.0
623.0	8.0
624.0	10.0
625.0	10.0
626.0	11.0
627.0	13.0
628.0	10.0
629.0	18.0
630.0	12.0
631.0	20.0
632.0	17.0
633.0	19.0
634.0	16.0
635.0	12.0
636.0	14.0
637.0	16.0
638.0	15.0
639.0	21.0
640.0	12.0
641.0	18.0
642.0	14.0
643.0	19.0
644.0	18.0
645.0	22.0
646.0	17.0
647.0	24.0
648.0	21.0
649.0	28.0
650.0	10.0
651.0	19.0
652.0	17.0
653.0	16.0
654.0	24.0
655.0	16.0
656.0	12.0
657.0	15.0
658.0	24.0
659.0	13.0
660.0	26.0
661.0	14.0
662.0	14.0
663.0	14.0
664.0	27.0
665.0	18.0
666.0	21.0
667.0	12.0
668.0	7.0
669.0	8.0
670.0	6.0
671.0	10.0
672.0	15.0
673.0	6.0
674.0	10.0
675.0	21.0
676.0	14.0
677.0	11.0
678.0	13.0
679.0	15.0
680.0	20.0
681.0	9.0
682.0	16.0
683.0	11.0
684.0	12.0
685.0	10.0
686.0	13.0
687.0	12.0
688.0	12.0
689.0	10.0
690.0	16.0
691.0	8.0
692.0	13.0
693.0	22.0
694.0	9.0
695.0	10.0
696.0	11.0
697.0	8.0
698.0	8.0
699.0	17.0
700.0	1.0
701.0	9.0
702.0	11.0
703.0	14.0
704.0	3.0
705.0	13.0
706.0	7.0
707.0	9.0
708.0	8.0
709.0	7.0
710.0	11.0
711.0	9.0
712.0	8.0
713.0	6.0
714.0	9.0
715.0	6.0
716.0	4.0
717.0	6.0
718.0	5.0
719.0	8.0
720.0	9.0
721.0	11.0
722.0	6.0
723.0	11.0
724.0	2.0
725.0	16.0
726.0	4.0
727.0	7.0
728.0	2.0
729.0	4.0
730.0	1.0
731.0	2.0
732.0	5.0
733.0	4.0
735.0	7.0
736.0	5.0
737.0	5.0
738.0	1.0
739.0	3.0
740.0	6.0
741.0	5.0
743.0	2.0
744.0	1.0
745.0	1.0
748.0	3.0
749.0	1.0
750.0	5.0
751.0	3.0
752.0	4.0
753.0	2.0
754.0	10.0
755.0	6.0
756.0	3.0
757.0	6.0
758.0	2.0
759.0	7.0
760.0	1.0
761.0	5.0
762.0	3.0
763.0	11.0
764.0	5.0
765.0	2.0
766.0	4.0
767.0	4.0
768.0	4.0
769.0	4.0
770.0	4.0
771.0	1.0
772.0	1.0
773.0	1.0
774.0	3.0
775.0	3.0
777.0	4.0
778.0	1.0
779.0	1.0
780.0	2.0
781.0	1.0
782.0	2.0
784.0	1.0
786.0	4.0
787.0	2.0
789.0	1.0
790.0	3.0
791.0	2.0
792.0	2.0
793.0	2.0
794.0	1.0
795.0	1.0
796.0	2.0
797.0	3.0
798.0	2.0
799.0	6.0
800.0	3.0
801.0	6.0
802.0	2.0
804.0	2.0
805.0	7.0
806.0	2.0
807.0	10.0
809.0	1.0
811.0	3.0
812.0	2.0
815.0	1.0
816.0	1.0
817.0	2.0
819.0	3.0
820.0	2.0
821.0	1.0
822.0	1.0
823.0	2.0
824.0	4.0
825.0	2.0
826.0	1.0
827.0	6.0
828.0	3.0
829.0	1.0
832.0	2.0
833.0	1.0
835.0	2.0
836.0	3.0
841.0	1.0
845.0	1.0
851.0	2.0
853.0	1.0
854.0	3.0
858.0	1.0
860.0	2.0
863.0	1.0
867.0	4.0
868.0	1.0
870.0	1.0
874.0	1.0
877.0	3.0
878.0	2.0
883.0	2.0
886.0	2.0
890.0	1.0
891.0	1.0
892.0	2.0
894.0	1.0
903.0	1.0
909.0	1.0
910.0	3.0
912.0	1.0
917.0	1.0
922.0	1.0
930.0	1.0
935.0	2.0
938.0	2.0
939.0	1.0
940.0	1.0
942.0	2.0
943.0	1.0
944.0	1.0
945.0	5.0
946.0	1.0
947.0	1.0
948.0	1.0
949.0	2.0
951.0	2.0
952.0	1.0
953.0	3.0
954.0	2.0
955.0	2.0
957.0	2.0
960.0	5.0
961.0	1.0
962.0	1.0
966.0	1.0
970.0	2.0
971.0	2.0
972.0	1.0
973.0	1.0
975.0	1.0
979.0	1.0
980.0	1.0
986.0	1.0
987.0	3.0
993.0	3.0
994.0	1.0
995.0	1.0
998.0	1.0
999.0	1.0
1001.0	2.0
1004.0	1.0
1005.0	2.0
1006.0	2.0
