# Position (bp)	A	C	G	T	N
0.0	12.705149241724275	25.448858903485576	54.9783674685831	6.866707897350532	9.164888565138258E-4
1.0	13.324062621767188	33.70284936915263	25.781346522770377	27.191707544236703	3.394207310036399E-5
2.0	15.330206044771689	34.35143824170604	29.180859636770805	21.13668173759617	8.143391552927803E-4
3.0	10.542566626289153	46.653120078566594	17.064767250535464	25.73951213292296	3.391168583129072E-5
4.0	29.430649118288898	20.741796223755372	21.009799802106347	28.817585426352387	1.694294969977093E-4
5.0	25.578486850524808	17.177807556335306	46.08610216362513	11.157400291300199	2.03138214564062E-4
6.0	20.93179428822097	28.929022815569798	35.47745622948389	14.661658970764147	6.769596119125937E-5
7.0	26.14522859906873	27.004998093273603	33.469155866677355	13.380583603777179	3.3837203125068735E-5
8.0	8.702738866084548	52.338331948837705	25.330723085540185	13.628138453171127	6.764636644307288E-5
9.0	20.34987413930387	35.19264547518541	18.726448665910432	25.730997908802134	3.381079815460663E-5
10.0	15.376218128578682	17.950062896227646	51.45884775192457	15.214837426263383	3.3797005720481186E-5
11.0	15.774624091907416	36.59290420679169	25.876195303260687	21.756276398040207	0.0
12.0	12.393724667294745	29.681494065065888	40.025226721272766	17.89952076661128	3.377975531972032E-5
13.0	11.767183009648083	44.84254747214821	26.122564762377543	17.267603445888675	1.0130993749176856E-4
14.0	19.047487221730822	31.39085636347677	35.69147822798998	13.870178186802429	0.0
15.0	19.034234730451615	31.726255806701147	33.4564198725867	15.782920839863973	1.6875039656343192E-4
16.0	19.063383991169832	31.221838401310354	31.14817493100166	18.56653518822653	6.748829162500671E-5
17.0	18.237390011467383	32.03347166841146	31.723423858971767	18.00561324858918	1.0121256020882176E-4
18.0	18.16769123091064	31.44907957870593	33.06456862893909	17.31852563940398	1.349220403585553E-4
19.0	18.20953065723635	32.0836884259317	31.962313363498918	17.744467553333028	0.0
20.0	17.49588258383545	32.84210973571651	31.979644249847915	17.682329708928016	3.372167210934454E-5
21.0	17.36148460115759	32.65873022563389	32.67643295134785	17.303318502383124	3.3719477550414835E-5
22.0	17.919368455691558	32.161954944408784	32.19675003101888	17.72189285271159	3.3716169195828904E-5
23.0	17.703588503277125	32.20439037990781	32.33816572027131	17.753787969456877	6.742708687676723E-5
24.0	17.28173433270662	32.471035064706086	32.71231541143238	17.534847766159327	6.742499559209092E-5
25.0	17.784823568676234	32.12830081818826	31.85368353273933	18.23315836847801	3.3711918174432206E-5
26.0	17.460652982653095	32.51788883888162	32.27212274145508	17.749234298698518	1.0113831169816282E-4
27.0	17.451052382623658	32.28771047568187	32.852799942280704	17.408403484870092	3.3714543678708495E-5
28.0	18.03182791348472	31.835364722938685	32.286586085402654	17.84622127817394	0.0
29.0	17.727570368562066	32.519045823945575	32.23277682279848	17.52060698469388	0.0
30.0	17.678057999146137	32.38891545495074	32.64507374161736	17.287952804285762	0.0
31.0	18.075851801483658	32.01042621610519	32.110364357667244	17.80332389604275	3.3728701168429666E-5
32.0	17.682299011266462	32.40753985229047	32.2591353608196	17.650182376603976	8.433990194980359E-4
33.0	17.333938502240702	32.463183683386426	32.77499190108525	17.427818422331406	6.749095621186761E-5
34.0	17.858554598111464	31.905606297054316	32.1854131159151	18.050425988919123	0.0
35.0	17.491307881473166	32.447221780455166	32.20697928917261	17.854491048899053	0.0
36.0	17.380771861095397	32.45990830877821	32.59107910267559	17.568173183272684	6.754417811399769E-5
37.0	18.010057061172294	31.938921272606347	32.01380709452807	18.037214571693294	0.0
38.0	17.632580063558297	32.47412179991534	32.16068824306607	17.732576111011827	3.3782448464030305E-5
39.0	17.57225031163422	32.30105166623358	32.75486002394405	17.371837998188145	0.0
40.0	17.92996426182397	31.715036973615675	32.04669590033467	17.67868496491926	0.62961789930643
41.0	17.73042978710311	32.37724776250819	32.35273332587193	17.53958912451677	0.0
42.0	17.599893095527268	32.38928113508192	32.623794364510424	17.386929913292352	1.0149158803887806E-4
43.0	17.97300567811598	32.08695725757999	31.999221480371997	17.940815583932032	0.0
44.0	17.415118455195508	32.122128366593714	32.16408907998681	17.52725075708777	0.7714133411361972
45.0	17.426273549281582	32.497949290120644	32.63578138907515	17.43999577152263	0.0
46.0	17.89719006886285	32.108588892801784	31.992907976899065	18.001279167232983	3.3894203311667026E-5
47.0	17.58775877587759	32.422191371679546	32.2480044614631	17.741808079112996	2.3731186677989832E-4
48.0	17.414718557761336	32.40689718549284	32.65118578649977	17.52719847024606	0.0
49.0	18.004302487532485	31.935861593141528	32.07208667931678	17.987749240009197	0.0
50.0	17.655210746470026	32.510942569283706	32.14348126911069	17.69009395051268	2.714646229000091E-4
51.0	17.574008950701213	32.31448919795049	32.61462251132247	17.496845392133796	3.39478920226188E-5
52.0	18.113876235483207	31.97034330800237	32.03025993422079	17.88552052229364	0.0
53.0	17.68914028748617	32.4653896451691	32.188581573588465	17.65688849375627	0.0
54.0	17.54424502667436	32.42615457697616	32.67842952300347	17.351170873346007	0.0
55.0	17.884305539301472	32.05129426365366	32.10661107315971	17.95778912388516	0.0
56.0	17.490499084365954	32.52095272224588	32.17433563356396	17.814212559824202	0.0
57.0	17.489168588071372	32.36215162376712	32.66951963917875	17.479160148982764	0.0
58.0	17.89566054774705	31.923727578452432	32.155723938973345	18.02468362275274	2.0431207443497495E-4
59.0	17.584565483534504	32.41189186464072	32.20958600707032	17.793922580794604	3.4063959853579474E-5
60.0	17.53592084260803	32.32136358122043	32.57483026115451	17.567885315017033	0.0
61.0	18.060665446770702	31.96499055415939	32.020871199374575	17.953472799695334	0.0
62.0	17.73874068120192	32.293737794984395	32.224755149134886	17.741640545147128	0.0011258295316685612
63.0	17.620970329719846	32.271874475147776	32.6204787608094	17.48667643432298	0.0
64.0	18.04018197026981	32.042014788926984	32.11275216199849	17.80494861037438	1.0246843033051875E-4
65.0	17.736066745246507	32.343236466422496	32.21863422132653	17.702028391950954	3.417505350959003E-5
66.0	17.508983550955794	32.43689290513165	32.63225735864797	17.421866185264584	0.0
67.0	17.97237245371724	32.00449001494962	32.05750283618593	17.965634695147205	0.0
68.0	17.54488782875346	32.44383910893884	32.20698505626439	17.804253793411124	3.421263219333422E-5
69.0	17.431520773412444	32.47559471413884	32.637132996658345	17.455751515790364	0.0
70.0	17.98112213295861	32.08576565545753	32.000371161313765	17.932741050270103	0.0
71.0	17.64155341947759	32.396866522304975	32.25695832592512	17.70462173229231	0.0
72.0	17.5367875807527	32.35654771801302	32.517530342790835	17.589134358443445	0.0
73.0	18.057963477644	31.946324472256276	32.10583620854667	17.889875841553046	0.0
74.0	17.648916519832937	32.34821717592483	32.31131565424338	17.69155064999885	0.0
75.0	17.551367127992144	32.43666206497623	32.61380252942981	17.398168277601815	0.0
76.0	17.999522288341947	32.037337118367674	32.12232855220718	17.840777673338017	3.4367745183790106E-5
77.0	17.510850998869515	32.22536933279422	32.19494115155366	17.651233218084446	0.41760529869815516
78.0	17.496592162610337	32.53661769860305	32.48994159123219	17.476848547554425	0.0
79.0	17.92069702381567	31.972767345590437	32.10504220476451	18.001493425829384	0.0
80.0	17.55828449395078	32.48146295396698	32.16906075179655	17.791191800285684	0.0
81.0	17.475004728113657	32.432861647298914	32.55191709937375	17.540078729551553	1.3779566212365852E-4
82.0	18.02439898791426	32.00293697904817	31.998628030914116	17.97403600212345	0.0
83.0	17.692281155670546	32.39448037947391	32.21930142302717	17.693937041828374	0.0
84.0	17.577382978679328	32.362784910293264	32.520426813900386	17.539405297127022	0.0
85.0	18.01380167248186	32.01567165674663	32.0399966553127	17.930530015458814	0.0
86.0	17.685814338486985	32.35170051186161	32.2963444976606	17.666140651990812	0.0
87.0	17.12418671495462	31.65409533088065	31.9400035565544	17.033646803702414	2.248067593907913
88.0	17.89632977095855	32.010353454589755	32.168811983313745	17.92436633895034	1.384521876137904E-4
89.0	17.56034905783543	32.54740258458495	32.227316314010764	17.664932043568857	0.0
90.0	17.141875096583558	32.03012228951021	32.12928718389024	17.262868741298817	1.4358466887171695
91.0	18.010317345573522	32.0139695707994	32.02392009899215	17.951758313804987	3.467082993992586E-5
92.0	17.593199076335537	32.326972500999155	32.28669401394378	17.792058928016342	0.0010754807051822906
93.0	17.596381141268267	32.37566770276914	32.4863265028347	17.54162465312789	0.0
94.0	18.04055300884393	31.938474412585354	32.09040832064032	17.9305642579304	0.0
95.0	17.68913075538217	32.38634624534964	32.17348023406913	17.751042765199053	0.0
96.0	17.57132737756475	32.50631342797819	32.54098289326434	17.38137630119272	0.0
97.0	17.99028213166144	31.962835249042143	32.13204458376872	17.914803204458376	3.483106931382794E-5
98.0	17.630871180371738	32.39845662221085	32.303973350907945	17.66662914287885	6.970363061815618E-5
99.0	17.46865988081165	32.49904977107329	32.598745349108874	17.43354499900618	0.0
100.0	17.946017952612277	32.054208836325024	32.106998322808586	17.892774888254113	0.0
101.0	17.62498005465635	32.41113978430049	32.23534143809681	17.728364146634327	1.7457631201954417E-4
102.0	17.492144037452842	32.396162048249394	32.539391628949076	17.572302285348687	0.0
103.0	18.00393312635982	31.946282013483707	32.08600137865766	17.963433745916397	3.497355824129167E-4
104.0	17.584509606228647	32.122437405478074	31.862747157340504	17.67195989469557	0.7583459362572117
105.0	17.63729628692557	32.267982784129494	32.5302788082334	17.564442120711536	0.0
106.0	17.990590197965034	31.874625770426224	32.18074424637925	17.95389947654337	1.403086861249091E-4
107.0	17.699678604465834	32.37423710249024	32.24237892375501	17.68370536928891	0.0
108.0	17.461568892814505	32.40667935699524	32.58438611765185	17.547330498738344	3.513380005073321E-5
109.0	17.95940381673458	31.97743164147996	32.195211308509826	17.867953233275635	0.0
110.0	17.510121635547936	32.12950345491962	32.035842921927156	17.570216372719663	0.7543156148856212
111.0	17.50998478559163	32.54443286805154	32.508025327535826	17.43755701882101	0.0
112.0	17.96692540153831	31.922467643456887	32.064281371970296	18.04614937313328	1.7620990123435037E-4
113.0	17.723995117580237	32.36560998497174	32.19437251733894	17.71577543691307	2.4694319600939796E-4
114.0	17.52093211986073	32.42639546582862	32.513270517256174	17.539366581992923	3.531506155591805E-5
115.0	17.98871707955	31.953461223401753	32.08678168782789	17.97104000922036	0.0
116.0	17.681375691227643	32.4874426019573	32.16658342851743	17.66438590598207	2.1237231556968695E-4
117.0	17.545501893771632	32.382644619314696	32.65074882812915	17.421104658784515	0.0
118.0	18.051622164678278	32.046006310920276	32.04508428390772	17.857251777916318	3.546257740594083E-5
119.0	17.63282469461447	32.38030711396209	32.233621263024446	17.75321143702446	3.549137453124767E-5
120.0	17.549251546992334	32.44769354277229	32.58100840455537	17.421904416831847	1.4208884815675242E-4
121.0	17.93307407162478	32.095191569941285	32.059992846481656	17.911634849153916	1.0666279836251271E-4
122.0	17.651399227533716	32.4046083155985	32.1691523907052	17.773167136688663	0.0016729294739206313
123.0	17.589899853879327	32.34081756299227	32.54944937453224	17.51979756940732	3.5639188852061724E-5
124.0	18.00826970305872	31.961705737887918	32.02743469524447	18.002482697030587	1.071667782987274E-4
125.0	17.628106236931362	32.319377328165906	32.29429271238159	17.758187887355742	3.583516540616472E-5
126.0	17.522044567471465	32.423859985553015	32.52501757429197	17.529041988473274	3.5884210265683104E-5
127.0	17.98714711050704	31.991709250351107	32.13499018985443	17.886153449287423	0.0
128.0	17.647864942381965	32.35058840963583	32.25498398320125	17.74652669622323	3.596855772557861E-5
129.0	17.56956973679994	32.45892821073575	32.446470485091595	17.524851542435655	1.8002493705428075E-4
130.0	17.989419133571275	32.032763996365645	32.10434108175105	17.873367665826557	1.0812248547644715E-4
131.0	17.68426171925171	32.43595053547128	32.134085008680394	17.745630580381302	7.2156215319919E-5
132.0	17.509745617000863	32.46883425371258	32.59034743232973	17.430964332053183	1.0836490364192768E-4
133.0	17.976364991715485	31.90682715584544	32.203123773644144	17.91361174075348	7.233804145476141E-5
134.0	17.544242209980617	32.49701526272932	32.11682348611517	17.84181037355581	1.0866761907797697E-4
135.0	17.57457237552223	32.270632008025494	32.636532345988975	17.51822698882344	3.628163985755828E-5
136.0	18.023494162439867	31.908833461990803	32.17534341368247	17.892292617968724	3.634391813605128E-5
137.0	17.675674731061438	32.383668690410836	32.16879453487136	17.77186204365637	0.0
138.0	17.60301824373135	32.36793633857074	32.65200891090806	17.37696357416537	7.293262447684517E-5
139.0	18.04874485468949	31.976200998564607	32.06057130752065	17.914446315281985	3.652394327101131E-5
140.0	17.699070043095563	32.38796250905446	32.188910757794154	17.72358110233916	4.7558771666678866E-4
141.0	17.502113613650845	32.44106526860942	32.54737811128144	17.509259771638106	1.832348201861739E-4
142.0	17.952548078723744	32.061038149394165	32.03537119411195	17.950969138699232	7.343907090762614E-5
143.0	17.67486939112504	32.39755305979794	32.18089306176356	17.74657405917991	1.1042813355472948E-4
144.0	17.53595790560595	32.38203882903547	32.63519459757096	17.446771737697386	3.693009023128946E-5
145.0	18.061334886817576	31.793991939319007	32.16069050789424	17.983982665969183	0.0
146.0	17.75650981565483	31.856299174122814	32.62771176540457	17.759479244817783	0.0
147.0	17.83039591714106	30.32572349399706	33.42606646351218	17.709634751122746	0.708179374226953
148.0	19.25655002366899	26.82044880848988	35.84622298966475	18.076735415776675	4.276239970613679E-5
149.0	17.942123417156296	16.7902632061182	44.65538717766123	20.61222619906427	0.0
150.0	0.0	0.0	67.08868553133559	32.911314468664415	0.0
