#Coverage	Number of genomic locations
0.0	468674.0
1.0	3410.0
2.0	2042.0
3.0	1368.0
4.0	1076.0
5.0	905.0
6.0	743.0
7.0	794.0
8.0	504.0
9.0	482.0
10.0	520.0
11.0	534.0
12.0	470.0
13.0	335.0
14.0	330.0
15.0	342.0
16.0	341.0
17.0	357.0
18.0	400.0
19.0	368.0
20.0	422.0
21.0	337.0
22.0	276.0
23.0	265.0
24.0	291.0
25.0	205.0
26.0	241.0
27.0	300.0
28.0	285.0
29.0	330.0
30.0	323.0
31.0	324.0
32.0	271.0
33.0	289.0
34.0	279.0
35.0	273.0
36.0	261.0
37.0	299.0
38.0	316.0
39.0	253.0
40.0	240.0
41.0	267.0
42.0	238.0
43.0	275.0
44.0	289.0
45.0	291.0
46.0	341.0
47.0	307.0
48.0	397.0
49.0	349.0
50.0	305.0
51.0	331.0
52.0	343.0
53.0	357.0
54.0	348.0
55.0	392.0
56.0	351.0
57.0	266.0
58.0	303.0
59.0	364.0
60.0	336.0
61.0	322.0
62.0	312.0
63.0	339.0
64.0	381.0
65.0	327.0
66.0	323.0
67.0	350.0
68.0	352.0
69.0	418.0
70.0	444.0
71.0	442.0
72.0	427.0
73.0	420.0
74.0	382.0
75.0	372.0
76.0	461.0
77.0	402.0
78.0	489.0
79.0	541.0
80.0	601.0
81.0	567.0
82.0	529.0
83.0	527.0
84.0	585.0
85.0	647.0
86.0	776.0
87.0	865.0
88.0	933.0
89.0	1063.0
90.0	1064.0
91.0	1120.0
92.0	1122.0
93.0	1278.0
94.0	1233.0
95.0	1506.0
96.0	1547.0
97.0	1702.0
98.0	1957.0
99.0	2139.0
100.0	2317.0
101.0	2751.0
102.0	3102.0
103.0	3479.0
104.0	3425.0
105.0	3796.0
106.0	4238.0
107.0	4707.0
108.0	5123.0
109.0	5529.0
110.0	5971.0
111.0	6513.0
112.0	7261.0
113.0	8002.0
114.0	8714.0
115.0	9634.0
116.0	10563.0
117.0	11436.0
118.0	12760.0
119.0	13838.0
120.0	14950.0
121.0	16284.0
122.0	17455.0
123.0	19017.0
124.0	20186.0
125.0	21472.0
126.0	22561.0
127.0	23971.0
128.0	25131.0
129.0	26763.0
130.0	28322.0
131.0	29501.0
132.0	31197.0
133.0	32167.0
134.0	34092.0
135.0	35484.0
136.0	36690.0
137.0	38438.0
138.0	39796.0
139.0	40866.0
140.0	42271.0
141.0	43284.0
142.0	43983.0
143.0	46264.0
144.0	47247.0
145.0	48342.0
146.0	49025.0
147.0	50098.0
148.0	51106.0
149.0	52268.0
150.0	53134.0
151.0	52776.0
152.0	53732.0
153.0	53991.0
154.0	54456.0
155.0	54768.0
156.0	55237.0
157.0	55765.0
158.0	56729.0
159.0	56719.0
160.0	56789.0
161.0	56983.0
162.0	56645.0
163.0	57401.0
164.0	57054.0
165.0	57801.0
166.0	58040.0
167.0	57736.0
168.0	57644.0
169.0	57540.0
170.0	57472.0
171.0	57875.0
172.0	58532.0
173.0	57687.0
174.0	57498.0
175.0	57466.0
176.0	56876.0
177.0	56589.0
178.0	56643.0
179.0	56303.0
180.0	55244.0
181.0	56115.0
182.0	55197.0
183.0	54348.0
184.0	53460.0
185.0	52911.0
186.0	53048.0
187.0	52620.0
188.0	51473.0
189.0	51289.0
190.0	50383.0
191.0	49874.0
192.0	49482.0
193.0	48282.0
194.0	47876.0
195.0	47285.0
196.0	46668.0
197.0	45942.0
198.0	44951.0
199.0	44359.0
200.0	42787.0
201.0	42228.0
202.0	41503.0
203.0	40530.0
204.0	38733.0
205.0	38346.0
206.0	37778.0
207.0	36560.0
208.0	35387.0
209.0	34625.0
210.0	33682.0
211.0	31884.0
212.0	30537.0
213.0	29715.0
214.0	28409.0
215.0	27892.0
216.0	26426.0
217.0	25708.0
218.0	24307.0
219.0	23049.0
220.0	22086.0
221.0	21253.0
222.0	20527.0
223.0	19364.0
224.0	18640.0
225.0	17718.0
226.0	16860.0
227.0	16088.0
228.0	15187.0
229.0	14378.0
230.0	13489.0
231.0	13004.0
232.0	11950.0
233.0	11124.0
234.0	10985.0
235.0	10420.0
236.0	9769.0
237.0	9186.0
238.0	8926.0
239.0	8390.0
240.0	7752.0
241.0	7484.0
242.0	6986.0
243.0	6432.0
244.0	5986.0
245.0	5582.0
246.0	5305.0
247.0	5014.0
248.0	4589.0
249.0	4203.0
250.0	4162.0
251.0	3875.0
252.0	3476.0
253.0	3304.0
254.0	3057.0
255.0	2726.0
256.0	2551.0
257.0	2358.0
258.0	2054.0
259.0	1903.0
260.0	1703.0
261.0	1614.0
262.0	1531.0
263.0	1375.0
264.0	1293.0
265.0	1170.0
266.0	1147.0
267.0	1014.0
268.0	865.0
269.0	864.0
270.0	723.0
271.0	676.0
272.0	614.0
273.0	514.0
274.0	610.0
275.0	532.0
276.0	468.0
277.0	429.0
278.0	380.0
279.0	359.0
280.0	272.0
281.0	279.0
282.0	260.0
283.0	249.0
284.0	221.0
285.0	201.0
286.0	177.0
287.0	186.0
288.0	132.0
289.0	111.0
290.0	135.0
291.0	135.0
292.0	146.0
293.0	127.0
294.0	112.0
295.0	121.0
296.0	113.0
297.0	127.0
298.0	119.0
299.0	140.0
300.0	113.0
301.0	89.0
302.0	121.0
303.0	117.0
304.0	102.0
305.0	129.0
306.0	89.0
307.0	85.0
308.0	88.0
309.0	73.0
310.0	75.0
311.0	60.0
312.0	55.0
313.0	67.0
314.0	74.0
315.0	70.0
316.0	81.0
317.0	78.0
318.0	71.0
319.0	61.0
320.0	106.0
321.0	82.0
322.0	77.0
323.0	68.0
324.0	74.0
325.0	76.0
326.0	84.0
327.0	86.0
328.0	98.0
329.0	106.0
330.0	90.0
331.0	124.0
332.0	112.0
333.0	100.0
334.0	116.0
335.0	101.0
336.0	100.0
337.0	95.0
338.0	136.0
339.0	122.0
340.0	113.0
341.0	123.0
342.0	138.0
343.0	133.0
344.0	127.0
345.0	140.0
346.0	121.0
347.0	113.0
348.0	129.0
349.0	111.0
350.0	140.0
351.0	129.0
352.0	128.0
353.0	112.0
354.0	97.0
355.0	120.0
356.0	118.0
357.0	105.0
358.0	90.0
359.0	108.0
360.0	116.0
361.0	126.0
362.0	122.0
363.0	107.0
364.0	111.0
365.0	111.0
366.0	126.0
367.0	107.0
368.0	107.0
369.0	107.0
370.0	80.0
371.0	111.0
372.0	88.0
373.0	86.0
374.0	71.0
375.0	92.0
376.0	88.0
377.0	98.0
378.0	129.0
379.0	100.0
380.0	92.0
381.0	112.0
382.0	97.0
383.0	100.0
384.0	102.0
385.0	100.0
386.0	89.0
387.0	80.0
388.0	84.0
389.0	95.0
390.0	105.0
391.0	107.0
392.0	106.0
393.0	103.0
394.0	101.0
395.0	79.0
396.0	97.0
397.0	93.0
398.0	104.0
399.0	121.0
400.0	78.0
401.0	97.0
402.0	84.0
403.0	97.0
404.0	75.0
405.0	87.0
406.0	99.0
407.0	70.0
408.0	56.0
409.0	74.0
410.0	54.0
411.0	82.0
412.0	78.0
413.0	80.0
414.0	72.0
415.0	70.0
416.0	68.0
417.0	59.0
418.0	69.0
419.0	51.0
420.0	60.0
421.0	57.0
422.0	34.0
423.0	49.0
424.0	59.0
425.0	47.0
426.0	35.0
427.0	46.0
428.0	35.0
429.0	40.0
430.0	40.0
431.0	49.0
432.0	29.0
433.0	33.0
434.0	30.0
435.0	37.0
436.0	27.0
437.0	29.0
438.0	34.0
439.0	34.0
440.0	28.0
441.0	37.0
442.0	40.0
443.0	40.0
444.0	25.0
445.0	21.0
446.0	19.0
447.0	24.0
448.0	15.0
449.0	17.0
450.0	14.0
451.0	13.0
452.0	10.0
453.0	17.0
454.0	28.0
455.0	21.0
456.0	40.0
457.0	17.0
458.0	8.0
459.0	54.0
460.0	22.0
461.0	13.0
462.0	13.0
463.0	20.0
464.0	15.0
465.0	23.0
466.0	23.0
467.0	17.0
468.0	21.0
469.0	20.0
470.0	28.0
471.0	26.0
472.0	22.0
473.0	24.0
474.0	21.0
475.0	18.0
476.0	17.0
477.0	14.0
478.0	18.0
479.0	19.0
480.0	42.0
481.0	28.0
482.0	24.0
483.0	20.0
484.0	35.0
485.0	42.0
486.0	27.0
487.0	29.0
488.0	14.0
489.0	19.0
490.0	19.0
491.0	35.0
492.0	20.0
493.0	18.0
494.0	29.0
495.0	8.0
496.0	18.0
497.0	17.0
498.0	17.0
499.0	10.0
500.0	10.0
501.0	32.0
502.0	21.0
503.0	24.0
504.0	31.0
505.0	18.0
506.0	19.0
507.0	25.0
508.0	24.0
509.0	27.0
510.0	22.0
511.0	16.0
512.0	19.0
513.0	11.0
514.0	14.0
515.0	17.0
516.0	13.0
517.0	16.0
518.0	12.0
519.0	17.0
520.0	23.0
521.0	13.0
522.0	16.0
523.0	14.0
524.0	15.0
525.0	10.0
526.0	15.0
527.0	12.0
528.0	9.0
529.0	19.0
530.0	14.0
531.0	22.0
532.0	23.0
533.0	15.0
534.0	26.0
535.0	16.0
536.0	28.0
537.0	13.0
538.0	13.0
539.0	11.0
540.0	13.0
541.0	14.0
542.0	21.0
543.0	20.0
544.0	21.0
545.0	15.0
546.0	18.0
547.0	15.0
548.0	24.0
549.0	25.0
550.0	11.0
551.0	12.0
552.0	16.0
553.0	16.0
554.0	23.0
555.0	18.0
556.0	22.0
557.0	29.0
558.0	23.0
559.0	15.0
560.0	16.0
561.0	21.0
562.0	21.0
563.0	19.0
564.0	12.0
565.0	22.0
566.0	14.0
567.0	16.0
568.0	17.0
569.0	27.0
570.0	30.0
571.0	15.0
572.0	26.0
573.0	19.0
574.0	21.0
575.0	14.0
576.0	52.0
577.0	20.0
578.0	18.0
579.0	20.0
580.0	30.0
581.0	38.0
582.0	24.0
583.0	22.0
584.0	27.0
585.0	25.0
586.0	28.0
587.0	23.0
588.0	32.0
589.0	38.0
590.0	32.0
591.0	34.0
592.0	27.0
593.0	26.0
594.0	18.0
595.0	19.0
596.0	23.0
597.0	39.0
598.0	34.0
599.0	29.0
600.0	41.0
601.0	21.0
602.0	30.0
603.0	27.0
604.0	39.0
605.0	25.0
606.0	32.0
607.0	30.0
608.0	28.0
609.0	34.0
610.0	45.0
611.0	29.0
612.0	27.0
613.0	26.0
614.0	30.0
615.0	33.0
616.0	30.0
617.0	36.0
618.0	36.0
619.0	39.0
620.0	32.0
621.0	20.0
622.0	28.0
623.0	31.0
624.0	21.0
625.0	38.0
626.0	27.0
627.0	27.0
628.0	25.0
629.0	33.0
630.0	29.0
631.0	33.0
632.0	29.0
633.0	23.0
634.0	27.0
635.0	23.0
636.0	29.0
637.0	22.0
638.0	29.0
639.0	24.0
640.0	26.0
641.0	29.0
642.0	35.0
643.0	19.0
644.0	23.0
645.0	34.0
646.0	28.0
647.0	48.0
648.0	24.0
649.0	35.0
650.0	29.0
651.0	29.0
652.0	18.0
653.0	23.0
654.0	32.0
655.0	34.0
656.0	30.0
657.0	19.0
658.0	26.0
659.0	34.0
660.0	26.0
661.0	31.0
662.0	27.0
663.0	19.0
664.0	25.0
665.0	25.0
666.0	24.0
667.0	31.0
668.0	25.0
669.0	21.0
670.0	36.0
671.0	26.0
672.0	16.0
673.0	31.0
674.0	38.0
675.0	26.0
676.0	36.0
677.0	31.0
678.0	31.0
679.0	28.0
680.0	38.0
681.0	32.0
682.0	23.0
683.0	28.0
684.0	32.0
685.0	18.0
686.0	35.0
687.0	29.0
688.0	30.0
689.0	37.0
690.0	34.0
691.0	34.0
692.0	48.0
693.0	39.0
694.0	29.0
695.0	42.0
696.0	40.0
697.0	28.0
698.0	43.0
699.0	45.0
700.0	48.0
701.0	41.0
702.0	43.0
703.0	66.0
704.0	47.0
705.0	49.0
706.0	53.0
707.0	47.0
708.0	37.0
709.0	45.0
710.0	52.0
711.0	47.0
712.0	60.0
713.0	66.0
714.0	81.0
715.0	55.0
716.0	49.0
717.0	63.0
718.0	60.0
719.0	70.0
720.0	57.0
721.0	75.0
722.0	63.0
723.0	71.0
724.0	65.0
725.0	80.0
726.0	77.0
727.0	88.0
728.0	90.0
729.0	69.0
730.0	106.0
731.0	74.0
732.0	67.0
733.0	69.0
734.0	70.0
735.0	68.0
736.0	58.0
737.0	71.0
738.0	78.0
739.0	69.0
740.0	78.0
741.0	73.0
742.0	75.0
743.0	81.0
744.0	75.0
745.0	78.0
746.0	89.0
747.0	79.0
748.0	73.0
749.0	77.0
750.0	86.0
751.0	82.0
752.0	74.0
753.0	86.0
754.0	80.0
755.0	87.0
756.0	89.0
757.0	69.0
758.0	87.0
759.0	69.0
760.0	87.0
761.0	71.0
762.0	83.0
763.0	80.0
764.0	85.0
765.0	79.0
766.0	81.0
767.0	78.0
768.0	67.0
769.0	72.0
770.0	81.0
771.0	96.0
772.0	81.0
773.0	66.0
774.0	74.0
775.0	78.0
776.0	71.0
777.0	84.0
778.0	68.0
779.0	96.0
780.0	65.0
781.0	70.0
782.0	72.0
783.0	60.0
784.0	83.0
785.0	76.0
786.0	71.0
787.0	87.0
788.0	82.0
789.0	98.0
790.0	77.0
791.0	81.0
792.0	91.0
793.0	74.0
794.0	83.0
795.0	88.0
796.0	80.0
797.0	97.0
798.0	98.0
799.0	87.0
800.0	82.0
801.0	81.0
802.0	91.0
803.0	96.0
804.0	100.0
805.0	104.0
806.0	88.0
807.0	95.0
808.0	95.0
809.0	97.0
810.0	92.0
811.0	90.0
812.0	80.0
813.0	73.0
814.0	90.0
815.0	72.0
816.0	86.0
817.0	76.0
818.0	72.0
819.0	60.0
820.0	96.0
821.0	67.0
822.0	84.0
823.0	93.0
824.0	65.0
825.0	71.0
826.0	88.0
827.0	95.0
828.0	89.0
829.0	105.0
830.0	79.0
831.0	78.0
832.0	95.0
833.0	96.0
834.0	76.0
835.0	78.0
836.0	85.0
837.0	71.0
838.0	103.0
839.0	93.0
840.0	81.0
841.0	86.0
842.0	83.0
843.0	87.0
844.0	79.0
845.0	91.0
846.0	91.0
847.0	102.0
848.0	93.0
849.0	93.0
850.0	81.0
851.0	81.0
852.0	87.0
853.0	88.0
854.0	93.0
855.0	94.0
856.0	95.0
857.0	92.0
858.0	65.0
859.0	78.0
860.0	88.0
861.0	78.0
862.0	76.0
863.0	74.0
864.0	69.0
865.0	70.0
866.0	67.0
867.0	70.0
868.0	76.0
869.0	69.0
870.0	54.0
871.0	60.0
872.0	61.0
873.0	61.0
874.0	69.0
875.0	48.0
876.0	69.0
877.0	70.0
878.0	54.0
879.0	67.0
880.0	58.0
881.0	70.0
882.0	66.0
883.0	72.0
884.0	62.0
885.0	55.0
886.0	50.0
887.0	72.0
888.0	48.0
889.0	68.0
890.0	58.0
891.0	61.0
892.0	61.0
893.0	60.0
894.0	69.0
895.0	38.0
896.0	48.0
897.0	46.0
898.0	52.0
899.0	55.0
900.0	51.0
901.0	52.0
902.0	49.0
903.0	49.0
904.0	51.0
905.0	39.0
906.0	53.0
907.0	49.0
908.0	37.0
909.0	45.0
910.0	50.0
911.0	46.0
912.0	56.0
913.0	44.0
914.0	40.0
915.0	51.0
916.0	47.0
917.0	47.0
918.0	36.0
919.0	56.0
920.0	58.0
921.0	52.0
922.0	61.0
923.0	53.0
924.0	57.0
925.0	57.0
926.0	63.0
927.0	59.0
928.0	56.0
929.0	50.0
930.0	57.0
931.0	47.0
932.0	45.0
933.0	60.0
934.0	33.0
935.0	43.0
936.0	47.0
937.0	33.0
938.0	38.0
939.0	53.0
940.0	38.0
941.0	44.0
942.0	40.0
943.0	25.0
944.0	39.0
945.0	33.0
946.0	29.0
947.0	27.0
948.0	29.0
949.0	33.0
950.0	30.0
951.0	35.0
952.0	46.0
953.0	23.0
954.0	17.0
955.0	24.0
956.0	28.0
957.0	18.0
958.0	23.0
959.0	25.0
960.0	26.0
961.0	26.0
962.0	9.0
963.0	16.0
964.0	22.0
965.0	20.0
966.0	17.0
967.0	11.0
968.0	14.0
969.0	16.0
970.0	12.0
971.0	13.0
972.0	16.0
973.0	14.0
974.0	10.0
975.0	17.0
976.0	21.0
977.0	21.0
978.0	13.0
979.0	14.0
980.0	17.0
981.0	19.0
982.0	26.0
983.0	16.0
984.0	12.0
985.0	12.0
986.0	21.0
987.0	14.0
988.0	9.0
989.0	9.0
990.0	8.0
991.0	11.0
992.0	15.0
993.0	9.0
994.0	11.0
995.0	14.0
996.0	13.0
997.0	9.0
998.0	9.0
999.0	10.0
1000.0	11.0
1001.0	10.0
1002.0	13.0
1003.0	12.0
1004.0	10.0
1005.0	10.0
1006.0	7.0
1007.0	8.0
1008.0	15.0
1009.0	4.0
1010.0	8.0
1011.0	17.0
1012.0	7.0
1013.0	9.0
1014.0	10.0
1015.0	5.0
1016.0	6.0
1017.0	14.0
1018.0	3.0
1019.0	4.0
1020.0	6.0
1021.0	9.0
1022.0	5.0
1023.0	4.0
1024.0	5.0
1025.0	5.0
1026.0	5.0
1027.0	5.0
1028.0	7.0
1029.0	9.0
1030.0	7.0
1031.0	8.0
1032.0	6.0
1033.0	6.0
1034.0	1.0
1035.0	5.0
1036.0	2.0
1037.0	11.0
1038.0	7.0
1039.0	10.0
1040.0	8.0
1041.0	5.0
1042.0	6.0
1043.0	9.0
1044.0	8.0
1045.0	2.0
1046.0	3.0
1047.0	3.0
1048.0	5.0
1049.0	5.0
1050.0	2.0
1051.0	5.0
1052.0	1.0
1053.0	6.0
1054.0	6.0
1055.0	6.0
1056.0	5.0
1057.0	7.0
1058.0	10.0
1059.0	4.0
1060.0	5.0
1061.0	8.0
1062.0	3.0
1063.0	9.0
1064.0	2.0
1065.0	6.0
1066.0	11.0
1067.0	8.0
1068.0	16.0
1069.0	8.0
1070.0	10.0
1071.0	10.0
1072.0	6.0
1073.0	5.0
1074.0	8.0
1075.0	6.0
1076.0	4.0
1077.0	4.0
1078.0	9.0
1079.0	6.0
1080.0	7.0
1081.0	11.0
1082.0	6.0
1083.0	5.0
1084.0	3.0
1085.0	7.0
1086.0	5.0
1087.0	7.0
1088.0	3.0
1089.0	6.0
1090.0	6.0
1091.0	1.0
1092.0	4.0
1093.0	7.0
1094.0	9.0
1095.0	6.0
1096.0	5.0
1097.0	4.0
1098.0	5.0
1099.0	6.0
1100.0	9.0
1101.0	4.0
1102.0	6.0
1103.0	7.0
1104.0	8.0
1105.0	1.0
1106.0	8.0
1107.0	4.0
1108.0	7.0
1109.0	4.0
1110.0	6.0
1111.0	3.0
1112.0	5.0
1113.0	5.0
1114.0	1.0
1115.0	3.0
1116.0	5.0
1117.0	4.0
1118.0	4.0
1119.0	7.0
1120.0	3.0
1121.0	3.0
1122.0	7.0
1123.0	6.0
1124.0	2.0
1125.0	5.0
1126.0	6.0
1127.0	1.0
1128.0	9.0
1129.0	2.0
1130.0	8.0
1131.0	5.0
1132.0	4.0
1133.0	8.0
1134.0	4.0
1135.0	8.0
1136.0	7.0
1137.0	5.0
1138.0	6.0
1139.0	3.0
1140.0	6.0
1141.0	9.0
1142.0	5.0
1143.0	8.0
1144.0	3.0
1145.0	5.0
1146.0	6.0
1147.0	4.0
1148.0	11.0
1149.0	5.0
1150.0	9.0
1151.0	6.0
1152.0	6.0
1153.0	13.0
1154.0	10.0
1155.0	9.0
1156.0	6.0
1157.0	9.0
1158.0	5.0
1159.0	6.0
1160.0	9.0
1161.0	4.0
1162.0	5.0
1163.0	11.0
1164.0	3.0
1165.0	6.0
1166.0	6.0
1167.0	6.0
1168.0	5.0
1169.0	11.0
1170.0	5.0
1171.0	7.0
1172.0	2.0
1173.0	5.0
1174.0	6.0
1175.0	5.0
1176.0	7.0
1177.0	15.0
1178.0	8.0
1179.0	7.0
1180.0	7.0
1181.0	8.0
1182.0	14.0
1183.0	15.0
1184.0	4.0
1185.0	7.0
1186.0	5.0
1187.0	10.0
1188.0	9.0
1189.0	8.0
1190.0	6.0
1191.0	5.0
1192.0	7.0
1193.0	4.0
1194.0	3.0
1195.0	6.0
1196.0	8.0
1197.0	8.0
1198.0	7.0
1199.0	2.0
1200.0	10.0
1201.0	5.0
1202.0	7.0
1203.0	6.0
1204.0	3.0
1205.0	4.0
1206.0	5.0
1207.0	11.0
1208.0	5.0
1209.0	3.0
1210.0	4.0
1211.0	6.0
1212.0	8.0
1213.0	2.0
1214.0	5.0
1215.0	2.0
1216.0	8.0
1217.0	2.0
1218.0	2.0
1219.0	5.0
1220.0	1.0
1221.0	1.0
1222.0	3.0
1223.0	6.0
1224.0	2.0
1225.0	5.0
1226.0	2.0
1227.0	1.0
1228.0	5.0
1229.0	5.0
1230.0	1.0
1231.0	2.0
1232.0	1.0
1233.0	3.0
1234.0	3.0
1235.0	5.0
1236.0	4.0
1237.0	3.0
1238.0	3.0
1239.0	2.0
1240.0	3.0
1241.0	5.0
1242.0	3.0
1243.0	6.0
1244.0	1.0
1245.0	4.0
1246.0	5.0
1247.0	6.0
1248.0	3.0
1249.0	4.0
1250.0	2.0
1251.0	2.0
1252.0	3.0
1253.0	5.0
1254.0	2.0
1255.0	2.0
1256.0	4.0
1257.0	2.0
1258.0	4.0
1259.0	3.0
1262.0	3.0
1263.0	2.0
1264.0	1.0
1265.0	3.0
1266.0	3.0
1267.0	2.0
1268.0	5.0
1269.0	3.0
1270.0	3.0
1271.0	2.0
1272.0	1.0
1273.0	2.0
1274.0	3.0
1275.0	1.0
1276.0	1.0
1278.0	2.0
1279.0	1.0
1280.0	2.0
1282.0	1.0
1285.0	1.0
1287.0	3.0
1289.0	1.0
1290.0	1.0
1291.0	1.0
1292.0	1.0
1293.0	1.0
1294.0	2.0
1295.0	1.0
1296.0	1.0
1298.0	4.0
1299.0	1.0
1300.0	2.0
1301.0	5.0
1302.0	2.0
1303.0	3.0
1304.0	2.0
1305.0	4.0
1306.0	3.0
1307.0	1.0
1308.0	3.0
1309.0	5.0
1311.0	2.0
1312.0	5.0
1313.0	3.0
1314.0	3.0
1315.0	2.0
1316.0	1.0
1317.0	6.0
1318.0	3.0
1319.0	5.0
1320.0	1.0
1321.0	4.0
1322.0	4.0
1323.0	3.0
1324.0	5.0
1325.0	6.0
1326.0	5.0
1327.0	3.0
1328.0	5.0
1329.0	4.0
1330.0	2.0
1331.0	2.0
1332.0	5.0
1333.0	1.0
1334.0	4.0
1335.0	1.0
1336.0	1.0
1337.0	1.0
1339.0	2.0
1340.0	1.0
1342.0	2.0
1343.0	1.0
1347.0	2.0
1349.0	1.0
1350.0	1.0
1351.0	3.0
1353.0	1.0
1354.0	1.0
1355.0	1.0
1356.0	2.0
1357.0	1.0
1358.0	1.0
1362.0	2.0
1363.0	1.0
1368.0	1.0
1369.0	1.0
1372.0	1.0
1376.0	2.0
1377.0	1.0
1379.0	1.0
1381.0	1.0
1382.0	1.0
1608.0	1.0
1616.0	1.0
1618.0	1.0
1624.0	1.0
1626.0	1.0
1636.0	1.0
1642.0	1.0
1643.0	1.0
1656.0	1.0
1658.0	1.0
1665.0	1.0
1666.0	1.0
1674.0	1.0
1677.0	1.0
1678.0	1.0
1681.0	1.0
1685.0	1.0
1686.0	1.0
1688.0	1.0
1698.0	1.0
1700.0	1.0
1705.0	1.0
1720.0	1.0
1724.0	1.0
1736.0	1.0
1737.0	1.0
1740.0	1.0
1747.0	1.0
1748.0	1.0
1749.0	1.0
1758.0	1.0
1763.0	2.0
1765.0	1.0
1766.0	1.0
1769.0	4.0
1770.0	1.0
1772.0	1.0
1773.0	2.0
1774.0	2.0
1782.0	1.0
1811.0	2.0
1812.0	1.0
1815.0	1.0
1819.0	1.0
1822.0	1.0
1823.0	1.0
1858.0	1.0
1865.0	1.0
1874.0	1.0
1877.0	2.0
1878.0	1.0
1882.0	1.0
1884.0	1.0
1913.0	1.0
1917.0	1.0
1924.0	1.0
1928.0	1.0
1929.0	1.0
1931.0	2.0
1932.0	1.0
1936.0	1.0
1940.0	1.0
1942.0	1.0
1943.0	1.0
1944.0	1.0
1945.0	1.0
1949.0	1.0
1957.0	2.0
1962.0	1.0
1963.0	1.0
1965.0	1.0
1970.0	3.0
1971.0	1.0
1975.0	1.0
1976.0	1.0
1977.0	1.0
1979.0	1.0
1984.0	1.0
1987.0	1.0
1988.0	1.0
1991.0	2.0
1992.0	2.0
1993.0	1.0
1994.0	1.0
1995.0	1.0
1996.0	1.0
1998.0	1.0
2000.0	1.0
2001.0	1.0
2011.0	1.0
2012.0	1.0
2030.0	1.0
