# Position (bp)	A	C	G	T	N
0.0	14.011632550294689	33.85108007353001	39.91376941465673	12.20900011641349	0.01451784510508348
1.0	14.885780130918402	34.280934332859765	26.487839484271703	24.340962429101655	0.004483622848474359
2.0	16.16018426931628	33.19538731331873	28.954743872686656	21.68963380228327	5.074239506810983E-5
3.0	17.99743388205562	31.569438613937884	34.27111548359184	16.161944393113444	6.762730120912543E-5
4.0	18.825469330210407	32.62704783622413	32.62468232443974	15.922800509125723	0.0
5.0	19.469526807403305	32.13722556600573	32.74965939784206	15.643470037394055	1.1819135484269659E-4
6.0	17.48209995665097	32.56774805165692	31.996749497975017	17.953402493717093	0.0
7.0	18.35827794040395	32.63795104857461	33.015490895456075	15.987858245625167	4.218699401974048E-4
8.0	16.919715106693292	33.93566655432065	31.150160067771974	17.994458271214082	0.0
9.0	18.18112069952538	32.052834023082006	32.62827377685328	17.137754638330062	1.686220927654209E-5
10.0	16.89865797705645	33.690622930505086	33.41475488668375	15.995964205754715	0.0
11.0	16.898373176135873	33.74594128147071	32.49497383665235	16.860593750352812	1.1795538826111346E-4
12.0	17.1530750176547	33.260479614884936	32.769820434170875	16.81662493328949	0.0
13.0	17.252363183430255	33.18283576622483	32.27009937420205	17.294667993968872	3.3682173995711245E-5
14.0	17.408418854076753	32.88722306035553	32.23186285972881	17.47249522583891	0.0
15.0	17.25737947822762	33.05895840752587	32.67427363126137	17.009287502600245	1.0098038489683508E-4
16.0	17.571695762696464	32.79013976728112	32.58192239069555	17.056242079326868	0.0
17.0	17.591403427587533	32.80563563845937	32.257903900851844	17.34504021190668	1.6821194570589387E-5
18.0	17.281844630855385	32.92377710351749	32.650478029542604	17.143900236084527	0.0
19.0	17.490996150321546	32.6819527430493	32.563111846112385	17.263855202731406	8.40577853564277E-5
20.0	17.607060970643104	32.50235274362935	32.432699094048736	17.457887191678807	0.0
21.0	17.34795758934386	32.67142799762768	32.79056490793653	17.189730193299596	3.193117923357439E-4
22.0	17.512011826822675	32.52051932898442	32.51331072059534	17.445722875552534	0.008435248045022044
23.0	17.63454336821697	32.408600560803876	32.33753404220646	17.61744036208643	0.0018816666862673612
24.0	17.346111875631625	32.64868057496721	32.68582216118004	17.319318194035308	6.719418582148924E-5
25.0	17.56358849801362	32.40662374833908	32.541395067913896	17.485705321434803	0.002687364298600437
26.0	17.659232547981077	32.342119374595576	32.32483827731139	17.638491872426204	0.03531792768574534
27.0	17.40036570623301	32.50117169402187	32.71334444882355	17.347721338500264	0.03739681242131682
28.0	17.63283332938757	32.39360329415945	32.39140374021555	17.556923532591092	0.025236103646339936
29.0	17.73274266722114	32.31638903714115	32.241125947902766	17.6720856202842	0.037656727450746996
30.0	17.429656272698363	32.542102472436234	32.599273383742236	17.3841042367591	0.044863634364066374
31.0	17.607270895428403	32.39121783300449	32.43820158683515	17.544569917299864	0.01873976743209773
32.0	17.68361965223916	32.37241934297511	32.209911294821545	17.723268458862137	0.010781251102055456
33.0	17.402651058702016	32.5633310800314	32.613178037444	17.409133850333166	0.01170597348941298
34.0	17.611531469067074	32.40953121913661	32.420734419321505	17.55820289247481	0.0
35.0	17.637881249023625	32.38462791842275	32.24500388871064	17.731008729861433	0.0014782139815525614
36.0	17.46525737313788	32.53630499928937	32.55471747434601	17.441804987025588	0.001915166201146882
37.0	17.58232637256546	32.32679261083065	32.51809807488166	17.568498478931698	0.004284462790532782
38.0	17.71317553307326	32.346493586451835	32.22463482700492	17.715696053469983	0.0
39.0	17.487465763392734	32.48603227089076	32.61106373882405	17.41437949268818	0.001058734204273858
40.0	17.63418649424732	32.389553659891405	32.45063098388442	17.52468765940568	9.412025711637381E-4
41.0	17.767631933791815	32.359762618179076	32.21619791724447	17.65639072189798	1.6808886656668743E-5
42.0	17.45741606733475	32.5481063991854	32.58083773043269	17.413639803047158	0.0
43.0	17.678082829754903	32.37877885579224	32.407899033015084	17.53507115108429	1.6813035348061775E-4
44.0	17.718046593888204	32.31942552062026	32.264440636418925	17.698087249072614	0.0
45.0	17.45172194652968	32.56710444687989	32.58819269818458	17.392980908405857	0.0
46.0	17.595325328503886	32.38067431090205	32.42847320705365	17.59545987852824	6.72750121767772E-5
47.0	17.713969868281595	32.32790543901285	32.22363348483801	17.734474387097393	1.6820770152418047E-5
48.0	17.458720351504716	32.52088186393862	32.5895193575396	17.430878427017063	0.0
49.0	17.645813784966023	32.35153630187541	32.43342282468629	17.569008365481405	2.1872299086528663E-4
50.0	17.702859533227336	32.32060546942373	32.234384835803034	17.7421501615459	0.0
51.0	17.47112690965625	32.53610966473119	32.58026959773734	17.41205626756342	4.3756031179874647E-4
52.0	17.618935650626018	32.35484955231186	32.45198315991733	17.573491058608205	7.405785365865153E-4
53.0	17.69414694122701	32.3945653535227	32.228099341610005	17.68318836364028	0.0
54.0	17.46037277788721	32.52215168029523	32.63033841605595	17.38686775324804	2.6937251356543143E-4
55.0	17.627407914791757	32.351157341458666	32.44312636766462	17.57643936072266	0.0018690153622959993
56.0	17.690290375822578	32.37435041353434	32.21891613301739	17.716443077625698	0.0
57.0	17.47471433412448	32.50424936621621	32.59481156258779	17.42553419400824	6.905430632759767E-4
58.0	17.616092943418824	32.36456068922592	32.44105337896055	17.578292988394708	0.0
59.0	17.707227207597427	32.36978988981071	32.18974357678419	17.73310454799312	1.3477781456088967E-4
60.0	17.473478505040436	32.49380823915741	32.597112370665535	17.4352638956357	3.3698950092360397E-4
61.0	17.638375189835536	32.401782650869116	32.41501131429889	17.54472973419318	1.0111080328488778E-4
62.0	17.71432626088176	32.33616075213261	32.243799266130694	17.70458448370856	0.00112923714637391
63.0	17.46057191519833	32.53301413614057	32.61456652411013	17.391813711286005	3.371326497294594E-5
64.0	17.63365077031547	32.41350451979325	32.429065596936745	17.523391350468838	3.877624856991509E-4
65.0	17.712040238388507	32.372882927771045	32.223894325331685	17.69108133924499	1.0116926376597525E-4
66.0	17.487005629137343	32.50416590566477	32.60369905102853	17.405129414169355	0.0
67.0	17.64090854505147	32.35278342614344	32.454099813930014	17.552123882939178	8.433193589693424E-5
68.0	17.679426414417033	32.35411753929585	32.264323993601266	17.702132052685855	0.0
69.0	17.43218622235202	32.56461662609912	32.61479250317733	17.386126994233823	0.002277654137713043
70.0	17.659291627729445	32.388479239499944	32.42025336277544	17.531047688858607	9.28081136565283E-4
71.0	17.698420534319645	32.32719082615414	32.24506569925765	17.72932294026857	0.0
72.0	17.468241609378758	32.538265790573135	32.56530821527593	17.428184384772177	0.0
73.0	17.641997763619326	32.36032370960278	32.42996790626583	17.565836558492766	0.0018740620192967607
74.0	17.69436712097069	32.35109255197634	32.24966952236271	17.70487080469025	0.0
75.0	17.45627717765371	32.50392067608755	32.63385825774191	17.405335835359473	6.080531573582455E-4
76.0	17.635376170496297	32.42846601041612	32.42839843467554	17.50774249047689	1.6893935144858734E-5
77.0	17.68474184940562	32.33087128022255	32.260426326304945	17.72367328951744	2.8725454943617003E-4
78.0	17.46994050209438	32.489236549172176	32.642219091890084	17.398417952295205	1.8590454815477063E-4
79.0	17.619258510496234	32.375738049638855	32.44975853331598	17.553926432530474	0.0013184740184552556
80.0	17.67375421775394	32.38563838510279	32.20103609913848	17.738337122084342	0.0012341759204500921
81.0	17.48836816050797	32.486224841364795	32.62177392421866	17.40363307390858	0.0
82.0	17.635076603138813	32.39795409257592	32.44385542804433	17.522775620268433	3.382559725011425E-4
83.0	17.69899573447658	32.359212014918505	32.22451038503386	17.715708683154972	0.001573182416083405
84.0	17.48607511797299	32.52444013269349	32.59468843642199	17.39474555546664	5.0757444890527184E-5
85.0	17.63036538979949	32.39817421018582	32.41313359731124	17.55824219078532	8.461191813018491E-5
86.0	17.677330422517905	32.37401450657159	32.28469616445678	17.663840424665807	1.1848178791049074E-4
87.0	17.460120755084958	32.54754833047562	32.62451005886066	17.366754294010732	0.0010665615680283441
88.0	17.618865631245576	32.41443281477615	32.460337766296554	17.506363787681725	0.0
89.0	17.64707177462323	32.387443886646366	32.307133157627504	17.657572122997696	7.790581052019742E-4
90.0	17.432866079075467	32.53621965828645	32.621102600795744	17.40616970761375	0.003641954228596828
91.0	17.634155296415503	32.35990621078244	32.4850974327921	17.51987531367695	9.657463330018733E-4
92.0	17.67035891470819	32.3698036879098	32.23996155235746	17.71950302761628	3.728174082682767E-4
93.0	17.44166790823481	32.52286476975394	32.66497135409913	17.370004425576	4.915423361176663E-4
94.0	17.651938422394274	32.38741051126827	32.46103930010776	17.49835721168811	0.0012545545415891613
95.0	17.723033314804947	32.34647356449387	32.26611418391395	17.66437893678723	0.0
96.0	17.442380329681697	32.548359139008035	32.64520462212453	17.36375061694474	3.0529224099769503E-4
97.0	17.612502152369984	32.382145550256034	32.46584835609827	17.538418213757694	0.0010857275180184115
98.0	17.714846258829382	32.36292917540053	32.273097573172286	17.648923369774465	2.0362282333565067E-4
99.0	17.440057191923405	32.529332161749814	32.64048776074848	17.390122885578304	0.0
100.0	17.59800607711189	32.406017488419096	32.47993565011482	17.51582008244744	2.20701906762612E-4
101.0	17.724781198916837	32.35965195607438	32.302848073643645	17.612718771365138	0.0
102.0	17.473614942674192	32.50833724157014	32.6033069713489	17.41472385822723	1.6986179534745143E-5
103.0	17.59919192056491	32.43993774594091	32.43263172918125	17.52823860431293	0.0
104.0	17.68174203558014	32.33310327492479	32.302562893725764	17.682574800565533	1.699520378354025E-5
105.0	17.477246895619444	32.50966341827123	32.63522240736667	17.37711929667927	7.479820633901199E-4
106.0	17.635809943703688	32.373942052904965	32.454831761479255	17.535416241912092	0.0
107.0	17.66697742201648	32.3561633909787	32.291018728155066	17.685789431698712	5.102715103679516E-5
108.0	17.429234673495763	32.53718016685733	32.64531961706793	17.388265542578974	0.0
109.0	17.616287638589213	32.39971013397624	32.44040234057624	17.543565849044338	3.403781396905078E-5
110.0	17.67124773178289	32.3365577099634	32.296721867681335	17.694672568953884	8.001216184860098E-4
111.0	17.43789374661323	32.54020613360027	32.6452279366511	17.375309811764552	0.0013623713708555386
112.0	17.597015144035108	32.38014052754215	32.47170522946029	17.550645075454423	4.940235080234529E-4
113.0	17.676239670512945	32.4119890127811	32.255401205772124	17.65548398992344	8.861210103892577E-4
114.0	17.439123924543125	32.550324358748824	32.62442502519457	17.38600736676881	1.1932474467913918E-4
115.0	17.597102320183318	32.41217418410246	32.48481739781095	17.50467832527721	0.0012277726260589965
116.0	17.68600745355262	32.38760861803588	32.29907486492632	17.627036127059412	2.729364257712714E-4
117.0	17.451335739456148	32.56151398025614	32.621615856519995	17.364681188727058	8.532350406566497E-4
118.0	17.636159371834896	32.375577070184605	32.49355605316173	17.49460507768842	1.0242713035200961E-4
119.0	17.686957258324544	32.4031638184968	32.28423200515895	17.625629839930486	1.707808922140308E-5
120.0	17.443220511860247	32.55971811090294	32.618644331311266	17.37838287589342	3.417003213008121E-5
121.0	17.59231768877047	32.35150792295605	32.55102827418571	17.504684617515913	4.614965718496321E-4
122.0	17.686281611226732	32.40587745537351	32.26601865479397	17.641548682712724	2.735958930520494E-4
123.0	17.44433343825699	32.54559046928246	32.61579808126565	17.39376479765701	5.132135378888448E-4
124.0	17.58387669690402	32.38864491227025	32.520209154112266	17.506533284794738	7.359519187207855E-4
125.0	17.660138799230836	32.38191534719499	32.31568349117907	17.64171442563385	5.479367612485423E-4
126.0	17.427730800766266	32.529080195863244	32.661097038375345	17.382023438214713	6.852678043711177E-5
127.0	17.577616010503636	32.4392501418368	32.435822062092804	17.54619765964996	0.0011141259167970765
128.0	17.640408935053248	32.38354861977388	32.310063922254734	17.66568698502833	2.915378898075953E-4
129.0	17.440299460131694	32.54667740089031	32.64974722413251	17.36315580684437	1.2010800111460226E-4
130.0	17.59633346627082	32.418971798654475	32.52167072718292	17.463024007891782	0.0
131.0	17.682317750960195	32.3971724672338	32.28881497477184	17.63068131748831	0.0010134895458553347
132.0	17.46053736630214	32.54871014417522	32.66475093085303	17.32600155866961	0.0
133.0	17.609839736054063	32.4232601409544	32.51475993086606	17.45214019212548	0.0
134.0	17.680727821322158	32.373991639685556	32.33988125386474	17.60440110027507	9.981848524760234E-4
135.0	17.424829523575312	32.55868942395191	32.64982602759448	17.366655024878295	0.0
136.0	17.57346894178942	32.4229636844801	32.519506813166814	17.48395715842655	1.034021371153699E-4
137.0	17.633519274044783	32.40421615849158	32.33705812636334	17.625206441100303	0.0
138.0	17.434380966484646	32.606490154512855	32.648862874972686	17.309213158429788	0.0010528456000201594
139.0	17.58967618996952	32.38934586287073	32.518927221118965	17.50135980970782	6.90916332968472E-4
140.0	17.640473233047484	32.431019981968944	32.34044980823637	17.58760749697682	4.494797703849881E-4
141.0	17.411845895924788	32.58701198737995	32.666233354514404	17.334666495003066	2.422671777811926E-4
142.0	17.58501576606735	32.41171894393073	32.533617329838115	17.469249542816094	3.984173477149293E-4
143.0	17.63310172139633	32.38902481952823	32.3313154714115	17.645760322395493	7.976652684403736E-4
144.0	17.37076125426692	32.62336950613995	32.65108343037259	17.35471635076382	6.94584567233876E-5
145.0	17.510581634048588	32.47174025990296	32.54424485429656	17.473259254645114	1.7399710677610853E-4
146.0	17.499299059465244	32.52948925788991	32.34949680674886	17.62150537934762	2.0949654836978514E-4
147.0	17.10241963273065	32.799742868272126	32.695840444917934	17.40141777042146	5.79283657828729E-4
148.0	16.6525124264988	32.95023589511752	32.742906930850715	17.65423812425486	1.0662327810069822E-4
149.0	12.189440506671335	35.01343507218321	33.96657744174095	18.82834154761613	0.0022054317883713286
150.0	0.0	42.742249032911914	36.197235631029464	21.060515336058614	0.0
