# Position (bp)	A	C	G	T	N
0.0	12.023475376371524	26.39959173258484	55.67236539933656	5.894360806328145	0.010206685378923195
1.0	13.065198552276087	33.323138094509865	25.89590661161238	27.63929245042565	0.0764642911760208
2.0	15.588175538399025	34.85879723689557	27.214546932141403	22.338480292563997	0.0
3.0	9.963621665319321	43.26495553759094	17.6535974130962	29.107720291026677	0.010105092966855295
4.0	28.410174083178646	22.249535945417147	21.155872171775446	28.179400993327647	0.005016806301108715
5.0	27.101550079491254	18.268084260731317	44.59956279809221	10.030802861685215	0.0
6.0	22.078437205612573	28.05791065496554	35.361197877931474	14.502454261490405	0.0
7.0	27.422690565294467	26.314752806775655	33.257829426826866	13.004727201103014	0.0
8.0	8.294930875576037	50.55887832140405	26.865378958721443	14.28081184429846	0.0
9.0	20.320647141952147	35.509965401296235	18.27396325715121	25.89542419960041	0.0
10.0	15.006543550966992	17.885705976443216	50.870049924870344	16.237700547719452	0.0
11.0	15.06076388888889	35.898919753086425	27.686149691358025	21.354166666666664	0.0
12.0	13.248027708293247	30.67635174138926	37.33884933615547	18.736771214162015	0.0
13.0	12.475456156314353	43.84368564723912	24.974857525980557	18.706000670465976	0.0
14.0	21.626776008391342	31.009821683989703	32.29236197196529	15.071040335653665	0.0
15.0	21.786595785076894	29.528194418074804	33.13081450541105	15.55439529143725	0.0
16.0	18.847647003124703	30.129722564151123	32.14184262853897	18.88078780418521	0.0
17.0	20.946137156871995	31.440430148099235	29.92170549948118	17.691727195547593	0.0
18.0	17.63932578994319	33.0344147612564	32.344241513686086	16.982017935114325	0.0
19.0	18.09233653620811	32.669322709163346	30.921021795172255	18.31731895945629	0.0
20.0	18.27434867868148	31.240078438696422	32.724810906713984	17.760761975908114	0.0
21.0	17.428757682994974	32.864593034084564	32.473458744645185	17.233190538275284	0.0
22.0	19.122489680441536	30.434580956356385	33.050415101340384	17.392514261861695	0.0
23.0	17.947056645686782	31.118104405775636	31.830803406145876	19.104035542391706	0.0
24.0	17.366817468377803	32.46237651186409	30.99898439663928	19.171821623118827	0.0
25.0	17.635132021565827	33.29339661766738	29.044744481821116	20.026726878945674	0.0
26.0	17.139572315474823	32.07633938836514	32.637387905265584	18.14670039089446	0.0
27.0	19.167393399733786	31.449947216229862	32.23022903566347	17.15243034837288	0.0
28.0	19.281195562482807	31.67232052810122	31.1359677271477	17.910516182268267	0.0
29.0	18.125342590900786	33.27699616298191	31.541202265667824	17.05645898044948	0.0
30.0	17.660477211551623	32.948583420776494	33.18582052100917	16.205118846662714	0.0
31.0	17.90915710904788	31.403604587657018	33.62006189695977	17.067176406335335	0.0
32.0	18.3197093551317	30.97184377838329	31.984559491371478	18.72388737511353	0.0
33.0	16.594104308390023	33.82312925170068	33.31065759637188	16.258503401360542	0.013605442176870748
34.0	17.587894164552374	32.98749546937296	30.667814425516493	18.756795940558174	0.0
35.0	19.362135263515043	31.219181180728338	31.906808414385885	17.51187514137073	0.0
36.0	19.608463694728275	30.56786327877747	32.01916990686319	17.80450311963107	0.0
37.0	18.58766233766234	31.863275613275615	32.33676046176046	17.21230158730159	0.0
38.0	18.605070016659912	31.82493583682291	32.05006979152596	17.519924354991222	0.0
39.0	18.623172103487065	33.50731158605174	30.749156355455572	17.120359955005622	0.0
40.0	19.268281720526765	30.98116769293002	31.736257809339747	18.01429277720347	0.0
41.0	17.44233104006475	33.03206079410045	31.894419713116594	17.631188452718195	0.0
42.0	18.01113905856989	32.31674452030183	31.988860941430115	17.68325547969817	0.0
43.0	18.66456834532374	31.83003597122302	31.515287769784173	17.990107913669064	0.0
44.0	18.28281011064136	33.7456148241432	31.02905460106144	16.942520464153997	0.0
45.0	17.300928848408333	31.048787086301736	33.87591306700334	17.77437099828659	0.0
46.0	16.683199567138608	32.6900532058797	32.586346830192085	18.04040039678961	0.0
47.0	17.52824220515138	31.265250790781746	31.690013556258474	19.516493447808404	0.0
48.0	17.109477197888946	31.74252334340746	33.12282917587622	18.02517028282737	0.0
49.0	18.132587210614197	31.11602509138499	32.77674985333273	17.97463784466808	0.0
50.0	18.299236779117553	33.346881633021724	30.28496590344578	18.06891568441494	0.0
51.0	17.496610935381835	31.635788522367825	32.98689561680976	17.88070492544058	0.0
52.0	17.93689539824609	33.423741072235785	32.338848205406386	16.300515324111746	0.0
53.0	18.572008845962902	32.05307577740669	30.626889921920835	18.74802545470957	0.0
54.0	16.412523684922856	32.049084182982945	33.62356762609402	17.91482450600018	0.0
55.0	16.871055004508566	33.24616771866546	32.051397655545536	17.82687105500451	0.004508566275924256
56.0	18.273653828808513	32.06908992513755	32.24046180211058	17.416794443943356	0.0
57.0	19.308136388237415	30.97600577304709	32.35161464910698	17.364243189608516	0.0
58.0	17.960048699102675	31.3252468773955	30.806691617441494	19.90801280606033	0.0
59.0	18.71896722939424	31.02374289067437	31.70984923715808	18.547440642773314	0.0
60.0	16.699011599043192	32.369003023875074	33.52439409667374	17.407591280407996	0.0
61.0	18.023308338603307	34.555967115367245	29.69102899990966	17.729695546119796	0.0
62.0	19.30704250801825	29.059944888647966	33.12101910828025	18.51199349505353	0.0
63.0	19.52256081019984	30.89338999909576	32.94601681888055	16.638032371823854	0.0
64.0	18.64714149703042	31.173777032234668	32.45681643015823	17.722265040576687	0.0
65.0	17.932661766040475	32.6027770215083	32.534712768853794	16.92984844359742	0.0
66.0	17.968430150570896	35.532002001546644	30.127826047400262	16.37174180048219	0.0
67.0	19.308619513304524	33.14987491471458	30.7664316579486	16.77052535819877	0.004548555833522857
68.0	17.15233895531209	29.858617084147838	34.47288266581807	18.516161294722007	0.0
69.0	18.745733400081917	31.40672643699085	32.098484503709095	17.744504619305513	0.004551039912620033
70.0	19.83053163864972	30.176301763017634	31.843651769851032	18.14951482848162	0.0
71.0	17.315148474205174	32.33590293299275	31.172740956985812	19.17620763581627	0.0
72.0	19.03870732152638	31.974621142961475	31.531860507577143	17.454811027935	0.0
73.0	17.039641943734015	30.745341614906835	33.517537449762514	18.69747899159664	0.0
74.0	19.013215053271754	30.422058621793408	32.059079061685495	18.505647263249347	0.0
75.0	16.994092595136696	32.554838118789206	32.48614736456473	17.964921921509365	0.0
76.0	18.85433865345808	33.52137222527977	30.81086039258852	16.81342872867364	0.0
77.0	19.683340982101882	31.147315282239557	31.390546122074348	17.778797613584214	0.0
78.0	17.378721058434397	33.209298052186696	31.48199191473723	17.929988974641674	0.0
79.0	19.27284427284427	29.587240301526013	32.68523625666483	18.454679168964883	0.0
80.0	17.77808522412839	30.14665190924184	30.8845231507102	21.19073971591957	0.0
81.0	18.855296561273942	30.846988229863836	32.596353565658895	17.701361643203324	0.0
82.0	20.02308402585411	31.41735918744229	31.763619575253927	16.795937211449676	0.0
83.0	18.95403680754647	32.706002034587996	30.65291778414871	17.682419310089706	0.004624063627115509
84.0	18.503937007874015	30.9634089856415	32.45484020379805	18.07781380268643	0.0
85.0	17.89839944328462	33.72303409881698	29.297146833681282	19.08141962421712	0.0
86.0	17.982904394685498	30.395800427390135	33.814921490290814	17.797082597788723	0.0092910898448388
87.0	17.62683516075079	32.96784984203679	33.07470730347519	16.330607693737225	0.0
88.0	19.011336182865637	31.17914885708976	31.318528154618104	18.490986805426502	0.0
89.0	18.69688385269122	31.40296289416245	30.878186968838527	19.021966284307805	0.0
90.0	19.22396124464319	32.90013042668157	29.830445313955657	18.04546301471958	0.0
91.0	18.976297125793206	31.46696528555431	31.159014557670773	18.397723030981712	0.0
92.0	17.857142857142858	31.956359567325627	33.5928757926147	16.593621782916824	0.0
93.0	17.38764832290012	32.60300850228908	32.37877230682986	17.63057086798094	0.0
94.0	16.95755930934444	31.163726545318422	34.77141921295213	17.10729493238501	0.0
95.0	19.75187265917603	31.928838951310862	31.647940074906366	16.67134831460674	0.0
96.0	17.423709745464773	34.242722542539724	31.983312239253735	16.35025547274176	0.0
97.0	19.120755248696632	31.478089333521208	31.7786858296933	17.62246958808886	0.0
98.0	18.665099882491187	32.488836662749705	31.609870740305524	17.236192714453587	0.0
99.0	18.41151837387663	32.23544911306639	31.205006352044418	18.148026161012563	0.0
100.0	18.671827063765516	29.69745598716194	33.43559730023127	18.190399773445982	0.004719875395289564
101.0	18.237897909210773	32.510830664908646	29.647767941231873	19.60350348464871	0.0
102.0	17.823232084652084	31.87680098256885	33.25145259577684	17.04851433700222	0.0
103.0	18.66508875739645	31.413017751479288	31.83431952662722	18.087573964497043	0.0
104.0	19.82383027088464	33.121803371850724	29.844667550672476	17.209698806592158	0.0
105.0	19.507800275024895	31.039878609701738	31.77485893119636	17.677462184077005	0.0
106.0	18.642779071425178	32.4050753219598	30.746566554198544	18.205579052416482	0.0
107.0	16.36233611442193	33.592371871275326	30.912991656734206	19.132300357568536	0.0
108.0	18.19180962393081	33.20590624552014	31.42351985473312	17.17876427581593	0.0
109.0	20.020091848450058	30.683122847301952	32.7353616532721	16.56142365097589	0.0
110.0	18.675680859225164	33.39087073264289	29.713271960107402	18.22017644802455	0.0
111.0	19.178214010777523	31.64453425712086	33.57871439568899	15.598537336412624	0.0
112.0	17.337640422351864	32.75637625958247	31.478713658936407	18.427269659129262	0.0
113.0	19.115797620199285	30.453709973880237	33.24465512237593	17.18583728354455	0.0
114.0	17.931803851190764	34.77712567298831	30.586409273900177	16.704661201920747	0.0
115.0	19.920202413390424	31.904437524328532	30.07493188010899	18.100428182172053	0.0
116.0	19.200038974958588	31.199454350579753	31.545357108058074	18.050277696579947	0.004871869823638312
117.0	19.154034229828852	32.053789731051346	30.982885085574573	17.809290953545233	0.0
118.0	18.677119059284664	32.243998040176386	30.127388535031844	18.951494365507106	0.0
119.0	19.634972034147776	29.457364341085274	33.500147188695905	17.407516436071045	0.0
120.0	17.65140324963072	32.58985721319547	31.66912850812408	18.089611029049728	0.0
121.0	17.947578853842735	33.377758033466606	30.08045806801915	18.594205044671504	0.0
122.0	16.12456062181296	33.065993366008215	32.16990940145551	18.639536610723304	0.0
123.0	18.09646813372411	32.13948636431375	30.480353683373902	19.28369181858825	0.0
124.0	19.688886672982	30.64266839507404	32.8663309567732	16.802113975170762	0.0
125.0	18.434217108554275	32.50125062531266	30.245122561280642	18.819409704852426	0.0
126.0	18.05946163117718	34.14523905182804	31.76476496584974	16.030534351145036	0.0
127.0	18.975676084000604	29.359923452686708	33.51462960165181	18.149770861660876	0.0
128.0	18.437958419748092	33.03151398654459	30.5478274065456	17.98270018716172	0.0
129.0	18.304500025366547	31.29217188371975	32.38293338744863	18.02039470346507	0.0
130.0	20.069204152249135	32.28679014858539	28.332994097292897	19.311011601872583	0.0
131.0	17.794486215538846	32.4075494859598	30.934479054779807	18.86348524372155	0.0
132.0	18.153356600287417	32.14432354752618	32.65243276534592	17.049887086840485	0.0
133.0	19.263266357547657	32.9984544049459	30.705821741370425	17.032457496136015	0.0
134.0	18.645908761766837	30.743767456294613	32.82817833867798	17.78214544326058	0.0
135.0	17.443976498726148	32.428638277959756	32.595018977798574	17.532366245515522	0.0
136.0	19.337132103089548	31.768519002561558	30.68639238852005	18.207956505828847	0.0
137.0	19.8308468165581	31.77663374658542	30.058835889892833	18.33368354696365	0.0
138.0	19.452069256756758	30.943834459459456	31.12331081081081	18.475506756756758	0.005278716216216216
139.0	17.945190985080945	30.859168341974396	30.150248650936405	21.04539202200825	0.0
140.0	18.173612954605787	32.09450491106981	32.55110167241837	17.180780461906025	0.0
141.0	19.001498287671232	33.19777397260274	31.303510273972602	16.497217465753426	0.0
142.0	17.95272198589198	30.763017608098647	32.830757632868455	18.45350277314092	0.0
143.0	17.61081081081081	32.23243243243243	31.556756756756755	18.6	0.0
144.0	19.57303126021131	30.62302581418146	32.25683476745452	17.541662128308463	0.005446029844243546
145.0	18.347663139329807	32.47354497354497	31.459435626102294	17.719356261022927	0.0
146.0	17.52825332885756	32.779456193353475	30.4688374174779	19.223453060311066	0.0
147.0	19.865942447705997	32.27204437767248	30.3016294926615	17.560383681960015	0.0
148.0	20.09853461344113	32.58590197069227	30.93102577059121	16.38453764527539	0.0
149.0	23.082489146164978	35.576459237819584	25.81604759607654	15.525004019938896	0.0
150.0	44.712430426716146	0.0	38.40445269016698	16.883116883116884	0.0
