# Position (bp)	A	C	G	T	N
0.0	13.507788675513064	25.958954916343856	53.224264402868215	7.285090249732136	0.02390175554273469
1.0	14.141980140908903	32.85814346339252	24.40690536030654	28.50974413909604	0.0832268962959911
2.0	16.084866048640727	34.47744973736641	25.90522138611253	23.532462827880323	0.0
3.0	11.411470665614312	43.149006840305184	16.25394632991318	29.18064325177585	0.004932912391475927
4.0	31.264264017732536	18.78909777522371	18.69797225186766	31.24866595517609	0.0
5.0	28.983321722739007	16.633200835962793	42.2669343933123	12.116543047985903	0.0
6.0	23.473482490909685	25.828774527467484	34.86585645494153	15.831886526681298	0.0
7.0	27.80622678860658	25.08221127889665	32.72254306889387	14.389018863602898	0.0
8.0	9.40075212557227	50.05722694571615	25.829790712884236	14.712230215827338	0.0
9.0	21.6332799581713	33.63860658148427	17.633410672853827	27.094702787490604	0.0
10.0	15.947895922431524	19.059123110574255	47.642094610035585	17.34925402370148	0.0016323332571577813
11.0	18.232598343009983	33.0158523060865	25.18755300410986	23.562365451105745	0.0016308956879118011
12.0	13.276290592022166	28.810658843662146	37.204905675752755	20.70651509595404	0.0016297926088905189
13.0	13.582207454822342	41.96574723314847	25.235966219572774	19.216079092456408	0.0
14.0	21.20627791744978	30.347335790475725	33.231630419748264	15.21394224901755	8.13623308680547E-4
15.0	22.439706396364908	29.33760353754989	30.320346601854936	17.902343464230267	0.0
16.0	20.582022617964384	29.780319771220594	29.42610165085142	20.211555959963604	0.0
17.0	20.642227905655016	29.621239800267933	30.119758048146792	19.61677424593026	0.0
18.0	20.125735145001013	29.744879334820524	31.141756236057596	18.987629284120867	0.0
19.0	19.694795138128715	30.622653595725186	31.1083542127839	18.574197053362198	0.0
20.0	19.938073468858413	31.034594559543493	30.123528839607044	18.90380313199105	0.0
21.0	19.370132343525864	31.15705359386017	29.92195541003801	19.550858652575958	0.0
22.0	19.24130441829557	30.307303316152872	30.804077927971736	19.647314337579825	0.0
23.0	18.996427385186205	30.274062492405157	30.982914637999336	19.746595484409305	0.0
24.0	19.20977616533316	30.641216675844646	30.484111301869067	19.664895856953127	0.0
25.0	19.297236888989666	31.10119529655664	29.326876356451038	20.274691458002657	0.0
26.0	19.685179637082083	30.47393096300375	29.800241297500385	20.040648102413787	0.0
27.0	19.98979823169349	30.406937202448425	30.011011432457817	19.592253133400263	0.0
28.0	19.450380443581025	30.332685769791162	30.32378177108629	19.893152015541524	0.0
29.0	19.82858391537646	30.127307602036275	31.23042433169579	18.813684150891476	0.0
30.0	19.327894327894327	30.94081844081844	30.708527583527584	19.02275964775965	0.0
31.0	19.476146536512715	31.450633772036323	30.186327359849773	18.886892331601185	0.0
32.0	19.990449520047914	30.50811790795927	30.38428541366528	19.117147158327533	0.0
33.0	19.401728770759817	31.24089481692512	29.966978536048433	19.37016413610023	0.020233740166402277
34.0	19.747450218552697	30.148939614699692	30.079326533916138	20.01699854298203	0.007285089849441477
35.0	19.438263163431273	30.148647445804777	30.513590276822487	19.899499113941463	0.0
36.0	19.95597886338073	30.08974161858598	30.492729229549187	19.4615502884841	0.0
37.0	19.828799818767294	30.008576190553242	30.457612582727876	19.7025841842101	0.00242722374148449
38.0	20.360885220698304	30.93174738034551	29.55455759194077	19.152809807015416	0.0
39.0	19.75343618967443	30.619728342696174	30.765432498502488	18.86140296912691	0.0
40.0	20.0435482957075	30.410956686444173	30.30977570199367	19.235719315854656	0.0
41.0	19.34690244001133	30.567717395702665	30.74495204952859	19.340428114757415	0.0
42.0	19.594222610835843	30.645422455390392	30.44868680980602	19.311668123967745	0.0
43.0	19.889699629902577	30.745620783764306	30.3787627246297	18.98591686170342	0.0
44.0	19.101960816075287	31.02641148790385	30.162226955754072	19.709400740266787	0.0
45.0	19.26744496925408	30.522316111835764	30.418614448558305	19.791624470351856	0.0
46.0	19.535042014763913	30.501016943658893	30.833245549352156	19.13069549222504	0.0
47.0	19.451333171245643	30.393062646891966	30.175054704595183	19.9805494772672	0.0
48.0	19.331312902127937	30.81859877153461	30.849391439638268	19.00069688669919	0.0
49.0	19.599685328013106	30.397476136022643	30.26933651249361	19.731068992644136	0.0024330308265005716
50.0	20.18331508293791	30.634708196455367	30.060429087074663	19.12154763353206	0.0
51.0	19.690565241730692	30.16948327478358	30.653025791638612	19.486925691847116	0.0
52.0	19.698592783756148	31.151093148950675	29.816104267095163	19.33339825680479	8.115433932252359E-4
53.0	20.170147824039873	30.232897951894273	30.46019466339792	19.135136012728616	0.0016235479393117778
54.0	19.20896152846374	30.522972446061868	31.398654795944893	18.869411229529504	0.0
55.0	19.51982704670877	30.648005916823124	30.38386202748722	19.448305008980892	0.0
56.0	19.962779055498217	30.061195133645946	30.372453250331166	19.602759876146898	8.126843777682061E-4
57.0	19.59898241992246	30.669635963165554	30.359160252606937	19.372221364305048	0.0
58.0	19.745518110492295	30.269523151347617	29.838611325663646	20.146347412496443	0.0
59.0	19.61470248458322	30.099741290941928	30.16563888120536	20.119103792772417	8.135504970793537E-4
60.0	19.41697795356332	30.588311889124896	30.602146862309464	19.39256329500232	0.0
61.0	20.095428859901965	30.724510234989495	29.96971029361473	19.210350611493805	0.0
62.0	20.45904363195061	30.032497943425884	30.063448365736257	19.445010058887252	0.0
63.0	19.985330671121794	30.611629517949552	30.34839656085734	19.054643250071308	0.0
64.0	19.64640865964592	30.63072609305207	30.506015454337977	19.216849792964037	0.0
65.0	19.741467194062718	30.90241813807446	29.66521224972475	19.690902418138073	0.0
66.0	19.769899228917627	29.600587491330423	31.296152747745907	19.332544571824894	8.159601811431602E-4
67.0	20.125893994317625	30.337840044413966	30.016165376702265	19.5135691192319	0.006531465334247739
68.0	18.849446205116475	30.164668213153856	30.479955565720264	20.505930016009412	0.0
69.0	19.272816406569167	30.86526677016096	30.70594002778005	19.15515973527249	8.170602173380178E-4
70.0	19.972041920769094	30.382747739646522	29.83094354429966	19.814266795284734	0.0
71.0	19.599712093700415	30.392108750061343	30.40028790629958	19.605437503067183	0.002453746871472739
72.0	19.90672176083132	30.1264165609786	30.209876038129522	19.75698564006055	0.0
73.0	19.102898918533924	29.84142317988686	31.307665228532365	19.74801267304685	0.0
74.0	19.789806517144775	30.54031029341896	30.601746424417176	19.068136765019087	0.0
75.0	19.967873065827433	30.590250458956202	30.056713873590347	19.385162601626014	0.0
76.0	19.863738101679907	30.427724623066137	30.269490288675176	19.439046986578777	0.0
77.0	19.99934374589841	30.423940149625935	30.150774379839874	19.425121407008795	8.203176269851687E-4
78.0	19.277434819728114	30.791521639193537	30.58875681355487	19.34228672752348	0.0
79.0	19.96107639373609	28.750913555104823	31.32200661865541	19.965182259375744	8.211731279305616E-4
80.0	19.634361776426605	30.571463785382686	29.809785957848895	19.98438848034181	0.0
81.0	19.42965154503616	30.770874424720578	29.839743589743588	19.95973044049967	0.0
82.0	18.892224186849788	31.08022533821292	29.982318351905917	20.045232123031376	0.0
83.0	19.844908912798306	30.58109765634647	30.164557899849353	19.40861232990607	8.232010997966693E-4
84.0	19.57854153623093	29.069595017629418	31.445447655451943	19.906415790687713	0.0
85.0	19.76455652374632	30.702455833738657	29.695885509838998	19.837102132676026	0.0
86.0	19.657174910086777	30.554822318276305	30.35684825287887	19.427854951001418	0.0032995677566238827
87.0	19.434357772422672	31.28197933515994	30.186016571485162	19.09764632093223	0.0
88.0	19.064917480577595	30.93301850185349	30.35096554741874	19.651098470150178	0.0
89.0	19.44538495206164	29.727564764272092	30.656602776378485	20.170447507287786	0.0
90.0	19.174209547427154	30.782393056416613	30.17565612729903	19.867741268857202	0.0
91.0	19.633819589163444	30.080877245211866	30.325659091660878	19.95881710826635	8.269656974628692E-4
92.0	19.56106159537228	31.479596481210226	29.763234770806957	19.19610715261054	0.0
93.0	19.461792038696636	31.095631719316845	30.23340566866003	19.20088790233074	0.008282670995742708
94.0	19.722641290472325	30.075100714534393	30.898224440060346	19.301546776305972	0.0024867786269666277
95.0	19.55737011127984	30.438065838499007	30.45466238475773	19.549901665463416	0.0
96.0	18.81744100080576	31.170514109135013	30.748527616025516	19.26351727403371	0.0
97.0	19.824195198217005	29.992432243631857	30.728417340973163	19.451628730862307	0.0033264863156669193
98.0	19.672472185931948	30.616694265766853	30.322118945187356	19.388714603113844	0.0
99.0	20.105723204994796	30.426638917793962	30.067845993756503	19.398959417273673	8.324661810613944E-4
100.0	19.75388870837395	30.203204279037216	30.480641855582498	19.55559999000225	0.0066651670040907465
101.0	19.85409371352343	30.287643821910955	30.072536268134066	19.78489244622311	8.337502084375521E-4
102.0	19.65258599831466	30.509690714768432	30.633171195674848	19.20204910852099	0.002502982721075949
103.0	19.430227024138535	30.55850108961567	29.9038967328229	20.107375153422897	0.0
104.0	19.599010480217963	30.85897671619837	30.062513580824714	19.479499222758957	0.0
105.0	19.602510460251047	31.061924686192473	30.15899581589958	19.176569037656904	0.0
106.0	19.843562880519894	30.54962356271303	29.811823229404823	19.794990327362257	0.0
107.0	19.144976738337736	30.187350685275998	30.679408189781633	19.988264386604634	0.0
108.0	18.90889874936042	30.84994841426283	30.690577844135582	19.55057499224117	0.0
109.0	20.197747225999226	30.002014402981313	30.740628829464	19.059609541555457	0.0
110.0	19.227958163565336	31.165623556096943	29.94581425631117	19.660604024026547	0.0
111.0	19.030405945005338	31.21211866472759	30.41267012449877	19.344805265768304	0.0
112.0	19.089249202756488	29.7188822603852	30.763081945694886	20.424579501375717	0.004207089787710249
113.0	19.57647891238976	29.92023180788248	30.90154061270732	19.601748667020445	0.0
114.0	19.384125164379405	30.877195940250196	30.46076811545335	19.27791077991705	0.0
115.0	19.862776704109102	30.416142725730634	30.028778071278474	19.69230249888179	0.0
116.0	19.675026193936525	30.8623719876973	29.913475512894177	19.542366579916855	0.006759725555142461
117.0	19.509657115301643	30.910382985203423	29.89518032537245	19.683087569689434	0.0016920044330516147
118.0	20.23356848265174	29.907436420762018	29.95655524597522	19.90243985061102	0.0
119.0	19.43438933206738	30.223548460932005	30.89071811870025	19.45049635048872	8.477378116496131E-4
120.0	20.130817652747847	29.92262924818026	30.78541493459117	19.161138164480718	0.0
121.0	19.05133909617377	31.15330400964625	30.676086476572184	19.119270417607797	0.0
122.0	19.27124060789447	30.934450753068372	30.06748716553905	19.722571651990616	0.004249821507496685
123.0	19.658679831467847	30.237051538494274	29.983402136442947	20.1157594586543	0.005107034940630719
124.0	19.682260992593477	29.903945316162243	30.926710361462213	19.487083329782067	0.0
125.0	19.4588134869825	30.425949637217244	30.513871105420403	19.600512163892443	8.536064874093043E-4
126.0	19.22422709050969	30.173600129922303	30.87706102074483	19.723402254835758	0.0017095039874180508
127.0	19.935974800777203	30.138065035222418	30.590863569832834	19.335096594167545	0.0
128.0	19.966913245844868	30.657534951098462	29.70264779750221	19.672904005554457	0.0
129.0	19.90971584521245	30.23746792423683	30.336162580135767	19.514937221616705	0.001716428798242377
130.0	19.974903524679632	30.701927787470673	29.66884685133776	19.654321836511933	0.0
131.0	19.886021246190666	30.076961484822917	30.432499440436633	19.59763089478487	0.006886933764914516
132.0	19.47755341245012	30.733166136635898	31.033947824288337	18.75533262662564	0.0
133.0	20.01639910236492	31.163473157258757	29.201622648023477	19.617641981702054	8.631106507854307E-4
134.0	19.663839389930747	30.41613709266032	30.217276649460917	19.702746867948022	0.0
135.0	19.297926518734084	30.60680074139514	30.26122053040933	19.83405220946145	0.0
136.0	19.6256735533246	30.768696799049	30.019002663843747	19.586626983782658	0.0
137.0	19.849591375412974	30.198226395409495	30.386019822639543	19.566162406537995	0.0
138.0	20.294033113563323	30.575611625456162	30.141877944903626	18.981509706750742	0.006967609326145084
139.0	19.514494461465944	29.94911008109217	30.557519574724385	19.978875882717503	0.0
140.0	19.458457557026325	31.072680696293837	30.079474020126423	19.389387726553416	0.0
141.0	19.289882757049472	30.98701389740804	30.381521529591136	19.34158181595135	0.0
142.0	19.827010888654726	30.55321390937829	30.10010537407798	19.519669827889004	0.0
143.0	19.794729151629316	30.395401651321237	30.039786630987802	19.770082566061653	0.0
144.0	19.65088250615856	29.798599645055052	31.21308175212128	19.337436096665105	0.0
145.0	19.41194225954795	30.438912661351893	30.69192663482538	19.457218444274783	0.0
146.0	19.566057230133417	30.438884147163197	30.914154799874222	19.079106958357666	0.0017968644714972373
147.0	19.83498563284765	31.07185424038879	29.732151931481155	19.361008195282402	0.0
148.0	21.353795505414983	31.18808403007096	29.427587798978227	18.03053266553583	0.0
149.0	24.57513867876954	34.16162380231972	25.737518910741304	15.52571860816944	0.0
150.0	48.63328041564439	0.0	33.837494587963626	17.529224996391974	0.0
