#Coverage	Number of genomic locations
0.0	2.0
1.0	5.0
2.0	37.0
3.0	44.0
4.0	194.0
5.0	190.0
6.0	261.0
7.0	352.0
8.0	251.0
9.0	183.0
10.0	121.0
11.0	83.0
12.0	72.0
13.0	137.0
14.0	84.0
15.0	56.0
16.0	70.0
17.0	34.0
18.0	35.0
19.0	30.0
20.0	43.0
21.0	26.0
22.0	54.0
23.0	78.0
24.0	81.0
25.0	72.0
26.0	49.0
27.0	28.0
28.0	27.0
29.0	12.0
30.0	14.0
31.0	45.0
32.0	26.0
33.0	44.0
34.0	63.0
35.0	38.0
36.0	50.0
37.0	31.0
38.0	78.0
39.0	48.0
40.0	67.0
41.0	65.0
42.0	57.0
43.0	58.0
44.0	64.0
45.0	84.0
46.0	49.0
47.0	56.0
48.0	50.0
49.0	81.0
50.0	74.0
51.0	73.0
52.0	62.0
53.0	44.0
54.0	66.0
55.0	100.0
56.0	107.0
57.0	106.0
58.0	108.0
59.0	98.0
60.0	110.0
61.0	131.0
62.0	129.0
63.0	148.0
64.0	159.0
65.0	178.0
66.0	162.0
67.0	198.0
68.0	182.0
69.0	216.0
70.0	254.0
71.0	228.0
72.0	255.0
73.0	250.0
74.0	280.0
75.0	299.0
76.0	328.0
77.0	390.0
78.0	362.0
79.0	404.0
80.0	407.0
81.0	425.0
82.0	393.0
83.0	401.0
84.0	421.0
85.0	413.0
86.0	393.0
87.0	389.0
88.0	430.0
89.0	394.0
90.0	428.0
91.0	464.0
92.0	480.0
93.0	493.0
94.0	433.0
95.0	499.0
96.0	525.0
97.0	547.0
98.0	524.0
99.0	565.0
100.0	580.0
101.0	560.0
102.0	553.0
103.0	648.0
104.0	705.0
105.0	705.0
106.0	767.0
107.0	737.0
108.0	710.0
109.0	727.0
110.0	697.0
111.0	686.0
112.0	700.0
113.0	738.0
114.0	684.0
115.0	672.0
116.0	730.0
117.0	698.0
118.0	605.0
119.0	606.0
120.0	553.0
121.0	611.0
122.0	548.0
123.0	562.0
124.0	684.0
125.0	685.0
126.0	652.0
127.0	658.0
128.0	650.0
129.0	675.0
130.0	615.0
131.0	576.0
132.0	654.0
133.0	658.0
134.0	666.0
135.0	647.0
136.0	688.0
137.0	755.0
138.0	720.0
139.0	692.0
140.0	628.0
141.0	651.0
142.0	656.0
143.0	672.0
144.0	688.0
145.0	674.0
146.0	646.0
147.0	603.0
148.0	550.0
149.0	566.0
150.0	548.0
151.0	530.0
152.0	549.0
153.0	484.0
154.0	542.0
155.0	598.0
156.0	585.0
157.0	536.0
158.0	504.0
159.0	542.0
160.0	534.0
161.0	493.0
162.0	462.0
163.0	453.0
164.0	456.0
165.0	437.0
166.0	442.0
167.0	413.0
168.0	431.0
169.0	442.0
170.0	366.0
171.0	350.0
172.0	398.0
173.0	352.0
174.0	383.0
175.0	406.0
176.0	335.0
177.0	371.0
178.0	330.0
179.0	265.0
180.0	263.0
181.0	262.0
182.0	283.0
183.0	270.0
184.0	220.0
185.0	218.0
186.0	234.0
187.0	163.0
188.0	157.0
189.0	202.0
190.0	142.0
191.0	197.0
192.0	122.0
193.0	139.0
194.0	140.0
195.0	167.0
196.0	153.0
197.0	141.0
198.0	149.0
199.0	120.0
200.0	145.0
201.0	117.0
202.0	128.0
203.0	126.0
204.0	128.0
205.0	151.0
206.0	115.0
207.0	108.0
208.0	109.0
209.0	105.0
210.0	98.0
211.0	92.0
212.0	82.0
213.0	87.0
214.0	97.0
215.0	87.0
216.0	89.0
217.0	59.0
218.0	64.0
219.0	58.0
220.0	53.0
221.0	52.0
222.0	65.0
223.0	55.0
224.0	42.0
225.0	32.0
226.0	47.0
227.0	58.0
228.0	52.0
229.0	39.0
230.0	47.0
231.0	42.0
232.0	38.0
233.0	58.0
234.0	58.0
235.0	43.0
236.0	43.0
237.0	50.0
238.0	28.0
239.0	41.0
240.0	52.0
241.0	48.0
242.0	55.0
243.0	38.0
244.0	43.0
245.0	25.0
246.0	41.0
247.0	34.0
248.0	32.0
249.0	41.0
250.0	25.0
251.0	35.0
252.0	39.0
253.0	33.0
254.0	36.0
255.0	28.0
256.0	25.0
257.0	36.0
258.0	24.0
259.0	24.0
260.0	41.0
261.0	30.0
262.0	31.0
263.0	22.0
264.0	23.0
265.0	25.0
266.0	23.0
267.0	16.0
268.0	21.0
269.0	17.0
270.0	17.0
271.0	17.0
272.0	19.0
273.0	26.0
274.0	16.0
275.0	12.0
276.0	22.0
277.0	12.0
278.0	9.0
279.0	10.0
280.0	6.0
281.0	8.0
282.0	13.0
283.0	18.0
284.0	25.0
285.0	19.0
286.0	11.0
287.0	24.0
288.0	13.0
289.0	10.0
290.0	12.0
291.0	8.0
292.0	14.0
293.0	16.0
294.0	15.0
295.0	10.0
296.0	11.0
297.0	15.0
298.0	18.0
299.0	10.0
300.0	8.0
301.0	18.0
302.0	13.0
303.0	12.0
304.0	10.0
305.0	8.0
306.0	6.0
307.0	14.0
308.0	21.0
309.0	16.0
310.0	10.0
311.0	14.0
312.0	17.0
313.0	10.0
314.0	9.0
315.0	10.0
316.0	17.0
317.0	19.0
318.0	22.0
319.0	16.0
320.0	10.0
321.0	15.0
322.0	14.0
323.0	14.0
324.0	16.0
325.0	7.0
326.0	11.0
327.0	12.0
328.0	7.0
329.0	12.0
330.0	7.0
331.0	6.0
332.0	7.0
333.0	6.0
334.0	18.0
335.0	12.0
336.0	10.0
337.0	4.0
338.0	7.0
339.0	6.0
340.0	12.0
341.0	8.0
342.0	6.0
343.0	5.0
344.0	4.0
345.0	5.0
346.0	3.0
347.0	10.0
348.0	9.0
349.0	9.0
350.0	10.0
351.0	14.0
352.0	8.0
353.0	6.0
354.0	8.0
355.0	12.0
356.0	6.0
357.0	5.0
358.0	2.0
359.0	5.0
360.0	2.0
361.0	7.0
362.0	6.0
363.0	2.0
364.0	4.0
365.0	4.0
366.0	12.0
367.0	6.0
368.0	7.0
369.0	3.0
370.0	5.0
371.0	7.0
372.0	7.0
373.0	8.0
374.0	7.0
375.0	5.0
376.0	6.0
377.0	4.0
378.0	6.0
379.0	8.0
380.0	6.0
381.0	9.0
382.0	4.0
383.0	4.0
384.0	4.0
385.0	2.0
386.0	2.0
387.0	9.0
388.0	8.0
389.0	5.0
390.0	4.0
391.0	8.0
392.0	10.0
393.0	9.0
394.0	6.0
395.0	5.0
396.0	6.0
397.0	12.0
398.0	4.0
399.0	7.0
400.0	8.0
401.0	9.0
402.0	10.0
403.0	8.0
404.0	8.0
405.0	7.0
406.0	7.0
407.0	10.0
408.0	11.0
409.0	18.0
410.0	19.0
411.0	8.0
412.0	8.0
413.0	11.0
414.0	6.0
415.0	4.0
416.0	5.0
417.0	5.0
418.0	9.0
419.0	4.0
420.0	10.0
421.0	7.0
422.0	8.0
423.0	5.0
424.0	4.0
425.0	3.0
426.0	3.0
427.0	7.0
428.0	8.0
429.0	4.0
430.0	5.0
431.0	5.0
432.0	2.0
434.0	5.0
435.0	2.0
436.0	6.0
437.0	7.0
438.0	10.0
439.0	9.0
440.0	6.0
441.0	6.0
442.0	6.0
443.0	5.0
444.0	5.0
445.0	4.0
446.0	6.0
447.0	4.0
448.0	4.0
449.0	5.0
450.0	9.0
451.0	9.0
452.0	9.0
453.0	4.0
454.0	9.0
455.0	3.0
456.0	1.0
457.0	5.0
458.0	5.0
459.0	2.0
460.0	3.0
461.0	4.0
462.0	4.0
463.0	3.0
464.0	3.0
465.0	4.0
466.0	3.0
467.0	3.0
468.0	2.0
469.0	4.0
470.0	10.0
471.0	9.0
472.0	5.0
473.0	7.0
474.0	6.0
475.0	3.0
476.0	6.0
477.0	2.0
478.0	1.0
479.0	5.0
480.0	3.0
481.0	7.0
482.0	4.0
483.0	3.0
484.0	9.0
485.0	6.0
486.0	7.0
487.0	9.0
488.0	6.0
489.0	9.0
490.0	1.0
491.0	5.0
492.0	10.0
493.0	3.0
494.0	4.0
495.0	6.0
496.0	1.0
497.0	5.0
498.0	4.0
499.0	5.0
500.0	5.0
501.0	5.0
502.0	9.0
503.0	6.0
504.0	3.0
505.0	7.0
506.0	9.0
507.0	3.0
508.0	5.0
509.0	6.0
510.0	5.0
511.0	11.0
512.0	5.0
513.0	1.0
514.0	2.0
516.0	2.0
517.0	1.0
518.0	2.0
519.0	3.0
520.0	3.0
524.0	1.0
525.0	3.0
526.0	2.0
527.0	3.0
528.0	2.0
529.0	1.0
530.0	2.0
531.0	3.0
534.0	3.0
536.0	1.0
537.0	1.0
539.0	1.0
540.0	2.0
541.0	3.0
542.0	1.0
544.0	2.0
545.0	4.0
546.0	2.0
547.0	1.0
548.0	2.0
549.0	2.0
550.0	7.0
551.0	3.0
552.0	4.0
553.0	3.0
554.0	3.0
555.0	3.0
556.0	4.0
558.0	2.0
559.0	3.0
560.0	2.0
561.0	3.0
562.0	5.0
563.0	7.0
564.0	3.0
565.0	6.0
566.0	5.0
567.0	1.0
568.0	1.0
569.0	2.0
570.0	2.0
571.0	1.0
573.0	2.0
575.0	5.0
576.0	4.0
577.0	3.0
578.0	5.0
579.0	7.0
580.0	2.0
581.0	2.0
582.0	4.0
583.0	3.0
584.0	7.0
585.0	5.0
586.0	5.0
587.0	5.0
588.0	3.0
589.0	2.0
590.0	3.0
591.0	2.0
594.0	3.0
595.0	3.0
596.0	2.0
597.0	1.0
598.0	1.0
599.0	3.0
600.0	1.0
601.0	1.0
605.0	1.0
611.0	1.0
615.0	2.0
617.0	1.0
620.0	1.0
622.0	2.0
623.0	1.0
625.0	2.0
626.0	1.0
635.0	1.0
639.0	1.0
640.0	1.0
641.0	1.0
643.0	2.0
646.0	1.0
649.0	1.0
650.0	2.0
651.0	2.0
653.0	1.0
657.0	1.0
659.0	1.0
666.0	1.0
670.0	1.0
671.0	1.0
672.0	1.0
673.0	2.0
676.0	1.0
677.0	1.0
678.0	2.0
679.0	1.0
681.0	1.0
693.0	1.0
694.0	1.0
697.0	1.0
698.0	2.0
699.0	1.0
701.0	1.0
702.0	1.0
703.0	1.0
704.0	1.0
706.0	3.0
709.0	1.0
711.0	2.0
713.0	2.0
722.0	3.0
726.0	1.0
727.0	1.0
732.0	1.0
734.0	1.0
735.0	1.0
736.0	1.0
737.0	1.0
740.0	1.0
741.0	1.0
744.0	5.0
745.0	1.0
747.0	2.0
748.0	1.0
750.0	1.0
751.0	1.0
764.0	2.0
768.0	4.0
770.0	1.0
771.0	3.0
772.0	1.0
774.0	3.0
775.0	2.0
776.0	3.0
777.0	1.0
778.0	2.0
779.0	2.0
780.0	2.0
782.0	2.0
783.0	2.0
785.0	3.0
786.0	6.0
787.0	4.0
788.0	4.0
789.0	2.0
790.0	2.0
791.0	2.0
792.0	1.0
794.0	2.0
797.0	1.0
799.0	2.0
800.0	1.0
