# Position (bp)	A	C	G	T	N
0.0	15.65772574590002	24.87650661924521	49.060215372456035	10.399377593360997	0.006174669037739577
1.0	15.113092004543436	29.887895698553013	20.89362437651242	34.10168403377944	0.0037038866116845277
2.0	18.369637615018377	33.64827194908355	24.15447615758443	23.825147396205935	0.0024668821077040728
3.0	13.237160139455236	39.44538208517611	17.390018848631932	29.917583432914885	0.00985549382183731
4.0	30.76326671261199	18.86999113911588	20.23604410751206	30.11962193561091	0.011076105149158216
5.0	28.859885214270793	17.694699455566617	39.56912337622436	13.876291953938233	0.0
6.0	24.13759225828636	24.63618612533618	34.46560807574697	16.760613540630487	0.0
7.0	29.721206469187916	24.3208088939063	30.104056740373526	15.85392789653226	0.0
8.0	12.809506873842608	43.94353760684809	26.30333206607719	16.943623453232114	0.0
9.0	20.580054648156544	33.386837881219904	22.011199196206487	24.02190827441707	0.0
10.0	18.450238707308117	21.04541559554413	42.083486350838534	18.420859346309218	0.0
11.0	18.77553516819572	31.10581039755352	26.320489296636083	23.79816513761468	0.0
12.0	14.701964091470195	29.341595472934163	35.39642381353964	20.560016622056	0.0
13.0	14.811738987066597	39.581832171077544	26.10373590942954	19.502692932426328	0.0
14.0	21.374874911522785	30.47643455126797	31.730980449586294	16.417710087622954	0.0
15.0	22.044459619300792	29.40724572292609	30.019388588779005	18.52890606899411	0.0
16.0	21.074697444272463	29.481663843219465	28.76138011724415	20.68225859526392	0.0
17.0	20.949608390075156	29.17768006139079	29.907304773621448	19.9654067749126	0.0
18.0	20.78453334631961	29.157028415593274	30.577808079086417	19.480630159000707	0.0
19.0	20.799075650693265	30.182437363171978	29.621746533690104	19.39674045244466	0.0
20.0	20.0972703507812	30.272964921879748	29.204206942671284	20.42555778466776	0.0
21.0	19.833203656876094	30.803831939311415	29.617292355572843	19.745672048239644	0.0
22.0	19.857578593041765	29.991129042058063	29.91821705897364	20.23307530592653	0.0
23.0	19.746515499495704	30.16052398138359	30.250446575042833	19.84251394407787	0.0
24.0	19.87559529594713	30.18150451938964	30.313927495383417	19.628972689279813	0.0
25.0	19.651424060241695	30.548369466205138	29.961741665148477	19.838464808404687	0.0
26.0	20.165658626636546	30.349291942966794	29.602370715829874	19.882678714566783	0.0
27.0	20.378893679033336	30.043111300018214	30.096545023984454	19.481449996963992	0.0
28.0	19.645523520485582	29.791805766312596	30.01153262518968	20.551138088012138	0.0
29.0	20.033741549441082	29.699845856950397	30.49969050017599	19.766722093432534	0.0
30.0	19.523740168948443	30.272356539469854	30.29420332071075	19.90969997087096	0.0
31.0	20.114287100844415	30.532369212850625	29.6333592157624	19.71998447054256	0.0
32.0	19.956571317660188	30.112574908411577	30.13926292549191	19.791590848436325	0.0
33.0	19.915567794451253	30.4416920408089	29.90913833052297	19.73360183421688	0.0
34.0	20.243902439024392	29.543744691178254	30.089794927800025	20.12255794199733	0.0
35.0	19.741952711559936	30.293246589309124	30.145166771859977	19.81963392727096	0.0
36.0	20.027689729296462	29.447055537338628	30.673661966699456	19.85159276666545	0.0
37.0	20.58641338013628	29.759142971663167	29.748211487774956	19.9062321604256	0.0
38.0	20.166188833276642	30.086495942465618	30.060984498760874	19.686330725496866	0.0
39.0	19.96646537793276	29.611314289880074	30.840917099012188	19.581303233174978	0.0
40.0	20.563178299284175	29.7923021766343	29.857929341419247	19.786590182662277	0.0
41.0	20.122314491713983	30.19198268629859	29.815069242647148	19.87063357934028	0.0
42.0	20.130849304407043	29.75727210818173	30.33247397606771	19.779404611343516	0.0
43.0	20.67585972080354	29.699888126854418	29.945522642151857	19.678729510190184	0.0
44.0	19.52687910484067	30.71393821454634	29.48795913403065	20.27122354658234	0.0
45.0	19.77925696971172	30.126434403786952	30.50488579529552	19.58942283120581	0.0
46.0	20.09492515516612	29.99634903249361	30.13265181939881	19.776073992941463	0.0
47.0	20.005599035992063	30.916416130092383	29.31582214540453	19.76216268851102	0.0
48.0	19.535472561717874	30.18819691288893	30.906412815893265	19.369917709499926	0.0
49.0	19.986113987112805	29.383534112086924	30.19476960181249	20.435582298987782	0.0
50.0	20.13575763484365	30.01535499280996	30.122596212435106	19.726291159911284	0.0
51.0	19.8751706651063	29.86029842012873	30.107762824263702	20.156768090501266	0.0
52.0	20.38631319659537	30.07218983976782	29.56978757651879	19.97170938711802	0.0
53.0	20.086116464589786	29.890707716327974	30.4383889146398	19.58478690444244	0.0
54.0	19.781399433980678	30.250317165999807	30.905386942519762	19.062896457499757	0.0
55.0	20.433323161428135	29.723527616722613	29.924931339639915	19.915776624961858	0.0024412572474824534
56.0	20.189524844606723	29.77200845046343	30.028453149995727	20.006350059226513	0.0036634957076041963
57.0	19.73709929632525	30.569536747458955	30.078430414386236	19.611268569194685	0.0036649726348709933
58.0	20.52187729161574	29.50012221950623	29.420679540454657	20.554876558298705	0.0024443901246638962
59.0	19.9259150590479	30.032519132497125	29.921269468691165	20.117851292207632	0.0024450475561749677
60.0	20.096875993835166	30.15876898989652	30.09760990287937	19.644298749908263	0.0024463634806859607
61.0	20.625229413923897	29.752844732656307	29.36375871772911	20.253272971980913	0.004894163709776092
62.0	20.669775639848716	29.78983830891443	30.030967331301483	19.504522699176245	0.004896020759128019
63.0	20.393866653603094	30.091118404938026	30.027433498260912	19.4826826042228	0.004898838975162886
64.0	19.976479523710356	29.965331797968908	29.804853548284356	20.248435030809375	0.004900099227009347
65.0	20.4495042952905	30.427323194568697	29.27660200242644	19.842894082180365	0.0036764255340008085
66.0	19.94312470888186	29.58128018435439	30.6967223161972	19.77519550881322	0.00367728175332794
67.0	20.962321542461858	29.619045282833735	29.61781877054408	19.795908355001718	0.004906049158612569
68.0	19.202729571172586	30.138196813863864	30.139424139031394	20.515967500429564	0.003681975502589656
69.0	19.789044560959738	30.48048232419357	30.549245447512863	19.177543928584583	0.0036837387492479035
70.0	20.594521557548212	29.941039184375384	29.38336813659256	20.076157720181794	0.004913401302051345
71.0	19.89255903721096	29.959310115923145	30.189189521432873	19.952794817264312	0.0061465081687093566
72.0	20.26491858119742	29.635460225316084	30.23564716879028	19.859054459585774	0.004919565110444237
73.0	19.90650181460294	29.17881527957188	30.51608537860614	20.393676570092882	0.004920957126161038
74.0	20.31784720683458	30.216411847256076	30.088386636137578	19.372430263190292	0.004924046581480661
75.0	19.996797950688443	30.34434345673539	30.07093770782532	19.582994655040764	0.004926229710091381
76.0	20.61806128861343	30.013430757667237	29.267962098155426	20.09684931675641	0.003696538807496581
77.0	19.95118222835869	30.117853004265392	29.897186814270572	20.03007963707192	0.0036983160334327775
78.0	19.405102645084877	30.25932688511646	30.520874457165416	19.813462297670746	0.001233714962495065
79.0	20.24979019598164	28.9689983709335	30.623981833440293	20.153527175791083	0.0037024238534827465
80.0	19.76813097266464	30.201002543398275	29.867644516877796	20.16322196705929	0.0
81.0	19.8139891061349	30.006299173696625	30.164396082160987	20.015315638007486	0.0
82.0	19.735996440401443	30.271419389924358	29.280170069708806	20.712414099965393	0.0
83.0	19.837581271167583	30.354008553558625	29.74833749474673	20.060072680527057	0.0
84.0	19.849311509482984	29.098467134320604	31.309307303071915	19.742914053124498	0.0
85.0	20.54843701640359	29.871866295264628	29.254100897554935	20.32559579077685	0.0
86.0	20.0	30.339234864429866	30.059428005447568	19.60133713012257	0.0
87.0	19.516908212560384	30.7679920723399	30.122630992196207	19.589991329121766	0.0024773937817416077
88.0	19.640533002788967	30.372482181592808	29.947319491788036	20.03842578246049	0.0012395413696932136
89.0	19.688585607940446	29.759305210918114	30.48138957816377	20.068238213399503	0.0024813895781637717
90.0	19.76436703124806	30.009062806490462	30.416268358390546	19.807818843188617	0.0024829606823175954
91.0	19.863107290592662	29.584725655581916	30.243102570154406	20.307822263077476	0.0012422205935329995
92.0	19.547844243652047	30.96608210392871	29.71824158888378	19.767832063535465	0.0
93.0	19.671152458894056	30.27412253426532	30.67212258401532	19.382602422825304	0.0
94.0	20.480937978417536	29.49852507374631	30.107165527799562	19.913371420036594	0.0
95.0	19.691985645933013	30.01270933014354	30.220793460925037	20.074511562998403	0.0
96.0	19.21057554405437	30.686537382303424	30.198915009041592	19.903972064600612	0.0
97.0	20.100590312878307	29.372121756711223	30.497834687433702	20.029453242976775	0.0
98.0	19.589251583405165	30.267711026995965	30.446351609639095	19.696685779959775	0.0
99.0	20.203762735170947	30.078129883117693	30.166885430339395	19.55122195137196	0.0
100.0	20.02353795495236	30.07724956492344	29.856894241965172	20.042318238159034	0.0
101.0	19.796731665747657	30.42884355105519	29.549100205524088	20.225324577673064	0.0
102.0	19.58193749137401	30.170261351802363	30.821445151252806	19.42635600557082	0.0
103.0	20.273325629302118	30.181379691503796	29.386273426116666	20.159021253077427	0.0
104.0	19.948701184399127	30.44232655216637	30.075187969924812	19.533784293509694	0.0
105.0	20.181731229076995	30.59226257897254	29.881195096780687	19.344811095169774	0.0
106.0	20.24412364900612	30.132517068500743	29.384274305293122	20.23908497720001	0.0
107.0	19.523911590785872	30.162772811518916	30.230857488684077	20.082458109011135	0.0
108.0	19.12067376289506	30.67414169728651	30.50115534679344	19.70402919302499	0.0
109.0	20.244281758525208	29.737384465602045	30.423952762078166	19.594381013794585	0.0
110.0	19.853583777690524	30.415563689790126	29.813939938951023	19.916912593568327	0.0
111.0	19.642562691053918	30.73605702761324	30.128489706870965	19.492890574461878	0.0
112.0	19.61436845848999	29.516817396606037	30.513921349456357	20.35489279544762	0.0
113.0	19.68548017710825	30.136393709603542	30.708941930887068	19.46918418240114	0.0
114.0	19.668140747065646	30.51473867995463	30.43190130883046	19.38521926414926	0.0
115.0	19.918533084761343	30.165743034451054	29.44684219935133	20.46888168143627	0.0
116.0	19.8372173378892	30.157023841517255	29.85116648110467	20.15459233948887	0.0
117.0	19.715165511932256	30.680010264305874	29.924300744162174	19.680523479599692	0.0
118.0	20.73457734795972	29.341941125786082	29.905219974536713	20.018261551717487	0.0
119.0	19.53699641262549	29.975223888301027	30.522363021653288	19.965416677420187	0.0
120.0	20.056298381421534	29.72476346860583	30.437615659290536	19.781322490682097	0.0
121.0	19.996300162528573	29.68723159661201	30.448341019305225	19.868127221554197	0.0
122.0	20.162029751070847	28.830074035553487	30.80891711028697	20.198979103088693	0.0
123.0	22.02777984104583	26.56020203520761	31.68535987521355	19.726658248533017	0.0
124.0	32.79786110674245	0.0	44.69433148352019	22.507807409737357	0.0
