# Position (bp)	A	C	G	T	N
0.0	12.563359884141926	26.816316678735213	54.96017378711079	5.660149650012068	0.0
1.0	12.346422548783426	33.36545410744399	25.656468320886532	28.63165502288605	0.0
2.0	16.4155906264945	35.9636537541846	27.71401243424199	19.90674318507891	0.0
3.0	9.959734722880151	44.17337754618664	17.787778304121268	28.07910942681194	0.0
4.0	29.41314279020733	23.076022021787512	20.299871149115614	27.21096403888954	0.0
5.0	28.873563218390803	17.52873563218391	44.5632183908046	9.034482758620689	0.0
6.0	19.697663765460376	28.137883646358226	37.55153458543289	14.612918002748513	0.0
7.0	27.838452787258248	27.656427758816836	32.673492605233214	11.831626848691695	0.0
8.0	7.363903320533092	51.15202168511407	27.332279195843682	14.151795798509148	0.0
9.0	20.16759776536313	36.30167597765363	18.972067039106143	24.558659217877096	0.0
10.0	14.367752622860298	18.752070679182772	50.59083379348426	16.28934290447267	0.0
11.0	14.949983511047598	36.52852588765527	28.71276244915906	19.808728152138066	0.0
12.0	13.247490178961153	31.2090790048014	38.30205150589263	17.24137931034483	0.0
13.0	12.832720190434971	41.982254923176804	25.18935295390608	19.995671932482146	0.0
14.0	21.149919398173026	32.3481998925309	31.327243417517465	15.174637291778614	0.0
15.0	19.26360725720384	30.70437566702241	35.11205976520811	14.919957310565636	0.0
16.0	19.97872340425532	29.617021276595747	31.542553191489365	18.861702127659573	0.0
17.0	20.975044750973993	32.75771296198799	28.482678740654944	17.784563546383065	0.0
18.0	18.16379760041732	31.24673969744392	32.29003651538863	18.299426186750132	0.0
19.0	17.936986586253507	32.68170947280857	31.54829988561922	17.833004055318707	0.0
20.0	16.85288640595903	33.30229671011794	33.42644320297951	16.418373680943514	0.0
21.0	16.70784434836319	34.55836936380482	32.30389129092032	16.429894996911674	0.0
22.0	18.53293719905747	29.669091281630983	34.29976436840488	17.49820715090667	0.0
23.0	17.31986119616248	31.618697693406816	31.62890385793019	19.43253725250051	0.0
24.0	18.93985728848114	32.01834862385321	31.182466870540264	17.859327217125383	0.0
25.0	17.53154253154253	34.24908424908425	29.53805453805454	18.681318681318682	0.0
26.0	16.43125698607865	33.106391626867186	33.57382379839447	16.888527588659688	0.0
27.0	19.34306569343066	32.0154095701541	31.25506893755069	17.38645579886456	0.0
28.0	18.110156644770086	32.602324406265794	30.95502779181405	18.332491157150077	0.0
29.0	16.755775244628264	35.761121759305965	30.66680117018057	16.8163018258852	0.0
30.0	17.115577889447238	34.2713567839196	33.57788944723618	15.035175879396984	0.0
31.0	19.06431576838309	30.3346022841114	33.700661190142256	16.900420757363253	0.0
32.0	18.866606804349995	29.801456649705678	33.61269081113439	17.719245734809938	0.0
33.0	16.142828724885618	33.260393873085334	33.97652675552019	16.620250646508854	0.0
34.0	16.578973493497468	33.28700486448923	32.87997617393031	17.254045468082992	0.0
35.0	18.88250445809392	31.335446800079254	32.16762433128591	17.614424410540916	0.0
36.0	19.33728981206726	30.840751730959447	32.087042532146384	17.734915924826904	0.0
37.0	18.799881761749926	31.45137451965711	32.31845502019903	17.43028869839393	0.0
38.0	17.83922070254846	32.510085604644296	32.53960444750566	17.111089245301585	0.0
39.0	17.87857915969694	34.68464036209781	31.349011118764142	16.087769359441108	0.0
40.0	19.776667646194536	29.571946321872854	33.000293858360266	17.651092173572337	0.0
41.0	17.16080895346554	34.18417435696053	31.710190457490672	16.94482623208325	0.0
42.0	17.274339771383524	31.237682301931414	34.58809617658652	16.89988175009854	0.0
43.0	17.801201852034282	32.79479854201556	32.30223623288346	17.101763373066692	0.0
44.0	16.2596021272405	33.681307858971834	33.60252117392161	16.456568839866062	0.0
45.0	16.258483328415462	32.17271564866726	33.42185502114685	18.146946001770434	0.0
46.0	15.982678870189943	30.597382147426433	35.222911130794216	18.19702785158941	0.0
47.0	16.798262929332807	30.91196210027635	34.27753651796289	18.01223845242795	0.0
48.0	15.590178483384282	32.06784340794793	35.25293363573612	17.089044472931665	0.0
49.0	17.65054879857609	30.703055473153366	33.461880747552655	18.18451498071789	0.0
50.0	18.619804521670453	33.95201895547438	31.26666008490473	16.16151643795044	0.0
51.0	16.617357001972387	31.301775147928996	34.684418145956606	17.39644970414201	0.0
52.0	19.003453379378392	32.89590527873705	32.7084361124815	15.392205229403059	0.0
53.0	19.2288728922197	32.98491273049995	31.150774085395916	16.63544029188443	0.0
54.0	17.61279494520683	33.02399052226281	33.94214631256787	15.421068219962484	0.0
55.0	17.807000197745698	32.71702590468657	31.441566145936328	18.034407751631402	0.0
56.0	16.277227722772277	33.97029702970297	34.57425742574257	15.178217821782178	0.0
57.0	19.01779500944428	32.66726314743016	31.782483348245353	16.532458494880206	0.0
58.0	17.022544443340948	30.47969013804747	32.38653292283246	20.111232495779124	0.0
59.0	17.996621285898836	31.501540296134355	32.4257179767465	18.07612044122031	0.0
60.0	17.191548734303367	33.00777356986247	34.50269085110624	15.297986844727927	0.0
61.0	16.272808854322466	34.659487486289756	31.588393658390668	17.47931000099711	0.0
62.0	19.350649350649352	30.83916083916084	33.556443556443554	16.253746253746254	0.0
63.0	18.587174348697395	32.93587174348697	31.903807615230463	16.573146292585168	0.0
64.0	18.4802248544469	31.34912668138928	32.915077293716124	17.245533025496886	0.01003814495081309
65.0	17.611519484442653	32.01087503776055	33.4206021548686	16.957003322928205	0.0
66.0	15.640766902119072	37.53784056508577	30.22199798183653	16.59939455095863	0.0
67.0	18.70387220705692	33.03002729754322	32.767162066525124	15.498938428874734	0.0
68.0	15.453074433656958	31.725323624595468	34.77953074433657	18.03195792880259	0.01011326860841424
69.0	17.764693939701555	31.90539031570399	33.78337224647244	16.54654349812202	0.0
70.0	21.044078813731463	29.534836481820026	33.24192565508836	16.16900264066626	0.010156408693885842
71.0	16.601921897362505	33.714986710284194	32.048660805561234	17.624207728480883	0.010222858311183807
72.0	18.832565284178187	33.026113671274956	31.490015360983104	16.6410650281618	0.010240655401945725
73.0	15.996306176893086	30.75107736507285	33.31623230043095	19.926123537861688	0.010260619741432383
74.0	18.224925265436553	29.77012679105247	33.67694052159571	18.317699206267395	0.010308215647871353
75.0	16.32927081181574	32.92708118157405	33.123321627762856	17.620326378847345	0.0
76.0	17.73424543946932	35.84162520729685	30.648839137645105	15.775290215588722	0.0
77.0	19.825436408977556	32.865752285951785	31.868246051537824	15.440565253532835	0.0
78.0	16.263804959366535	34.142529693686186	31.600333402792245	17.993331944155035	0.0
79.0	18.37651483493523	30.850396991224404	33.48307563727539	17.29001253656498	0.0
80.0	17.096265123619148	31.004734350341923	32.26722777485534	19.631772751183586	0.0
81.0	18.622502628811777	30.49421661409043	33.80651945320715	17.076761303890642	0.0
82.0	21.54300168634064	32.535834738617204	30.206576728499158	15.714586846543002	0.0
83.0	18.94147475174308	32.46355377139235	30.963448130150013	17.620959222480455	0.010564124234100993
84.0	18.372952984680403	30.79767564712097	34.33703116745906	16.492340200739566	0.0
85.0	18.354363270066802	33.400487753154486	30.495175485102322	17.749973491676386	0.0
86.0	15.471376888699723	32.219621195999146	34.741434347733566	17.556927005745905	0.010640561821664184
87.0	16.08607648876105	33.73814850324918	32.96047725577927	17.215297752210503	0.0
88.0	17.024457972871943	31.111823133611022	34.497490120687814	17.36622877282922	0.0
89.0	18.852985234324844	32.06719452172052	31.98159640487909	17.09822383907554	0.0
90.0	17.781595619027165	34.843766777622676	30.903038763019435	16.47159884033072	0.0
91.0	17.9766789030447	31.958540272079468	32.64953573742172	17.415245087454114	0.0
92.0	16.55679239165676	33.93494001945315	34.19431535718145	15.313952231708635	0.0
93.0	16.2291169451074	32.93556085918855	33.38034280755045	17.454979388153614	0.0
94.0	18.386430357725345	31.760356638034143	33.152114820050016	16.701098184190496	0.0
95.0	19.91034331948393	29.65230701946206	33.75246009184343	16.684889569210583	0.0
96.0	17.51400021961129	36.37860986054683	31.624025474909413	14.48336444493247	0.0
97.0	18.436741002428793	29.65334510929565	33.219253698388165	18.690660189887392	0.0
98.0	17.069653948535937	34.56078083407276	32.43123336291038	15.938331854480921	0.0
99.0	18.55612586476233	33.48582905601428	31.109127426913634	16.84891765230975	0.0
100.0	17.500843549656956	30.019120458891013	35.3391069620965	17.14092902935553	0.0
101.0	17.417755745831457	34.9594411897251	30.520504731861198	17.102298332582244	0.0
102.0	16.940264477884178	32.45554035567715	32.97993616051072	17.624259005927954	0.0
103.0	17.790283679797863	32.12357872975767	32.87010451360974	17.21603307683473	0.0
104.0	18.462602281894664	34.79313126656678	30.20629249740694	16.537973954131612	0.0
105.0	19.71945281706469	30.466032923718988	32.49478321354046	17.319731045675862	0.0
106.0	18.323199251637043	33.477549111318986	29.548643592142188	18.65060804490178	0.0
107.0	16.15828524319868	34.28335885054764	30.644211518077963	18.914144388175718	0.0
108.0	15.808823529411764	33.96584440227704	33.66935483870967	16.555977229601517	0.0
109.0	18.714217557251906	31.297709923664126	34.67318702290076	15.314885496183205	0.0
110.0	16.56265002400384	32.60921747479596	31.877100336053772	18.951032165146422	0.0
111.0	18.37178403188791	33.86882473728711	33.20449329629182	14.554897934533157	0.0
112.0	17.943107221006567	31.218088986141503	32.79844395818138	18.040359834670557	0.0
113.0	18.41717791411043	30.83435582822086	35.95092024539877	14.797546012269938	0.0
114.0	17.9182156133829	34.46096654275093	31.04089219330855	16.57992565055762	0.0
115.0	19.302412801600198	33.0541317664708	29.453681710213775	18.189773721715213	0.0
116.0	16.390977443609025	32.75689223057644	34.097744360902254	16.75438596491228	0.0
117.0	17.906859023032144	32.72589217919514	32.23234624145786	17.134902556314856	0.0
118.0	19.19025257012311	32.56758471887296	29.965731691839064	18.276431019164868	0.0
119.0	18.797953964194374	29.718670076726344	33.95140664961637	17.531969309462916	0.0
120.0	18.53910795087266	31.493212669683256	30.976082740788623	18.991596638655462	0.0
121.0	16.699231470626547	33.372411098085195	31.522730233163998	18.405627198124268	0.0
122.0	15.491663384534593	33.359590389917294	32.95260601286596	18.196140212682156	0.0
123.0	15.579949742097607	35.63020764449147	32.1253802407089	16.664462372702022	0.0
124.0	19.783451410239273	31.880764603662616	33.204117096644836	15.131666889453282	0.0
125.0	17.61455525606469	33.948787061994615	30.35040431266846	18.08625336927224	0.0
126.0	18.26465388276894	35.21011831905344	31.810145518835846	14.715082279341765	0.0
127.0	18.90185312285518	28.661633493479755	35.05833905284832	17.378174330816748	0.0
128.0	17.07451956311351	33.65132033734273	31.978432185815013	17.295727913728744	0.0
129.0	18.459383753501402	30.532212885154063	32.36694677871149	18.641456582633054	0.0
130.0	20.544659235219413	32.171581769437	26.075913644701565	21.20784535064202	0.0
131.0	16.166216023907783	32.16166216023908	34.52397893838054	17.148142877472605	0.0
132.0	17.65385726668593	33.371857844553595	32.40392950014447	16.570355388616008	0.0
133.0	18.94613924974456	33.52795212377755	31.83476864691286	15.691139979565028	0.0
134.0	17.613972764949672	32.34162226169331	32.726465364120784	17.317939609236234	0.0
135.0	16.594473487677373	32.770724421209856	33.99551904406273	16.63928304705004	0.0
136.0	18.806646525679756	32.99093655589124	30.725075528700906	17.477341389728096	0.0
137.0	19.11111111111111	30.681992337164747	32.47509578544061	17.731800766283527	0.0
138.0	18.605010825858336	30.71450665017012	32.431178472007424	18.249304051964117	0.0
139.0	17.715361682096344	30.362466656205868	31.72760081594226	20.19457084575553	0.0
140.0	19.000793021411578	32.5614591593973	32.878667724028546	15.55908009516257	0.0
141.0	19.692307692307693	32.59919028340081	31.983805668016196	15.724696356275302	0.0
142.0	18.335800032889328	27.939483637559615	33.2511100148002	20.473606314750864	0.0
143.0	17.37010257272574	32.08340339667059	33.411804271061044	17.134689759542628	0.0
144.0	19.66282470325133	29.330810252881474	34.56046791673835	16.445897127128852	0.0
145.0	17.236441739752998	32.02076248433865	31.680687309826382	19.062108466081977	0.0
146.0	16.172607879924954	30.43151969981238	34.27767354596623	19.118198874296436	0.0
147.0	20.69529652351738	26.809815950920246	33.90593047034765	18.588957055214724	0.0
148.0	21.825862473597745	22.43604787608543	36.82234217319878	18.915747477118046	0.0
149.0	25.048169556840076	8.766859344894026	46.78869621066153	19.396274887604367	0.0
150.0	29.488158899923604	0.0	43.9266615737204	26.585179526355994	0.0
