#Position (bp)	Coverage	Std
94.0	477.67379679144386	179.35603763267665
281.0	556.4438502673797	33.16697345767708
468.0	511.903743315508	39.79754916808433
655.0	449.4652406417112	70.5498268946587
842.0	550.2780748663101	37.676642787869234
1029.0	606.6470588235294	43.89858268210161
1216.0	603.1016042780749	310.7623195487781
1403.0	243.475935828877	18.092306398083704
1590.0	254.08021390374333	12.421518330987393
1777.0	249.40106951871658	18.50494947521382
1964.0	236.8288770053476	24.296629461893577
2151.0	265.9465240641711	25.473169275556874
2338.0	213.46524064171123	19.03683454565693
2525.0	201.58823529411765	50.852938856808805
2712.0	226.98930481283423	37.79235414849892
2899.0	244.40641711229947	16.746617505065487
3086.0	286.5133689839572	56.47232060622629
3273.0	524.7005347593583	60.262660373519
3460.0	391.7700534759358	71.05785847699681
3647.0	223.42780748663102	19.01926971050302
3834.0	237.951871657754	31.122837531992193
4021.0	263.58288770053474	23.46359109241103
4208.0	271.27807486631013	29.978601994424427
4395.0	264.16577540106954	29.082493769452835
4582.0	272.32085561497325	22.50204981750117
4769.0	283.88770053475935	35.826826503699685
4956.0	261.1016042780749	22.453636128722373
5143.0	282.1818181818182	19.940017002873105
5330.0	263.1764705882353	21.89046626659606
5517.0	260.73262032085563	23.85237574911568
5704.0	234.4331550802139	26.520197126246565
5891.0	210.41176470588235	18.862434727528424
6078.0	267.8181818181818	26.62263521671642
6265.0	256.7647058823529	22.848372553471755
6452.0	231.57754010695186	24.841314560443692
6639.0	230.9090909090909	22.489688665179088
6826.0	248.1283422459893	12.505399903160537
7013.0	223.63101604278074	18.289706640183073
7200.0	226.2192513368984	23.551173092028677
7387.0	253.42780748663102	26.359708355726042
7574.0	186.1657754010695	29.518144515110983
7761.0	231.58288770053477	23.14069961365967
7948.0	202.24598930481284	22.46423181927096
8135.0	93.93582887700535	50.93526351672991
8322.0	209.0855614973262	17.564853092785054
8509.0	233.20855614973263	17.839900002117837
8696.0	239.2941176470588	33.85649172737134
8883.0	250.2620320855615	15.589829400883868
9070.0	199.1711229946524	29.513162114011326
9257.0	249.7807486631016	24.25653889458226
9444.0	253.88770053475935	71.07791160913905
9631.0	325.42245989304814	79.23217760426907
9818.0	124.20320855614973	59.89616684011622
10005.0	33.780748663101605	15.137515814252286
10192.0	27.81283422459893	9.968935707706466
10379.0	62.18716577540107	27.849672854000758
10566.0	203.0	67.06665213708675
10753.0	259.9465240641711	79.45459134349316
10940.0	226.57219251336898	31.080970672871747
11127.0	212.42245989304814	23.719957074926597
11314.0	205.5614973262032	18.493097425969896
11501.0	211.01604278074868	14.45239280375436
11688.0	215.25133689839572	12.727711986308238
11875.0	212.63101604278074	22.784974878500584
12062.0	234.36898395721926	21.53432777514246
12249.0	230.03208556149733	14.52197302485996
12436.0	237.40106951871658	17.0113205465645
12623.0	228.41176470588235	18.88226964514251
12810.0	209.11764705882354	35.36985634644158
12997.0	168.27272727272728	53.54946736005369
13184.0	202.42245989304814	89.16879984787371
13371.0	88.79144385026738	36.97838651859647
13558.0	186.24598930481284	13.342465678214621
13745.0	225.9625668449198	30.485904518835476
13932.0	253.5614973262032	23.17810602552502
14119.0	264.36898395721926	19.650012586571307
14306.0	274.427807486631	18.70371292030937
14493.0	272.3155080213904	25.070702163120007
14680.0	289.37433155080214	24.761752462754707
14867.0	208.66310160427807	27.17934100636195
15054.0	224.98930481283423	31.530733670109896
15241.0	237.19251336898395	17.799837768893664
15428.0	237.25133689839572	20.853833051532153
15615.0	220.6898395721925	20.429741348113136
15802.0	230.8235294117647	23.38288601282509
15989.0	210.99465240641712	22.89361585811261
16176.0	195.72727272727272	19.225095008214353
16363.0	203.57219251336898	18.98085159503461
16550.0	200.8288770053476	24.410373003303846
16737.0	210.6149732620321	23.172337371342948
16924.0	159.55614973262033	42.019412371459715
17111.0	179.09625668449198	15.16081354610231
17298.0	205.15508021390374	16.076188922359062
17485.0	194.35828877005346	17.525077524678434
17672.0	253.7807486631016	26.272736524617653
17859.0	215.24064171122996	26.739683902154937
18046.0	226.32085561497325	24.3532382631908
18233.0	187.66844919786095	34.93668834496724
18420.0	177.0	14.65321048576414
18607.0	209.6577540106952	22.15851980616034
18794.0	221.01604278074868	10.167053848446855
18981.0	224.7058823529412	20.26165736948219
19168.0	225.67379679144386	21.31430189428313
19355.0	233.9144385026738	22.580929912692355
19542.0	237.85026737967914	23.41385393628588
19729.0	227.32620320855614	17.071570011975894
19916.0	197.9625668449198	24.809865210530795
20103.0	219.25133689839572	13.435924388411863
20290.0	223.35294117647058	15.780072724394016
20477.0	223.64705882352942	22.959042816694804
20664.0	235.07486631016042	11.905600174204643
20851.0	219.3903743315508	20.496641175208186
21038.0	213.8716577540107	22.57453489373473
21225.0	226.2192513368984	17.503093691403645
21412.0	236.47058823529412	18.224388665905618
21599.0	214.71657754010695	24.1379723926834
21786.0	213.75401069518716	35.95935019310224
21973.0	231.1657754010695	21.34401192184318
22160.0	238.76470588235293	27.916510362187832
22347.0	257.41711229946526	21.354657346216722
22534.0	290.75401069518716	23.987184635508495
22721.0	250.1283422459893	18.27595948745685
22908.0	274.2032085561497	23.17129886107139
23095.0	317.1016042780749	24.796174450500942
23282.0	255.72192513368984	30.648952490583536
23469.0	297.3475935828877	28.76727567449909
23656.0	205.10695187165774	84.4365407377914
23843.0	71.60427807486631	18.38753937529638
24030.0	34.663101604278076	9.694256527742004
24217.0	38.86631016042781	12.394582221648214
24404.0	137.75401069518716	48.274227798264334
24591.0	270.2513368983957	89.15896396669814
24778.0	202.9090909090909	54.5585100240355
24965.0	56.5668449197861	32.36357627825942
25152.0	21.27807486631016	5.022942018783831
25339.0	47.39572192513369	12.704372063140967
25526.0	149.42245989304814	56.724825979045015
25713.0	368.85561497326205	104.05096961621679
25900.0	223.14973262032086	16.982217815265813
26087.0	252.19251336898395	17.180700526702566
26274.0	249.85561497326202	25.405797477240192
26461.0	196.05882352941177	16.17980519835405
26648.0	234.87700534759358	33.093612159681236
26835.0	272.1283422459893	18.748547180791665
27022.0	226.33155080213905	17.59922215101729
27209.0	236.06417112299465	21.10731429096422
27396.0	280.63101604278074	38.00309584912327
27583.0	300.7807486631016	30.990252046815165
27770.0	258.96791443850265	33.598844517946965
27957.0	295.24598930481284	27.780845938695258
28144.0	304.13903743315507	21.248969776851357
28331.0	267.9572192513369	27.821720441810232
28518.0	300.6951871657754	24.779023386727733
28705.0	284.379679144385	20.167082831845622
28892.0	257.2032085561497	18.53252668835375
29079.0	216.42780748663102	19.33410165047791
29266.0	242.6042780748663	26.444473154665143
29453.0	278.86096256684493	27.157000456545003
29640.0	261.9572192513369	25.604875037157555
29827.0	237.07486631016042	12.254869162166367
30014.0	256.5187165775401	23.8806076652143
30201.0	253.8288770053476	26.73548384182872
30388.0	244.23529411764707	26.949149977169565
30575.0	230.85561497326202	22.02526502599321
30762.0	212.12299465240642	20.25677413597039
30949.0	215.28877005347593	15.828289843135043
31136.0	235.76470588235293	21.176240343371063
31323.0	229.3903743315508	21.278771023174357
31510.0	261.1550802139037	15.20782939364807
31697.0	263.0	15.217496262965513
31884.0	263.10695187165777	18.263666042889586
32071.0	245.22994652406416	21.919273378799403
32258.0	275.8983957219251	27.606478353075484
32445.0	293.14438502673795	21.890710553934774
32632.0	279.9465240641711	35.58953460305466
32819.0	273.06417112299465	17.54017542702169
33006.0	270.048128342246	22.58684961213198
33193.0	256.5401069518717	27.93106487455748
33380.0	258.8770053475936	30.335027670060278
33567.0	205.2620320855615	28.155982637598907
33754.0	268.3475935828877	22.7529160145635
33941.0	254.7379679144385	23.888779725876436
34128.0	246.5668449197861	23.071384224911117
34315.0	264.01069518716577	20.57411280340086
34502.0	256.2513368983957	15.56339459555317
34689.0	244.2192513368984	15.473454930513437
34876.0	225.00534759358288	16.284075748861287
35063.0	229.51871657754012	27.113250307663026
35250.0	220.67379679144386	28.37431240185523
35437.0	272.2085561497326	17.380454939492825
35624.0	282.9572192513369	26.86219537020299
35811.0	268.42245989304814	27.75359493985534
35998.0	278.3903743315508	26.54317439478312
36185.0	251.2941176470588	17.621844732169965
36372.0	253.7379679144385	21.890832696581683
36559.0	232.06951871657753	19.360774059745435
36746.0	263.524064171123	26.520802046251838
36933.0	265.7647058823529	23.59427556786168
37120.0	250.03208556149733	15.59754539855204
37307.0	264.7700534759358	23.709471470978706
37494.0	273.83957219251334	25.630342145642025
37681.0	264.88235294117646	29.156501921150767
37868.0	267.41711229946526	36.54782230869606
38055.0	291.42245989304814	35.42446962381153
38242.0	271.63101604278074	28.041985328725847
38429.0	269.5347593582888	24.1039415863879
38616.0	249.62032085561498	26.78334545165876
38803.0	219.11764705882354	40.84979660112084
38990.0	241.07486631016042	27.204317052816492
39177.0	272.2299465240642	24.006126668978965
39364.0	312.8449197860963	37.83273064452778
39551.0	253.0909090909091	30.571298272642405
39738.0	272.7700534759358	32.50668380469791
39925.0	236.98930481283423	27.48601978138082
40112.0	280.8663101604278	27.093223889907794
40299.0	263.06417112299465	13.832844739347367
40486.0	261.6631016042781	24.80145760767378
40673.0	269.475935828877	23.749021933139527
40860.0	266.40106951871655	21.833962653025075
41047.0	253.19786096256684	16.571510892553896
41234.0	272.45454545454544	30.49774253064052
41421.0	251.86631016042782	28.768669827372282
41608.0	266.5561497326203	32.83551618285682
41795.0	296.85561497326205	30.43007237606951
41982.0	274.16042780748666	20.843444961449116
42169.0	301.96256684491976	30.135345317967623
42356.0	283.41711229946526	29.168512801262843
42543.0	287.5187165775401	29.837079898984634
42730.0	291.1711229946524	16.234577214273187
42917.0	264.8983957219251	33.757708567089395
43104.0	275.85026737967917	33.87180929977979
43291.0	271.3529411764706	25.64358755883617
43478.0	303.6417112299465	23.961644931170337
43665.0	286.41711229946526	22.194087953933927
43852.0	269.6844919786096	27.36678966321383
44039.0	280.6524064171123	24.830764082480098
44226.0	244.94117647058823	37.12163847112287
44413.0	193.54010695187165	18.804510779822134
44600.0	222.63101604278074	23.1202390676536
44787.0	238.70053475935828	22.716928127046856
44974.0	221.23529411764707	24.145060720968388
45161.0	229.35828877005346	19.93237229334836
45348.0	239.64705882352942	23.163104536411055
45535.0	253.63101604278074	25.949354210793338
45722.0	273.49732620320856	23.62983249955907
45909.0	268.75935828877004	25.267763910724863
46096.0	254.1711229946524	28.215272535952504
46283.0	250.86096256684493	30.78570054893621
46470.0	229.22994652406416	20.233529645742276
46657.0	207.12299465240642	16.858168968264785
46844.0	225.5614973262032	22.606491898032896
47031.0	226.85561497326202	26.456300362616876
47218.0	268.10695187165777	12.498983915922096
47405.0	245.01604278074868	17.3407189804621
47592.0	284.93582887700535	40.987346423559984
47779.0	260.41711229946526	37.74286772585157
47966.0	255.0374331550802	19.272462413677985
48153.0	280.7754010695187	30.26487348139614
48340.0	281.0534759358289	23.412826138838536
48527.0	313.01069518716577	26.848555264410226
48714.0	275.03743315508024	18.759525209777017
48901.0	275.96791443850265	29.51397747356589
49088.0	237.3475935828877	16.81401885173567
49275.0	231.0855614973262	19.571615373858354
49462.0	204.1711229946524	18.618316551985735
49649.0	233.16042780748663	22.25039806169185
49836.0	246.3475935828877	16.552137687685132
50023.0	215.64171122994654	22.42253450161099
50210.0	220.11764705882354	18.440828916374617
50397.0	218.07486631016042	22.855509872912563
50584.0	195.6577540106952	20.869469551435465
50771.0	222.7433155080214	25.010479087197044
50958.0	100.11229946524064	46.90216236192739
51145.0	41.48663101604278	9.103974568350715
51332.0	31.871657754010695	7.83451843729945
51519.0	75.40106951871658	34.88966566267833
51706.0	212.02673796791444	39.93932564053034
51893.0	260.572192513369	41.298897448736845
52080.0	248.22459893048128	17.059349060686202
52267.0	237.3475935828877	19.177331761116694
52454.0	238.0	21.890588410606185
52641.0	267.81283422459893	30.26884881451806
52828.0	247.52941176470588	22.919179087687183
53015.0	216.6042780748663	29.167504444295908
53202.0	223.71657754010695	22.216243996819205
53389.0	244.89304812834226	28.116164684706597
53576.0	246.80213903743316	27.613644616094355
53763.0	222.99465240641712	27.641710712671134
53950.0	233.44919786096256	18.042137250823206
54137.0	216.7379679144385	21.22278061688201
54324.0	245.63101604278074	22.255684847278705
54511.0	223.22459893048128	19.16659304023681
54698.0	214.01604278074868	11.17842651053076
54885.0	255.27807486631016	17.149858514250933
55072.0	224.0427807486631	24.340718728815173
55259.0	207.20320855614975	15.593773610036367
55446.0	213.11229946524065	11.096321113143274
55633.0	218.91978609625667	21.569933520657035
55820.0	240.14973262032086	17.448779127724947
56007.0	264.0267379679144	16.511703838077025
56194.0	283.54545454545456	21.75630709462704
56381.0	269.70588235294116	21.978355906260173
56568.0	276.85026737967917	39.42372314386434
56755.0	279.06951871657753	19.529903028419252
56942.0	281.55080213903744	19.978196671521594
57129.0	266.19786096256684	24.358178413316885
57316.0	295.90909090909093	30.20163964809118
57503.0	246.3850267379679	19.92338265633091
57690.0	276.02139037433153	15.665965016335413
57877.0	285.2834224598931	26.188232651551004
58064.0	319.2139037433155	31.204003582428243
58251.0	304.7165775401069	24.7725482012857
58438.0	300.6417112299465	24.425155788533093
58625.0	294.96256684491976	34.2054190909448
58812.0	334.951871657754	30.579081312291585
58999.0	338.7647058823529	29.475721904953854
59186.0	345.9197860962567	35.11722157769452
59373.0	401.26737967914437	104.44981908018008
59560.0	575.8609625668449	89.6031953689201
59747.0	440.475935828877	29.013642374756447
59934.0	385.63101604278074	34.47683869523313
60121.0	413.0748663101604	22.841467122776177
60308.0	325.4438502673797	23.994540377228233
60495.0	317.4064171122995	28.086192775079596
60682.0	282.6149732620321	26.00730049706023
60869.0	309.11229946524065	42.02081226132602
61056.0	334.7754010695187	39.45897483700218
61243.0	333.45454545454544	30.93144048852547
61430.0	312.5080213903743	23.437823081552033
61617.0	279.03208556149735	13.424377219942928
61804.0	272.06951871657753	13.630533513045739
61991.0	262.5668449197861	20.028055188969567
62178.0	264.93582887700535	27.968947639937475
62365.0	253.79144385026737	29.677590169836417
62552.0	241.49732620320856	19.689433633079574
62739.0	237.02139037433156	9.262078398323169
62926.0	256.72727272727275	27.435875650820392
63113.0	362.70588235294116	111.17722038057431
63300.0	557.4812834224599	34.2705498677115
63487.0	348.524064171123	66.56129819281098
63674.0	435.50267379679144	120.48649157646855
63861.0	533.0534759358288	57.58954896274681
64048.0	441.6844919786096	94.34621643791412
64235.0	459.5133689839572	83.36383755420991
64422.0	586.0267379679144	35.49489682383617
64609.0	503.54545454545456	49.94917202613332
64796.0	476.6898395721925	95.53057578121735
64983.0	431.54545454545456	135.28697958384532
65170.0	254.44919786096256	22.225629566463688
65357.0	264.4331550802139	20.153820247988666
65544.0	256.2352941176471	23.659573137939763
65731.0	219.3048128342246	25.92079668017093
65918.0	202.22994652406416	19.144119885834584
66105.0	223.64171122994654	24.065196650756352
66292.0	198.76470588235293	20.398830835742515
66479.0	215.66310160427807	18.695991734911264
66666.0	224.28877005347593	23.338476642202014
66853.0	235.13903743315507	13.737025964630924
67040.0	240.28877005347593	19.17510083359691
67227.0	229.2673796791444	17.904977947322887
67414.0	253.41176470588235	19.905256876938335
67601.0	259.1283422459893	30.162660629604236
67788.0	271.9732620320856	32.018043041602496
67975.0	279.1550802139037	22.532211049059327
68162.0	276.572192513369	23.388717056766904
68349.0	262.29411764705884	20.751908616557497
68536.0	223.70053475935828	22.765838935999962
68723.0	234.62566844919786	26.114413009771493
68910.0	254.46524064171123	22.88917732253988
69097.0	242.36898395721926	17.629126361129888
69284.0	238.57219251336898	26.69464886592196
69471.0	239.6577540106952	20.95743075243994
69658.0	253.475935828877	25.282891427415482
69845.0	163.9625668449198	73.94089994375223
70032.0	213.89304812834226	30.99240893774968
70219.0	239.25133689839572	30.41583460390991
70406.0	253.05347593582889	20.37430488299514
70593.0	228.524064171123	23.37213478679212
70780.0	229.7379679144385	24.100724466000962
70967.0	196.1657754010695	21.544755059833886
71154.0	258.85026737967917	26.51374378743357
71341.0	232.72192513368984	29.716575615473634
71528.0	248.42780748663102	22.97196617502565
71715.0	237.13903743315507	27.790853725679977
71902.0	294.71122994652404	23.83353589283564
72089.0	514.9090909090909	99.13529889313409
72276.0	599.3529411764706	56.13924628334451
72463.0	627.5882352941177	48.632420250952194
72650.0	610.7647058823529	39.909992315597286
72837.0	578.187165775401	37.78655222975163
73024.0	492.3850267379679	99.03621117043328
73211.0	343.3475935828877	76.36973810610927
73398.0	141.2620320855615	38.67408036370883
73585.0	131.524064171123	30.295161188609786
73772.0	124.37967914438502	40.55728107415908
73959.0	145.0855614973262	13.546118492144057
74146.0	113.03208556149733	21.886679464183583
74333.0	200.11229946524065	27.28665419809115
74520.0	84.17647058823529	45.63227819027038
74624.0	16.285714285714285	6.845227743263393
