# Position (bp)	A	C	G	T	N
0.0	13.634119244537713	25.96593013208246	53.11535612887298	7.261449203801999	0.023145290704851253
1.0	14.098391003193312	32.78465976582386	24.291532326489055	28.760625086774755	0.06479181771901948
2.0	16.455462029414488	34.42558505226159	25.271328585083097	23.847624333240837	0.0
3.0	11.675275389316973	42.419577082066404	16.40866158097716	29.48955791450807	0.006928033131393997
4.0	31.698089994771323	18.453387875618983	18.474148802017652	31.37283548119214	0.0015378463999015778
5.0	29.32240747709487	16.544685164847824	41.57329257896799	12.559614779089323	0.0
6.0	23.572530568071045	25.179800894974786	35.122771198084166	16.12489733887	0.0
7.0	27.872198393272306	25.199690010512022	32.45988935523721	14.468222240978463	0.0
8.0	9.67932444144469	49.8124726762335	25.528259485661252	14.979943396660556	0.0
9.0	22.17128312851218	32.99933302156563	17.783025015524498	27.046358834397687	0.0
10.0	16.000153221481654	19.165709032406344	47.36688883781506	17.464950586072167	0.002298322224775914
11.0	18.63236082395283	32.412895321234394	25.379431809480053	23.57378053449728	0.0015315108354391606
12.0	13.336957021022492	29.145932538163557	37.07798073831361	20.43836413467869	7.655678216533202E-4
13.0	13.71160925434132	42.30807497149155	24.8547790881887	19.125536685978435	0.0
14.0	21.181177046521945	30.284394266219962	33.19564918077929	15.338779506478803	0.0
15.0	22.61114848336595	29.251009050880626	30.028436888454014	18.109405577299412	0.0
16.0	21.271360009782043	29.085531745789133	29.165010851954882	20.477333170299268	7.642221746706203E-4
17.0	20.954708622928283	29.117849232414265	30.294814022760253	19.6326281218972	0.0
18.0	20.39224068829156	29.850142376193784	30.726538464474658	19.031078471039994	0.0
19.0	20.090362365295967	30.639252678816742	30.81631407027506	18.4533076899594	7.631956528375614E-4
20.0	19.879260604765467	31.010639109795	29.940622471875812	19.16947781356372	0.0
21.0	19.367049001427077	31.205689995955343	30.03273884475377	19.394522157863808	0.0
22.0	19.154488916021215	30.45747643939105	30.62306841161433	19.764966232973403	0.0
23.0	19.129605614463348	30.43710427950263	30.621710275383325	19.811579830650697	0.0
24.0	19.48588863463005	30.815408085430967	29.895499618611748	19.80320366132723	0.0
25.0	19.450970222113742	30.611575543080306	29.4277825237979	20.508146204539905	0.001525506468147425
26.0	20.027151322864313	30.07390346026831	29.18996011196107	20.708222427297756	7.626776085480906E-4
27.0	20.19740505411858	29.947139991304418	30.170631802961072	19.684060380927683	7.627706882479921E-4
28.0	19.848056078901	30.158427471949107	29.977650818834334	20.015865630315556	0.0
29.0	20.084821394518645	30.21991014424214	30.65469606938268	19.040572391856536	0.0
30.0	19.482570515216942	30.75737577343577	30.561298838034347	19.198754873312936	0.0
31.0	19.6491656429547	31.697174554971426	29.48900876704385	19.164651035030026	0.0
32.0	19.85886481537992	30.88342996643271	30.231156545620998	19.02654867256637	0.0
33.0	19.507450046920418	30.8873681078483	29.977188284391143	19.608157286397656	0.01983627444248625
34.0	19.70753364049675	30.14829280200165	30.059805327556223	20.07292588411192	0.01144234583346047
35.0	19.5632275091916	30.22471738699294	30.044699385192757	20.16659293047949	7.627881432211018E-4
36.0	20.05187473776557	30.034710302475492	30.350535911812948	19.56211618415532	7.628637906701758E-4
37.0	20.4437255859375	29.6356201171875	30.194091796875	19.725799560546875	7.62939453125E-4
38.0	20.60845612080609	30.431962641068882	29.48272836180782	19.476852876317217	0.0
39.0	20.06731334284777	29.909409367391955	30.926741408390505	19.09577269154157	7.631898282059697E-4
40.0	20.17724649629019	30.240298006167748	30.00671735214192	19.57573814540014	0.0
41.0	19.653055614940598	29.941514216779158	30.767644992822895	19.63778517545735	0.0
42.0	19.663303263850167	30.44401500164224	30.584559918728377	19.308121815779224	0.0
43.0	20.161999006609864	30.47720933786727	29.975929392885796	19.384098116379477	7.641462575937035E-4
44.0	19.190436882815128	30.604726527866948	30.117857470420983	20.086979118896938	0.0
45.0	19.480777610445603	30.36671227954836	30.32696027092523	19.82554983908081	0.0
46.0	19.916206669826757	30.19235768131011	30.197709445098546	19.693726203764584	0.0
47.0	19.60348044163073	30.342997828546963	30.019573661192155	20.03394806863015	0.0
48.0	19.571152184386207	30.36728888345097	30.694583578676905	19.36697535348592	0.0
49.0	19.98363313754283	30.267223445912872	29.677557513460595	20.06929148311307	0.0022944199706314244
50.0	20.217688948040724	30.107773621851504	30.224037571613238	19.450499858494535	0.0
51.0	19.80673741230117	29.899849276604208	30.742982180975186	19.55043113011943	0.0
52.0	19.9461164008205	30.96010776719836	29.509689863147905	19.583320576799437	7.653920337997121E-4
53.0	20.277926651864327	30.107954980476226	30.326927494066304	19.286425235433736	7.656381594058647E-4
54.0	19.410804972769263	30.683794072814457	31.026188998935282	18.87844597130623	7.659841747669493E-4
55.0	19.94974450905135	30.212283483869978	30.397677215723228	19.44029479135544	0.0
56.0	19.6325270279589	30.30196225663344	30.169408411422616	19.896102303985046	0.0
57.0	19.693602280739402	30.602219429202048	30.005211366910885	19.698966923147665	0.0
58.0	19.768627481044778	30.265488082552	29.596976364430883	20.36890807197234	0.0
59.0	20.04125893432314	30.160434369152426	29.752446394061167	20.045860302463268	0.0
60.0	19.623666224312114	30.563119903653647	30.16653498308569	19.64667888894855	0.0
61.0	20.1718714033607	30.19258804573007	29.921737128826827	19.713803422082407	0.0
62.0	20.500717613379077	30.304007122408727	29.690006370257805	19.504501393014205	7.675009401886518E-4
63.0	20.470917105687562	30.299353372141248	29.908458383891134	19.321271138280064	0.0
64.0	19.76533325137158	30.369903643712252	30.470562923575788	19.39420018134038	0.0
65.0	19.971250009608955	31.02846556535242	29.324990198866914	19.675294226171715	0.0
66.0	19.837729754671997	29.544720449127126	31.04206721525802	19.574713527647468	7.690532953933707E-4
67.0	20.435675867004207	29.563169922821814	29.960218222670225	20.03708862025716	0.003847367246593156
68.0	19.183607491167166	30.212526844888504	29.803022022430397	20.800843641513936	0.0
69.0	19.62577962577963	30.617540617540616	30.09163009163009	19.66350966350966	0.00154000154000154
70.0	20.2583517558522	29.859115873150365	29.540990425425385	20.340771666037604	7.702795344430495E-4
71.0	19.703613510785047	29.899894422909455	30.28906545008978	20.105885344820944	0.0015412713947735486
72.0	19.96391923459436	29.851436677485754	29.952431982360515	20.232212105559366	0.0
73.0	19.95850014270397	29.302910389620408	30.98527449301522	19.7533149746604	0.0
74.0	19.930536796202677	30.506695481032686	30.587735885462898	18.97503183730174	0.0
75.0	20.3051407569838	30.41601680127245	30.252327933659686	19.02651450808407	0.0
76.0	20.38019759151546	30.50772831552847	29.537536980820185	19.573764666805708	7.724453301817564E-4
77.0	19.95394767343028	30.304130800970498	29.934012270317883	19.80713656523822	7.726900431161045E-4
78.0	19.40804984192504	30.464794502546976	30.615526130680458	19.511629524847528	0.0
79.0	19.95361422497101	28.790877464244296	31.150367220718977	20.10436799381523	7.730962504831852E-4
80.0	19.832294196822254	30.377338057149927	29.603787304485046	20.18658044154277	0.0
81.0	19.771877829279806	30.675777108853275	29.414450316879336	20.13789474498758	0.0
82.0	19.508436645784773	30.975925165906503	29.230519053113312	20.28511913519541	0.0
83.0	20.012399256044638	30.013174209547426	30.386701797892123	19.58772473651581	0.0
84.0	19.735087011818717	29.40565189068462	31.127276111300677	19.731984986195986	0.0
85.0	20.0225041710317	30.48228766538626	29.565048694370077	19.930159469211965	0.0
86.0	19.94844400273309	30.643984098391204	29.893937511646683	19.512081495745075	0.001552891483943102
87.0	19.409685813041282	31.437337372325143	29.90640413219931	19.24657268243427	0.0
88.0	19.412473285408975	30.415387604429768	30.552943462210997	19.619195647950264	0.0
89.0	19.56606237756149	29.812805124537455	30.6119593270935	20.00839578345098	7.773873565720327E-4
90.0	19.367985502399414	30.3804064616988	30.08174344535789	20.16986459054389	0.0
91.0	19.52329816042581	29.741339060603234	30.26115105674355	20.473433560556543	7.781616708687397E-4
92.0	19.437415818690003	31.420163029515034	29.53683735197714	19.60558379981782	0.0
93.0	19.710212666510866	30.74628028355535	30.095037781413104	19.444574277479163	0.0038949910415206042
94.0	20.0770154186739	29.723430460065792	30.352493647007467	19.846280965966667	7.79508286173082E-4
95.0	19.91855648388682	30.081833571266976	30.059990482654246	19.938839351884358	7.801103075974942E-4
96.0	19.180692779318157	30.818916702464172	30.622095520756044	19.37829499746163	0.0
97.0	19.847805365876525	29.6154507242527	30.893635639170586	19.641545697454568	0.0015625732456208885
98.0	19.953714200827203	30.635413327495485	30.224157747007453	19.186714724669862	0.0
99.0	20.16097492295418	30.327894498067987	30.082286500946452	19.428061886957746	7.821910736354677E-4
100.0	19.87275800544652	30.428522239959932	29.948038939493536	19.74755063073215	0.003130184367859267
101.0	19.925453776643227	30.367406386544094	29.810658857062318	19.89491488262102	0.0015660971293439618
102.0	19.816827145308253	30.193749559303974	30.3214534742516	19.66718636153527	7.834596009056793E-4
103.0	20.036062874838308	29.876523852455804	29.765199325781033	20.321429971384894	7.839755399631531E-4
104.0	19.596905793008222	30.77261030565493	29.696227954559717	19.934255946777128	0.0
105.0	19.989165763813652	30.62712955548228	29.98492628008856	19.39877840061551	0.0
106.0	20.362047833055723	30.16043873157547	29.83673276972878	19.640780665640026	0.0
107.0	19.91852655751113	29.734660815678133	30.426713222919517	19.92009940389122	0.0
108.0	19.271657105985852	30.74919540772566	30.612277015808566	19.36687047047992	0.0
109.0	20.213360626697636	30.030311380545605	30.620792819745702	19.13553517301106	0.0
110.0	19.527606201941257	30.72135383839657	29.879144081684107	19.871895877978066	0.0
111.0	19.230769230769234	31.053021583868066	30.239487915241142	19.47672127012156	0.0
112.0	19.49109093633904	29.446052641957394	30.690718640805798	20.370560257451825	0.0015775234459422154
113.0	19.826340924339895	29.863835497493785	30.68792674744445	19.62189683072187	0.0
114.0	19.658808198080795	30.54219484263318	30.2823520120049	19.51664494728113	0.0
115.0	20.1307789014256	30.335328489084628	29.710689238019185	19.82320337147059	0.0
116.0	19.763558959912643	30.531596689192398	29.857407378099925	19.84427176476174	0.0031652080332979886
117.0	19.56771398474564	30.32179884206274	30.103200563920197	20.005702563777632	0.0015840454937865816
118.0	20.342663327733224	29.88081275557105	29.881605223951563	19.89491869274416	0.0
119.0	19.6375892149088	30.465503568596354	30.347343378271212	19.549563838223634	0.0
120.0	20.202180502436004	30.040626537381176	30.344532080681763	19.412660879501058	0.0
121.0	19.631711849063795	30.32858481426779	30.619213238680576	19.420490097987837	0.0
122.0	19.42024608145487	30.965249737703875	29.819095157854576	19.794614186246147	7.948367405334945E-4
123.0	19.957999904545236	29.921886186104967	30.11995481807913	20.00015909127066	0.0
124.0	20.009234786485365	29.84348629111868	30.481164219978986	19.666114702416966	0.0
125.0	19.500748956241836	29.99888453325684	30.872135640755964	19.62743410778596	7.967619593970106E-4
126.0	19.17481535835633	29.706966134409544	30.85629057729426	20.261927929939862	0.0
127.0	20.126002108020057	29.65600945415056	30.307579290299913	19.909610655083203	7.984924462614584E-4
128.0	19.917032347792723	30.287988873702133	29.97306348863791	19.82191528986724	0.0
129.0	19.949111043543663	30.009281633567507	30.185312615020244	19.8554945670438	8.001408247851621E-4
130.0	19.945055385132918	30.38933786132492	29.823071932592732	19.842534820949435	0.0
131.0	19.65665993136406	30.179768433881783	30.554219185990572	19.60614516180763	0.0032072869559639505
132.0	19.505891418114103	30.418659903040425	31.146659389347285	18.928789289498184	0.0
133.0	19.82254940568517	30.847310514429914	29.283366417796497	20.04677366208842	0.0
134.0	19.618241367378307	30.59058317976615	29.912205171123468	19.878970281732077	0.0
135.0	19.76779786651197	30.17660897869735	30.237842018756645	19.816945438138518	8.05697895517097E-4
136.0	19.978219658774655	30.51264469810027	29.65998467309321	19.849150970031864	0.0
137.0	19.736629503958635	29.983034415899173	30.252867991598	20.027468088544193	0.0
138.0	20.396178951881	30.488307948653652	30.035347121676605	19.079357119169142	8.088586196018799E-4
139.0	19.733996452206032	29.58762970102951	30.667357865491628	20.01101598127283	0.0
140.0	19.631429104447346	31.126558355706603	29.791462197960854	19.450550341885194	0.0
141.0	19.473620080419156	30.782665204500226	30.05889281507656	19.684821900004064	0.0
142.0	19.908548740104308	30.505178712359754	29.87706151805837	19.709211029477572	0.0
143.0	19.96771905798342	30.24300375795815	29.989484238585508	19.799792945472923	0.0
144.0	19.793735239075893	29.314275907720216	31.24126602760548	19.650722825598404	0.0
145.0	19.326744701459457	30.123290594782727	30.590350171556153	19.959614532201662	0.0
146.0	19.714802702568104	30.389780706851045	30.802304155115458	19.093112435465397	0.0
147.0	19.949331240616896	31.014569400846188	29.53715709021428	19.49808925890542	8.530094172239663E-4
148.0	21.727482678983833	30.76027713625866	29.18891454965358	18.32240184757506	9.237875288683603E-4
149.0	24.73726758286176	33.845709666243216	25.432497978981406	15.984524771913616	0.0
150.0	49.14042730806355	0.0	33.66811885320742	17.191453838729032	0.0
