#Insert size (bp)	insert size
4.0	2.0
12.0	2.0
17.0	1.0
19.0	486.0
20.0	129.0
21.0	157.0
22.0	94.0
23.0	6.0
24.0	10.0
25.0	5.0
26.0	17.0
27.0	74.0
28.0	100.0
29.0	160.0
30.0	106.0
31.0	114.0
32.0	171.0
33.0	300.0
34.0	312.0
35.0	330.0
36.0	258.0
37.0	152.0
38.0	129.0
39.0	191.0
40.0	268.0
41.0	322.0
42.0	395.0
43.0	417.0
44.0	533.0
45.0	410.0
46.0	286.0
47.0	212.0
48.0	202.0
49.0	265.0
50.0	334.0
51.0	429.0
52.0	415.0
53.0	453.0
54.0	456.0
55.0	468.0
56.0	383.0
57.0	290.0
58.0	219.0
59.0	251.0
60.0	346.0
61.0	415.0
62.0	559.0
63.0	556.0
64.0	575.0
65.0	504.0
66.0	507.0
67.0	347.0
68.0	302.0
69.0	293.0
70.0	362.0
71.0	415.0
72.0	621.0
73.0	633.0
74.0	694.0
75.0	612.0
76.0	527.0
77.0	457.0
78.0	366.0
79.0	354.0
80.0	440.0
81.0	531.0
82.0	624.0
83.0	684.0
84.0	710.0
85.0	720.0
86.0	648.0
87.0	602.0
88.0	504.0
89.0	427.0
90.0	465.0
91.0	535.0
92.0	676.0
93.0	816.0
94.0	842.0
95.0	805.0
96.0	800.0
97.0	701.0
98.0	625.0
99.0	522.0
100.0	513.0
101.0	541.0
102.0	711.0
103.0	822.0
104.0	955.0
105.0	966.0
106.0	950.0
107.0	884.0
108.0	706.0
109.0	712.0
110.0	610.0
111.0	642.0
112.0	769.0
113.0	871.0
114.0	1016.0
115.0	1036.0
116.0	1100.0
117.0	1049.0
118.0	932.0
119.0	737.0
120.0	727.0
121.0	694.0
122.0	785.0
123.0	965.0
124.0	1078.0
125.0	1238.0
126.0	1253.0
127.0	1205.0
128.0	1112.0
129.0	978.0
130.0	912.0
131.0	855.0
132.0	913.0
133.0	1037.0
134.0	1169.0
135.0	1270.0
136.0	1416.0
137.0	1423.0
138.0	1278.0
139.0	1122.0
140.0	1144.0
141.0	951.0
142.0	1005.0
143.0	1165.0
144.0	1260.0
145.0	1422.0
146.0	1509.0
147.0	1649.0
148.0	1503.0
149.0	1499.0
150.0	1274.0
151.0	1256.0
152.0	1213.0
153.0	1310.0
154.0	1423.0
155.0	1603.0
156.0	1768.0
157.0	1822.0
158.0	1802.0
159.0	1699.0
160.0	1583.0
161.0	1433.0
162.0	1379.0
163.0	1437.0
164.0	1522.0
165.0	1732.0
166.0	1926.0
167.0	2048.0
168.0	2115.0
169.0	1924.0
170.0	1817.0
171.0	1754.0
172.0	1638.0
173.0	1777.0
174.0	1749.0
175.0	1941.0
176.0	2204.0
177.0	2353.0
178.0	2372.0
179.0	2309.0
180.0	2262.0
181.0	1994.0
182.0	1941.0
183.0	1907.0
184.0	2019.0
185.0	2107.0
186.0	2243.0
187.0	2474.0
188.0	2537.0
189.0	2665.0
190.0	2601.0
191.0	2420.0
192.0	2321.0
193.0	2300.0
194.0	2299.0
195.0	2517.0
196.0	2615.0
197.0	2910.0
198.0	2985.0
199.0	3056.0
200.0	3057.0
201.0	2893.0
202.0	2671.0
203.0	2627.0
204.0	2559.0
205.0	2807.0
206.0	2888.0
207.0	3051.0
208.0	3251.0
209.0	3468.0
210.0	3315.0
211.0	3375.0
212.0	3184.0
213.0	3104.0
214.0	2944.0
215.0	3169.0
216.0	3239.0
217.0	3436.0
218.0	3489.0
219.0	3764.0
220.0	3718.0
221.0	3725.0
222.0	3724.0
223.0	3546.0
224.0	3395.0
225.0	3519.0
226.0	3618.0
227.0	3841.0
228.0	3980.0
229.0	4210.0
230.0	4213.0
231.0	4324.0
232.0	4200.0
233.0	4006.0
234.0	4021.0
235.0	3836.0
236.0	3978.0
237.0	4336.0
238.0	4303.0
239.0	4613.0
240.0	4609.0
241.0	4826.0
242.0	4582.0
243.0	4613.0
244.0	4402.0
245.0	4314.0
246.0	4362.0
247.0	4486.0
248.0	4651.0
249.0	5091.0
250.0	5138.0
251.0	5158.0
252.0	5157.0
253.0	4994.0
254.0	4963.0
255.0	4943.0
256.0	4705.0
257.0	4849.0
258.0	5118.0
259.0	5160.0
260.0	5576.0
261.0	5569.0
262.0	5485.0
263.0	5374.0
264.0	5475.0
265.0	5263.0
266.0	5205.0
267.0	5328.0
268.0	5444.0
269.0	5687.0
270.0	5737.0
271.0	5928.0
272.0	6107.0
273.0	5787.0
274.0	5775.0
275.0	5653.0
276.0	5461.0
277.0	5649.0
278.0	5740.0
279.0	5935.0
280.0	6110.0
281.0	6281.0
282.0	6349.0
283.0	6342.0
284.0	6248.0
285.0	6082.0
286.0	6143.0
287.0	5843.0
288.0	6188.0
289.0	6149.0
290.0	6241.0
291.0	6476.0
292.0	6610.0
293.0	6675.0
294.0	6557.0
295.0	6437.0
296.0	6434.0
297.0	6154.0
298.0	6260.0
299.0	6427.0
300.0	6410.0
301.0	6704.0
302.0	6774.0
303.0	6831.0
304.0	6607.0
305.0	6634.0
306.0	6564.0
307.0	6282.0
308.0	6403.0
309.0	6336.0
310.0	6484.0
311.0	6843.0
312.0	6874.0
313.0	6888.0
314.0	6744.0
315.0	6523.0
316.0	6610.0
317.0	6354.0
318.0	6432.0
319.0	6457.0
320.0	6602.0
321.0	6663.0
322.0	6725.0
323.0	6800.0
324.0	6833.0
325.0	6776.0
326.0	6415.0
327.0	6413.0
328.0	6417.0
329.0	6507.0
330.0	6374.0
331.0	6343.0
332.0	6695.0
333.0	6643.0
334.0	6725.0
335.0	6595.0
336.0	6441.0
337.0	6403.0
338.0	6388.0
339.0	6159.0
340.0	6254.0
341.0	6145.0
342.0	6610.0
343.0	6441.0
344.0	6440.0
345.0	6461.0
346.0	6351.0
347.0	6200.0
348.0	5991.0
349.0	5984.0
350.0	6181.0
351.0	6062.0
352.0	6088.0
353.0	6147.0
354.0	6277.0
355.0	6252.0
356.0	5931.0
357.0	6008.0
358.0	5937.0
359.0	5770.0
360.0	5984.0
361.0	5934.0
362.0	6062.0
363.0	5890.0
364.0	5861.0
365.0	5965.0
366.0	5849.0
367.0	5736.0
368.0	5578.0
369.0	5632.0
370.0	5484.0
371.0	5573.0
372.0	5480.0
373.0	5569.0
374.0	5623.0
375.0	5565.0
376.0	5525.0
377.0	5421.0
378.0	5460.0
379.0	5310.0
380.0	5128.0
381.0	5128.0
382.0	5273.0
383.0	5253.0
384.0	5327.0
385.0	5184.0
386.0	5218.0
387.0	5252.0
388.0	5159.0
389.0	4906.0
390.0	4951.0
391.0	4886.0
392.0	4713.0
393.0	5007.0
394.0	4913.0
395.0	4910.0
396.0	4978.0
397.0	4844.0
398.0	4840.0
399.0	4634.0
400.0	4510.0
401.0	4601.0
402.0	4596.0
403.0	4490.0
404.0	4555.0
405.0	4615.0
406.0	4586.0
407.0	4576.0
408.0	4514.0
409.0	4357.0
410.0	4462.0
411.0	4258.0
412.0	4120.0
413.0	4236.0
414.0	4296.0
415.0	4244.0
416.0	4310.0
417.0	4268.0
418.0	4021.0
419.0	4107.0
420.0	3926.0
421.0	3908.0
422.0	3952.0
423.0	3879.0
424.0	3957.0
425.0	3999.0
426.0	4014.0
427.0	4042.0
428.0	4036.0
429.0	3770.0
430.0	3776.0
431.0	3714.0
432.0	3645.0
433.0	3553.0
434.0	3576.0
435.0	3585.0
436.0	3720.0
437.0	3667.0
438.0	3718.0
439.0	3589.0
440.0	3534.0
441.0	3374.0
442.0	3308.0
443.0	3368.0
444.0	3317.0
445.0	3400.0
446.0	3372.0
447.0	3280.0
448.0	3340.0
449.0	3112.0
450.0	3152.0
451.0	3069.0
452.0	3096.0
453.0	3032.0
454.0	2951.0
455.0	3057.0
456.0	3052.0
457.0	3030.0
458.0	3079.0
459.0	3028.0
460.0	2898.0
461.0	2892.0
462.0	2775.0
463.0	2815.0
464.0	2709.0
465.0	2817.0
466.0	2729.0
467.0	2721.0
468.0	2780.0
469.0	2744.0
470.0	2645.0
471.0	2557.0
472.0	2550.0
473.0	2589.0
474.0	2564.0
475.0	2524.0
476.0	2566.0
477.0	2470.0
478.0	2489.0
479.0	2470.0
480.0	2510.0
481.0	2319.0
482.0	2377.0
483.0	2392.0
484.0	2362.0
485.0	2302.0
486.0	2276.0
487.0	2272.0
488.0	2273.0
489.0	2287.0
490.0	2248.0
491.0	2266.0
492.0	2198.0
493.0	2201.0
494.0	2063.0
495.0	2030.0
496.0	2130.0
497.0	2063.0
498.0	2077.0
499.0	2089.0
500.0	1978.0
501.0	2039.0
502.0	2046.0
503.0	1848.0
504.0	1874.0
505.0	1876.0
506.0	1864.0
507.0	1841.0
508.0	1895.0
509.0	1854.0
510.0	1828.0
511.0	1794.0
512.0	1762.0
513.0	1809.0
514.0	1745.0
515.0	1627.0
516.0	1689.0
517.0	1637.0
518.0	1691.0
519.0	1635.0
520.0	1693.0
521.0	1607.0
522.0	1714.0
523.0	1665.0
524.0	1632.0
525.0	1568.0
526.0	1523.0
527.0	1502.0
528.0	1519.0
529.0	1510.0
530.0	1508.0
531.0	1505.0
532.0	1500.0
533.0	1394.0
534.0	1387.0
535.0	1350.0
536.0	1459.0
537.0	1420.0
538.0	1398.0
539.0	1276.0
540.0	1371.0
541.0	1344.0
542.0	1369.0
543.0	1297.0
544.0	1335.0
545.0	1279.0
546.0	1218.0
547.0	1287.0
548.0	1183.0
549.0	1198.0
550.0	1157.0
551.0	1165.0
552.0	1225.0
553.0	1206.0
554.0	1202.0
555.0	1087.0
556.0	1099.0
557.0	1093.0
558.0	1044.0
559.0	1085.0
560.0	1087.0
561.0	1027.0
562.0	1078.0
563.0	1025.0
564.0	1035.0
565.0	1028.0
566.0	1008.0
567.0	1029.0
568.0	978.0
569.0	932.0
570.0	994.0
571.0	926.0
572.0	982.0
573.0	934.0
574.0	961.0
575.0	938.0
576.0	899.0
577.0	883.0
578.0	864.0
579.0	867.0
580.0	873.0
581.0	839.0
582.0	849.0
583.0	825.0
584.0	833.0
585.0	807.0
586.0	807.0
587.0	823.0
588.0	825.0
589.0	805.0
590.0	819.0
591.0	751.0
592.0	738.0
593.0	705.0
594.0	714.0
595.0	734.0
596.0	681.0
597.0	718.0
598.0	686.0
599.0	696.0
600.0	600.0
601.0	658.0
602.0	613.0
603.0	660.0
604.0	690.0
605.0	696.0
606.0	634.0
607.0	620.0
608.0	609.0
609.0	657.0
610.0	622.0
611.0	603.0
612.0	614.0
613.0	651.0
614.0	580.0
615.0	590.0
616.0	569.0
617.0	583.0
618.0	603.0
619.0	546.0
620.0	490.0
621.0	505.0
622.0	522.0
623.0	559.0
624.0	503.0
625.0	541.0
626.0	544.0
627.0	491.0
628.0	486.0
629.0	458.0
630.0	485.0
631.0	450.0
632.0	497.0
633.0	468.0
634.0	453.0
635.0	488.0
636.0	442.0
637.0	433.0
638.0	449.0
639.0	398.0
640.0	444.0
641.0	401.0
642.0	397.0
643.0	451.0
644.0	358.0
645.0	395.0
646.0	433.0
647.0	407.0
648.0	412.0
649.0	375.0
650.0	358.0
651.0	401.0
652.0	353.0
653.0	344.0
654.0	350.0
655.0	356.0
656.0	398.0
657.0	341.0
658.0	351.0
659.0	332.0
660.0	359.0
661.0	332.0
662.0	353.0
663.0	336.0
664.0	286.0
665.0	334.0
666.0	313.0
667.0	321.0
668.0	292.0
669.0	327.0
670.0	269.0
671.0	258.0
672.0	286.0
673.0	266.0
674.0	280.0
675.0	280.0
676.0	239.0
677.0	259.0
678.0	240.0
679.0	273.0
680.0	246.0
681.0	259.0
682.0	276.0
683.0	254.0
684.0	233.0
685.0	240.0
686.0	248.0
687.0	254.0
688.0	216.0
689.0	214.0
690.0	235.0
691.0	180.0
692.0	208.0
693.0	236.0
694.0	221.0
695.0	201.0
696.0	198.0
697.0	205.0
698.0	208.0
699.0	208.0
700.0	203.0
701.0	209.0
702.0	196.0
703.0	178.0
704.0	180.0
705.0	176.0
706.0	180.0
707.0	187.0
708.0	168.0
709.0	166.0
710.0	146.0
711.0	157.0
712.0	172.0
713.0	169.0
714.0	160.0
715.0	162.0
716.0	155.0
717.0	160.0
718.0	154.0
719.0	136.0
720.0	152.0
721.0	151.0
722.0	140.0
723.0	164.0
724.0	140.0
725.0	132.0
726.0	135.0
727.0	155.0
728.0	129.0
729.0	131.0
730.0	130.0
731.0	124.0
732.0	110.0
733.0	128.0
734.0	122.0
735.0	137.0
736.0	122.0
737.0	123.0
738.0	102.0
739.0	120.0
740.0	122.0
741.0	98.0
742.0	122.0
743.0	100.0
744.0	93.0
745.0	101.0
746.0	114.0
747.0	99.0
748.0	96.0
749.0	88.0
750.0	110.0
751.0	83.0
752.0	89.0
753.0	94.0
754.0	97.0
755.0	89.0
756.0	79.0
757.0	97.0
758.0	86.0
759.0	88.0
760.0	82.0
761.0	71.0
762.0	73.0
763.0	62.0
764.0	80.0
765.0	67.0
766.0	77.0
767.0	75.0
768.0	66.0
769.0	77.0
770.0	68.0
771.0	78.0
772.0	63.0
773.0	72.0
774.0	58.0
775.0	72.0
776.0	55.0
777.0	61.0
778.0	59.0
779.0	75.0
780.0	78.0
781.0	54.0
782.0	68.0
783.0	63.0
784.0	55.0
785.0	55.0
786.0	71.0
787.0	58.0
788.0	54.0
789.0	36.0
790.0	50.0
791.0	56.0
792.0	46.0
793.0	43.0
794.0	60.0
795.0	47.0
796.0	41.0
797.0	50.0
798.0	33.0
799.0	63.0
800.0	49.0
801.0	42.0
802.0	60.0
803.0	33.0
804.0	45.0
805.0	46.0
806.0	41.0
807.0	46.0
808.0	41.0
809.0	44.0
810.0	36.0
811.0	37.0
812.0	40.0
813.0	40.0
814.0	31.0
815.0	49.0
816.0	39.0
817.0	31.0
818.0	39.0
819.0	32.0
820.0	26.0
821.0	33.0
822.0	24.0
823.0	32.0
824.0	24.0
825.0	37.0
826.0	39.0
827.0	25.0
828.0	28.0
829.0	26.0
830.0	26.0
