# Position (bp)	A	C	G	T	N
0.0	13.869617257549564	34.022076515716364	40.044760028076155	12.047415382346434	0.016130816311481454
1.0	14.789827668724683	34.58035856320736	26.58391360837426	24.04088199530409	0.005018164389603456
2.0	16.173930433082226	33.25459814253657	28.89086101307841	21.68049096905712	1.1944224566437445E-4
3.0	17.933694371502273	31.586405261933464	34.14853459573891	16.331331659131394	3.411169396625535E-5
4.0	18.818138785748705	32.60424118797036	32.50808686650606	16.069533159774867	0.0
5.0	19.49450292628767	32.05846170513363	32.73476649147665	15.712183706612876	8.517048917500116E-5
6.0	17.619186697513705	32.42130216613292	32.151137988261205	17.80837314809217	0.0
7.0	18.340720265936383	32.61607392448543	32.9821688742342	16.06044107767839	5.958576656067211E-4
8.0	16.96526611521414	33.874727785269805	31.120091710580688	18.03991438893537	0.0
9.0	18.099316262872172	32.1209120804901	32.637891524143456	17.14186311987601	1.701261825896267E-5
10.0	16.9232375634554	33.67224964802032	33.368592239424075	16.03592054910021	0.0
11.0	16.906699572900166	33.71319109593502	32.50661408832692	16.87327422067159	2.2102216631305954E-4
12.0	17.161832626511863	33.253668256398825	32.757830913891176	16.82666820319813	0.0
13.0	17.224062650379672	33.24544477038978	32.27900475505616	17.25140286390861	8.496026578289866E-5
14.0	17.385117365293468	32.931334567952824	32.247503496786216	17.43604456996749	0.0
15.0	17.25226817845732	33.07346035064767	32.636874419009054	17.037261197225984	1.3585465996767337E-4
16.0	17.538220349687677	32.81946725124515	32.58435913003204	17.057936291267858	1.697776727419909E-5
17.0	17.591279357130443	32.764261699400365	32.289024479664555	17.35540051707656	3.394672807856088E-5
18.0	17.303123036881097	32.96052669536264	32.64247385817114	17.09387640958513	0.0
19.0	17.46541250524207	32.72847629090682	32.5374714824511	17.2684870396986	1.526817014034502E-4
20.0	17.603078204335574	32.5513323817835	32.39021345416829	17.455375959712637	0.0
21.0	17.35218432700789	32.674060736249075	32.77071379957795	17.20248146861099	5.596685541064663E-4
22.0	17.471842720110754	32.535228607369035	32.54764158510334	17.43667261653022	0.008614470886649503
23.0	17.615837603456633	32.43702143915292	32.35799144794101	17.587436995157994	0.0017125142914404296
24.0	17.40447682421457	32.59819342176849	32.67826689337479	17.31899504487115	6.781577099834817E-5
25.0	17.535501479051714	32.45361541265119	32.53140759952874	17.476254651172646	0.0032208575957145646
26.0	17.69207443217423	32.336206892168065	32.26864359649627	17.66864932564678	0.03442575351465586
27.0	17.457268002997246	32.48833449405068	32.632773042160224	17.385099575650326	0.03652488514152418
28.0	17.635125012625654	32.35997725009507	32.449746503964626	17.53134043443099	0.023810798883654845
29.0	17.678477409414736	32.350644018211355	32.23334490734268	17.70126956545611	0.03626409957511693
30.0	17.421392207072028	32.46677641062023	32.65756005396921	17.409376074609167	0.044895253729365175
31.0	17.563016179412962	32.437814385934225	32.444391107458884	17.536590641121865	0.01818768607206324
32.0	17.676144644160942	32.38550167969916	32.23271237213664	17.69457158051071	0.011069723492546923
33.0	17.37682110571047	32.53329662201008	32.63469921948313	17.443111718671457	0.012071334124864727
34.0	17.532567837191078	32.41309662061583	32.496859322576775	17.55747621961631	0.0
35.0	17.603857580604103	32.405918986262435	32.26290807839501	17.72577213256177	0.0015432221766792675
36.0	17.414680767883688	32.51816290687922	32.62267541505221	17.442615221139274	0.0018656890456067686
37.0	17.57093016963666	32.34986036777143	32.49411505668493	17.58112502711985	0.0039693787871308665
38.0	17.730590906029445	32.32742189224362	32.23653885076129	17.705397455105185	5.08958604530512E-5
39.0	17.456568465960956	32.52300274668779	32.585171415172006	17.433815140514085	0.0014422316651633521
40.0	17.621617163620368	32.375531917059966	32.46486072240938	17.53659867676616	0.0013915201441207594
41.0	17.72514071612986	32.341373155890594	32.251386794713646	17.68191263957051	1.8669369538785104E-4
42.0	17.451058840743503	32.51309960760164	32.62199070580952	17.413850845845342	0.0
43.0	17.604966813271027	32.39578864594038	32.433205097668996	17.56566595766678	3.734854528264955E-4
44.0	17.702201615755424	32.40472362520627	32.21544175363168	17.677633005406623	0.0
45.0	17.42339516422369	32.55936889631232	32.62437301086221	17.392862928601776	0.0
46.0	17.6150229319819	32.3948020274912	32.44342581136587	17.546596377587544	1.5285157347957266E-4
47.0	17.7233938471573	32.31309109685835	32.28076761060985	17.682645532123058	1.0191325144037396E-4
48.0	17.437884078366512	32.548372596659405	32.54920501065659	17.464538314317487	0.0
49.0	17.6375572509227	32.384487656805554	32.44267941709016	17.535071791641897	2.038835396832975E-4
50.0	17.735094838629976	32.31125266381314	32.269671604792684	17.683980892764197	0.0
51.0	17.466156642706327	32.510526551927136	32.61784843668637	17.404533657094767	9.347115853932111E-4
52.0	17.639225171309274	32.40405788184143	32.44072057402524	17.514653603847457	0.0013427689765975763
53.0	17.708482786710793	32.3306499156488	32.26193819412948	17.698929103510928	0.0
54.0	17.443632799449823	32.537486749255535	32.62353264209856	17.39459973188229	7.480773137903803E-4
55.0	17.60213928549687	32.36614756866449	32.47475446543199	17.554867143174395	0.002091537232253477
56.0	17.68722615677213	32.382034506691454	32.220094657090414	17.710644679446002	0.0
57.0	17.465205051471656	32.501303758123186	32.5992599620558	17.433176655568705	0.0010545727806600877
58.0	17.62602558192152	32.38110224432963	32.42900668042331	17.56386549332553	0.0
59.0	17.68015040536287	32.34933517086492	32.24658652987265	17.723638652817122	2.8924108244221563E-4
60.0	17.462547437870047	32.527599983255726	32.61069176674947	17.398650315810038	5.10496314727104E-4
61.0	17.617270680049447	32.397161377635214	32.45941664533626	17.525538615284912	6.126816941601904E-4
62.0	17.737382217204267	32.34960645307676	32.24162169145601	17.669857698076036	0.0015319401869273417
63.0	17.453583015170523	32.57376590650908	32.567739440107225	17.40479247079845	1.1916741472592601E-4
64.0	17.6037634043356	32.386795393919456	32.477308339773614	17.531281536295502	8.513256758291443E-4
65.0	17.708286326018385	32.34226445354667	32.258447395430046	17.690848563419557	1.532615853412446E-4
66.0	17.429437580252795	32.553164201876555	32.613781193948654	17.403617023921996	0.0
67.0	17.613407948368177	32.410337948054746	32.446774441920326	17.52890049345131	5.791682054370948E-4
68.0	17.688328141062577	32.360124723534156	32.25219613801366	17.699350997389608	0.0
69.0	17.433328681578523	32.53911009715352	32.63054349024401	17.39497300363467	0.0020447273892767338
70.0	17.597104627490225	32.44645479789347	32.4147736665209	17.540303545798576	0.0013633622968291942
71.0	17.687749090397123	32.37352744558149	32.25365042818578	17.685073035835607	0.0
72.0	17.45652928472696	32.553870000075015	32.59790500440862	17.391695710789413	0.0
73.0	17.60050975492853	32.41441834381142	32.456005588616385	17.526969046915493	0.0020972657281715136
74.0	17.70094504185595	32.346160379462994	32.295183513307194	17.657711065373867	0.0
75.0	17.422123982417137	32.574012345668486	32.58753946190735	17.415368953374777	9.55256632252978E-4
76.0	17.608233428571722	32.425207495817325	32.47219540692316	17.494363668687797	0.0
77.0	17.656983664466697	32.35442433136943	32.2824950831282	17.70590920532259	1.8771571308506506E-4
78.0	17.45630155557911	32.506447087626626	32.61885828389101	17.418051708808918	3.41364094334602E-4
79.0	17.579482980785055	32.39958741710956	32.46387851134193	17.555224445228973	0.0018266455344833118
80.0	17.709826274952935	32.36736702382867	32.234664896394335	17.687151490440222	9.903143838383424E-4
81.0	17.441432733457884	32.52606879497785	32.65049541810829	17.38200305345597	0.0
82.0	17.59692755989704	32.41195429941773	32.44836992260826	17.54196251513759	7.857029393830182E-4
83.0	17.679219731335476	32.36954620600324	32.265522456675704	17.683712791948572	0.0019988140370047103
84.0	17.423479853523666	32.49652750070783	32.64870404737328	17.431015206889878	2.733915053500154E-4
85.0	17.618030672747576	32.4016230189506	32.44238306651596	17.537570167951905	3.9307383396356175E-4
86.0	17.67175569909412	32.4008397621426	32.29701474882688	17.63015048302391	2.3930691248272716E-4
87.0	17.44049411160082	32.5199011188668	32.632244283381056	17.40573628882537	0.0016241973259557162
88.0	17.6008764827283	32.360212239601815	32.552212162993364	17.486699114676522	0.0
89.0	17.708834851277604	32.42322809630445	32.26107193415649	17.605804715133814	0.0010604031276419217
90.0	17.394958457576845	32.540592581466996	32.64121336138581	17.419540582830727	0.00369501673962329
91.0	17.580730989098985	32.39262816948161	32.50109078589627	17.52424966763112	0.001300387892019896
92.0	17.655858437139695	32.41250341638128	32.23821449004316	17.692533728689437	8.899277464239879E-4
93.0	17.44762214509772	32.57617994068736	32.592647115462796	17.38279762235907	7.531763930553713E-4
94.0	17.619559055598046	32.383497089642304	32.46867536734951	17.526316663559157	0.0019518238509792763
95.0	17.689981191583325	32.35140143511148	32.28535020764951	17.673250040629128	1.712502656519746E-5
96.0	17.441076518307387	32.564284833369875	32.62815857268143	17.36569214536286	7.879302784477088E-4
97.0	17.593568036452545	32.400735396786864	32.51843588895309	17.4856844848993	0.00157619290819413
98.0	17.718235515984095	32.384780171223845	32.26909208932402	17.627669449795295	2.2277367274444655E-4
99.0	17.41267472083404	32.61413289033356	32.61589835321736	17.35729403561504	0.0
100.0	17.588686892238485	32.42360549162678	32.52323037676071	17.46380861598387	6.686233901606068E-4
101.0	17.720436258776267	32.32907936269494	32.30574057106816	17.644709510926276	3.429653435235196E-5
102.0	17.425834720660895	32.533703226364175	32.61191728383161	17.42854476914332	0.0
103.0	17.584673574350823	32.41717933294651	32.50031996963977	17.497827123062898	0.0
104.0	17.635893375452135	32.3732017052075	32.36671502503893	17.624189894301434	0.0
105.0	17.446503846889307	32.54699054850658	32.613213827036056	17.39229619691624	9.955806518169518E-4
106.0	17.589147529060533	32.401065756078665	32.50750057260866	17.50228614225213	0.0
107.0	17.678888691385502	32.36615066760437	32.30513070859921	17.649641016129156	1.889162817497426E-4
108.0	17.46433869287255	32.54298811991235	32.62711333024686	17.365559856968247	0.0
109.0	17.56989711455418	32.37970321069813	32.54255275641372	17.507675081734078	1.7183659988981838E-4
110.0	17.674140790841978	32.3616971905429	32.31111149307734	17.651692635595623	0.0013578899421607638
111.0	17.39529855122999	32.57773291332225	32.650084585087754	17.375078597333545	0.0018053530264680226
112.0	17.597550565929414	32.417042912393896	32.509213154391084	17.475419405559556	7.739617260447237E-4
113.0	17.657353244787007	32.401383249604294	32.29958364875095	17.640372307480558	0.0013075493771935861
114.0	17.413745628768893	32.55276454552964	32.6448701709943	17.38851639727951	1.0325742765096236E-4
115.0	17.58556453666218	32.426597916527875	32.502929576039094	17.48320367796716	0.0017042928037011042
116.0	17.661138541353996	32.3747242696601	32.3290196355994	17.634394269803032	7.232835834775164E-4
117.0	17.442967212338118	32.550856837689665	32.63937017369321	17.36541037335642	0.0013954029225938989
118.0	17.60196585940948	32.407572880887415	32.50744099293892	17.482882398792416	1.3786797177084344E-4
119.0	17.63279373465371	32.390488062670016	32.350716788011866	17.625984175273576	1.723939083578118E-5
120.0	17.41358894860159	32.585876430928934	32.63416473139805	17.366369889071425	0.0
121.0	17.586431002449356	32.3944616942131	32.54462870843428	17.473650467986598	8.281269166609302E-4
122.0	17.65460832614907	32.389584590039725	32.294588374182226	17.66018314041542	0.00103556921356285
123.0	17.474065201622434	32.52362971318697	32.651264093178625	17.349884132777742	0.0011568592342317064
124.0	17.56930711540614	32.428706363914	32.53195361698776	17.46897918402713	0.001053719664965514
125.0	17.65812808613893	32.403540687997825	32.33775029339544	17.599613172526194	9.677599416164252E-4
126.0	17.421939172366173	32.60346719552945	32.63572870113899	17.33877848534479	8.644562060434826E-5
127.0	17.55330309409882	32.469849414424026	32.51105171199698	17.464152530836426	0.0016432486437577048
128.0	17.652320801576487	32.44989584510488	32.271525070984026	17.625531439168505	7.268431661080646E-4
129.0	17.40965238490832	32.55693074535549	32.66540571369603	17.36785532607766	1.5582996250038526E-4
130.0	17.56995581227597	32.38540259887843	32.55376565746996	17.49087593137564	0.0
131.0	17.6252458673145	32.422592961590965	32.32275540561434	17.627967134031223	0.0014386314489687958
132.0	17.41187414772092	32.589539271996934	32.639763364056854	17.358823216225293	0.0
133.0	17.55911661397262	32.45331583825007	32.50235158142007	17.485215966357245	0.0
134.0	17.64560657201207	32.38334399049692	32.393431113026296	17.57619466861719	0.0014236558475188197
135.0	17.407948522398975	32.62071577352774	32.64910211264547	17.322233591427814	0.0
136.0	17.554565431321446	32.45928050830678	32.531352404978	17.454314918030818	4.8673736295083833E-4
137.0	17.624385508970786	32.43232335883493	32.35261782745892	17.590673304735365	0.0
138.0	17.404874509569776	32.57452389602174	32.661212480858445	17.357770230339227	0.0016188832108059237
139.0	17.543717850679087	32.39407816694218	32.60688859895589	17.45437474633282	9.406370900172275E-4
140.0	17.619441526801396	32.45661089489076	32.30952681882962	17.61354909848462	8.716609936063666E-4
141.0	17.39603098959324	32.593952778527154	32.69130566643017	17.317872971145924	8.375943035211417E-4
142.0	17.53308569354454	32.44163911781731	32.57891465859631	17.445574501369613	7.860286722298865E-4
143.0	17.606959464090632	32.41138233899429	32.39242855963866	17.58809310991653	0.0011365273598854101
144.0	17.355009579682772	32.64927120700851	32.688875049526686	17.306739113801868	1.0504998015430791E-4
145.0	17.479527246450395	32.492534828548855	32.56407696867637	17.463580261316526	2.806950078568287E-4
146.0	17.44044022142735	32.53226772579663	32.416780361550614	17.610230057659194	2.816335662149558E-4
147.0	17.058983347242343	32.857270547796695	32.70664614682074	17.376214973410633	8.84984729588491E-4
148.0	16.592236714311753	32.91036377866981	32.815588583890474	17.681703386976547	1.0753615141376882E-4
149.0	12.099644606253058	35.04948948137388	34.04060195055812	18.807922309345344	0.002341652469598825
150.0	0.0	42.75171088005779	36.32146848417118	20.92682063577103	0.0
