#Position (bp)	insert size
94.0	290.0808510638298
281.0	381.86842105263156
468.0	354.76229508196724
655.0	357.06875
842.0	341.74285714285713
1029.0	324.26356589147287
1216.0	271.7079646017699
1403.0	374.92105263157896
1590.0	347.4852941176471
1777.0	370.0
1964.0	365.4888888888889
2151.0	417.63392857142856
2338.0	421.75
2525.0	388.66990291262135
2712.0	402.13953488372096
2899.0	372.69135802469134
3086.0	323.5810810810811
3273.0	295.64
3460.0	360.5731707317073
3647.0	347.3376623376623
3834.0	369.37333333333333
4021.0	361.6703296703297
4208.0	401.03968253968253
4395.0	354.2054794520548
4582.0	371.6808510638298
4769.0	387.3888888888889
4956.0	382.62
5143.0	380.9718309859155
5330.0	383.74074074074076
5517.0	356.96774193548384
5704.0	375.87301587301585
5891.0	384.8024691358025
6078.0	423.09090909090907
6265.0	418.6515151515151
6452.0	396.21794871794873
6639.0	371.95714285714286
6826.0	367.943661971831
7013.0	339.3
7200.0	419.26666666666665
7387.0	335.4574468085106
7574.0	363.57894736842104
7761.0	339.45454545454544
7948.0	355.3066666666667
8135.0	384.95714285714286
8322.0	362.7974683544304
8509.0	341.9154929577465
8696.0	391.8783783783784
8883.0	575.9745762711865
9070.0	606.4901960784314
9257.0	0.0
9444.0	284.2402597402597
9631.0	0.0
9818.0	0.0
10005.0	653.0
10192.0	552.4285714285714
10379.0	419.29411764705884
10566.0	346.1826923076923
10753.0	354.421875
10940.0	386.2413793103448
11127.0	371.13253012048193
11314.0	391.99122807017545
11501.0	375.6842105263158
11688.0	378.61728395061726
11875.0	389.4507042253521
12062.0	395.144578313253
12249.0	380.85897435897436
12436.0	336.53164556962025
12623.0	333.1923076923077
12810.0	320.2911392405063
12997.0	275.9113924050633
13184.0	338.046875
13371.0	390.1190476190476
13558.0	389.0
13745.0	365.6826923076923
13932.0	347.680412371134
14119.0	398.1666666666667
14306.0	354.8811881188119
14493.0	393.5777777777778
14680.0	394.1391304347826
14867.0	390.2738095238095
15054.0	361.2911392405063
15241.0	377.54761904761904
15428.0	386.9795918367347
15615.0	352.43283582089555
15802.0	350.79411764705884
15989.0	382.7263157894737
16176.0	360.41052631578947
16363.0	332.6029411764706
16550.0	363.89285714285717
16737.0	359.15
16924.0	360.83720930232556
17111.0	378.5
17298.0	379.0
17485.0	333.40506329113924
17672.0	366.15294117647056
17859.0	343.61538461538464
18046.0	354.89285714285717
18233.0	361.8095238095238
18420.0	360.22222222222223
18607.0	402.2
18794.0	364.95384615384614
18981.0	370.4954128440367
19168.0	372.30864197530866
19355.0	357.44117647058823
19542.0	386.3150684931507
19729.0	413.4230769230769
19916.0	390.8732394366197
20103.0	373.3855421686747
20290.0	386.02597402597405
20477.0	389.7402597402597
20664.0	411.3958333333333
20851.0	411.30232558139534
21038.0	348.8333333333333
21225.0	365.24675324675326
21412.0	384.35227272727275
21599.0	368.625
21786.0	355.0
21973.0	372.4752475247525
22160.0	368.95348837209303
22347.0	359.32530120481925
22534.0	378.1034482758621
22721.0	379.9746835443038
22908.0	410.4404761904762
23095.0	389.85185185185185
23282.0	364.765625
23469.0	381.5487804878049
23656.0	0.0
23843.0	905.8
24030.0	613.3846153846154
24217.0	558.6923076923077
24404.0	425.873786407767
24591.0	310.40909090909093
24778.0	0.0
24965.0	800.5
25152.0	647.1
25339.0	511.63492063492066
25526.0	351.255033557047
25713.0	316.11764705882354
25900.0	367.8780487804878
26087.0	398.7625
26274.0	382.4852941176471
26461.0	376.05882352941177
26648.0	371.98936170212767
26835.0	400.55102040816325
27022.0	389.2105263157895
27209.0	400.01801801801804
27396.0	411.3181818181818
27583.0	402.1102362204724
27770.0	364.0462962962963
27957.0	329.25373134328356
28144.0	391.8425925925926
28331.0	379.3292682926829
28518.0	396.19607843137254
28705.0	381.6
28892.0	394.34285714285716
29079.0	403.98
29266.0	382.16
29453.0	370.4836065573771
29640.0	381.94
29827.0	370.19354838709677
30014.0	419.6224489795918
30201.0	380.87619047619046
30388.0	388.09375
30575.0	370.0365853658537
30762.0	377.2828282828283
30949.0	393.16923076923075
31136.0	377.4597701149425
31323.0	356.5
31510.0	397.1938775510204
31697.0	343.8625
31884.0	401.53543307086613
32071.0	369.7070707070707
32258.0	364.39772727272725
32445.0	396.30120481927713
32632.0	393.73333333333335
32819.0	372.8941176470588
33006.0	358.5068493150685
33193.0	361.88524590163934
33380.0	341.43589743589746
33567.0	322.98571428571427
33754.0	374.10714285714283
33941.0	394.7171717171717
34128.0	376.4033613445378
34315.0	399.24615384615385
34502.0	373.4096385542169
34689.0	389.88
34876.0	413.578431372549
35063.0	400.95522388059703
35250.0	371.9594594594595
35437.0	370.5157894736842
35624.0	393.3131313131313
35811.0	369.8690476190476
35998.0	377.0833333333333
36185.0	335.97297297297297
36372.0	379.18811881188117
36559.0	414.64516129032256
36746.0	346.7741935483871
36933.0	411.0989010989011
37120.0	368.0
37307.0	433.01234567901236
37494.0	385.4392523364486
37681.0	434.8314606741573
37868.0	384.4732142857143
38055.0	394.6041666666667
38242.0	379.01149425287355
38429.0	356.0126582278481
38616.0	359.31081081081084
38803.0	403.85
38990.0	345.81
39177.0	362.1363636363636
39364.0	372.46875
39551.0	422.59090909090907
39738.0	384.5138888888889
39925.0	360.6875
40112.0	388.85858585858585
40299.0	397.48809523809524
40486.0	384.40697674418607
40673.0	370.8041237113402
40860.0	387.4742268041237
41047.0	416.01149425287355
41234.0	383.2470588235294
41421.0	373.8888888888889
41608.0	358.68224299065423
41795.0	395.0851063829787
41982.0	351.92452830188677
42169.0	403.78125
42356.0	370.42056074766356
42543.0	399.421686746988
42730.0	369.1885245901639
42917.0	361.8484848484849
43104.0	376.484126984127
43291.0	408.19718309859155
43478.0	363.4761904761905
43665.0	377.56190476190477
43852.0	354.5656565656566
44039.0	387.9120879120879
44226.0	404.1818181818182
44413.0	388.2674418604651
44600.0	371.2307692307692
44787.0	373.69444444444446
44974.0	396.28
45161.0	395.59550561797755
45348.0	368.5321100917431
45535.0	386.02564102564105
45722.0	374.9479166666667
45909.0	396.3727272727273
46096.0	366.55
46283.0	390.0652173913044
46470.0	345.34567901234567
46657.0	373.85526315789474
46844.0	388.0842105263158
47031.0	360.6666666666667
47218.0	356.88421052631577
47405.0	374.29333333333335
47592.0	347.0990099009901
47779.0	411.0875
47966.0	393.8285714285714
48153.0	382.9230769230769
48340.0	360.0925925925926
48527.0	351.7216494845361
48714.0	387.47474747474746
48901.0	404.02197802197804
49088.0	367.46268656716416
49275.0	381.0108695652174
49462.0	373.20952380952383
49649.0	357.14864864864865
49836.0	355.57471264367814
50023.0	368.4594594594595
50210.0	422.13483146067415
50397.0	397.25531914893617
50584.0	378.10169491525426
50771.0	370.3333333333333
50958.0	0.0
51145.0	691.7777777777778
51332.0	525.1666666666666
51519.0	419.08620689655174
51706.0	415.58035714285717
51893.0	357.7142857142857
52080.0	381.0238095238095
52267.0	370.7070707070707
52454.0	384.82142857142856
52641.0	391.54545454545456
52828.0	367.83098591549293
53015.0	343.84375
53202.0	394.6551724137931
53389.0	372.5
53576.0	396.70652173913044
53763.0	390.3625
53950.0	352.65822784810126
54137.0	373.9009009009009
54324.0	375.65822784810126
54511.0	375.3623188405797
54698.0	405.6
54885.0	399.83809523809526
55072.0	460.225
55259.0	376.6901408450704
55446.0	357.09
55633.0	326.76190476190476
55820.0	323.2090909090909
56007.0	400.0695652173913
56194.0	407.22680412371136
56381.0	380.39240506329116
56568.0	373.31944444444446
56755.0	413.27272727272725
56942.0	378.11650485436894
57129.0	344.8285714285714
57316.0	403.3739837398374
57503.0	355.82191780821915
57690.0	377.8301886792453
57877.0	377.7416666666667
58064.0	381.6837606837607
58251.0	388.7264957264957
58438.0	389.5940594059406
58625.0	359.05882352941177
58812.0	374.4925373134328
58999.0	417.7244897959184
59186.0	389.2164179104478
59373.0	314.01960784313724
59560.0	399.2597402597403
59747.0	376.93333333333334
59934.0	365.2748091603053
60121.0	391.9047619047619
60308.0	385.2608695652174
60495.0	345.5575221238938
60682.0	382.3625730994152
60869.0	337.2905405405405
61056.0	336.1478873239437
61243.0	369.70212765957444
61430.0	372.86861313868616
61617.0	369.96491228070175
61804.0	369.2564102564103
61991.0	349.9462365591398
62178.0	437.936
62365.0	401.61240310077517
62552.0	350.50515463917526
62739.0	350.5959595959596
62926.0	764.2142857142857
63113.0	341.0719424460432
63300.0	373.5645933014354
63487.0	339.7894736842105
63674.0	330.98154981549817
63861.0	369.8392857142857
64048.0	372.98477157360406
64235.0	346.0052356020942
64422.0	374.6496815286624
64609.0	326.8131313131313
64796.0	286.0151515151515
64983.0	393.63448275862066
65170.0	363.484375
65357.0	392.7767857142857
65544.0	420.4639175257732
65731.0	386.82089552238807
65918.0	410.25
66105.0	386.5681818181818
66292.0	355.1617647058824
66479.0	397.2584269662921
66666.0	371.57894736842104
66853.0	389.1511627906977
67040.0	383.685393258427
67227.0	398.64473684210526
67414.0	431.21649484536084
67601.0	394.3376623376623
67788.0	398.6914893617021
67975.0	360.7083333333333
68162.0	404.5571428571429
68349.0	370.0729166666667
68536.0	368.2328767123288
68723.0	408.98148148148147
68910.0	373.375
69097.0	403.36170212765956
69284.0	359.38157894736844
69471.0	331.5846153846154
69658.0	375.31325301204816
69845.0	386.30882352941177
70032.0	389.6043956043956
70219.0	328.9866666666667
70406.0	384.8061224489796
70593.0	370.1025641025641
70780.0	325.5846153846154
70967.0	351.4375
71154.0	384.44444444444446
71341.0	336.53731343283584
71528.0	339.22105263157897
71715.0	346.95535714285717
71902.0	355.680412371134
72089.0	331.2167487684729
72276.0	373.8070175438597
72463.0	367.53731343283584
72650.0	371.5855263157895
72837.0	312.4954128440367
73024.0	288.19718309859155
73211.0	273.04
73398.0	238.95454545454547
73585.0	326.4871794871795
73772.0	294.76190476190476
73959.0	276.42424242424244
74146.0	223.81967213114754
74333.0	111.53658536585365
74520.0	0.0
74624.0	0.0
