#Insert size (bp)	insert size
19.0	150.0
20.0	21.0
21.0	22.0
22.0	6.0
23.0	10.0
24.0	5.0
25.0	4.0
26.0	1.0
27.0	3.0
28.0	1.0
29.0	1.0
31.0	1.0
32.0	1.0
34.0	2.0
35.0	10.0
36.0	1.0
37.0	6.0
38.0	3.0
39.0	4.0
40.0	3.0
41.0	1.0
43.0	2.0
44.0	1.0
46.0	4.0
47.0	2.0
48.0	4.0
49.0	2.0
50.0	2.0
51.0	3.0
52.0	2.0
53.0	3.0
54.0	5.0
55.0	4.0
57.0	3.0
58.0	2.0
59.0	2.0
60.0	1.0
61.0	1.0
62.0	5.0
63.0	1.0
64.0	1.0
65.0	3.0
66.0	3.0
67.0	3.0
68.0	4.0
69.0	2.0
70.0	4.0
71.0	2.0
72.0	12.0
73.0	1.0
74.0	1.0
75.0	3.0
76.0	2.0
77.0	3.0
78.0	2.0
79.0	2.0
80.0	6.0
81.0	1.0
82.0	2.0
83.0	3.0
84.0	3.0
85.0	3.0
86.0	21.0
87.0	1.0
88.0	1.0
89.0	8.0
90.0	3.0
91.0	1.0
92.0	3.0
93.0	2.0
94.0	5.0
95.0	5.0
96.0	3.0
98.0	21.0
99.0	2.0
100.0	3.0
101.0	1.0
102.0	2.0
104.0	1.0
105.0	3.0
106.0	2.0
107.0	5.0
108.0	1.0
109.0	13.0
110.0	5.0
111.0	2.0
112.0	2.0
113.0	21.0
114.0	3.0
115.0	2.0
116.0	2.0
118.0	6.0
119.0	4.0
120.0	2.0
121.0	1.0
122.0	2.0
123.0	1.0
124.0	6.0
125.0	2.0
126.0	2.0
127.0	2.0
128.0	2.0
129.0	2.0
130.0	4.0
131.0	1.0
132.0	7.0
133.0	6.0
134.0	5.0
135.0	17.0
136.0	2.0
137.0	4.0
138.0	5.0
139.0	3.0
140.0	12.0
141.0	7.0
142.0	9.0
143.0	7.0
144.0	1.0
145.0	7.0
146.0	4.0
147.0	12.0
148.0	2.0
149.0	5.0
150.0	4.0
151.0	6.0
152.0	7.0
153.0	5.0
154.0	3.0
155.0	5.0
156.0	4.0
157.0	3.0
158.0	6.0
159.0	5.0
160.0	9.0
161.0	2.0
162.0	4.0
163.0	6.0
164.0	2.0
165.0	7.0
166.0	4.0
167.0	5.0
168.0	10.0
169.0	13.0
170.0	4.0
171.0	7.0
172.0	5.0
173.0	1.0
175.0	7.0
176.0	6.0
177.0	6.0
178.0	8.0
179.0	14.0
180.0	5.0
181.0	3.0
182.0	6.0
183.0	6.0
184.0	11.0
185.0	6.0
186.0	8.0
187.0	8.0
188.0	4.0
189.0	3.0
190.0	10.0
192.0	4.0
193.0	1.0
194.0	30.0
195.0	7.0
196.0	9.0
197.0	56.0
198.0	7.0
199.0	7.0
200.0	14.0
201.0	12.0
202.0	6.0
203.0	11.0
204.0	11.0
205.0	26.0
206.0	9.0
207.0	11.0
208.0	13.0
209.0	5.0
210.0	8.0
211.0	11.0
212.0	1.0
213.0	25.0
214.0	5.0
215.0	10.0
216.0	9.0
217.0	13.0
218.0	13.0
219.0	17.0
220.0	14.0
221.0	43.0
222.0	10.0
223.0	4.0
224.0	9.0
225.0	6.0
226.0	2.0
227.0	4.0
228.0	5.0
229.0	4.0
230.0	3.0
231.0	6.0
232.0	15.0
233.0	8.0
234.0	6.0
235.0	3.0
236.0	2.0
237.0	7.0
238.0	5.0
239.0	11.0
240.0	9.0
241.0	16.0
242.0	11.0
243.0	9.0
244.0	6.0
245.0	5.0
246.0	15.0
247.0	7.0
248.0	6.0
249.0	7.0
250.0	8.0
251.0	4.0
252.0	8.0
253.0	12.0
254.0	14.0
255.0	38.0
256.0	8.0
257.0	17.0
258.0	9.0
259.0	17.0
260.0	12.0
261.0	8.0
262.0	13.0
263.0	6.0
265.0	7.0
266.0	12.0
267.0	5.0
268.0	9.0
269.0	5.0
270.0	10.0
271.0	14.0
272.0	13.0
273.0	16.0
274.0	17.0
275.0	6.0
276.0	5.0
277.0	16.0
278.0	6.0
279.0	10.0
280.0	10.0
281.0	9.0
282.0	12.0
283.0	20.0
284.0	7.0
285.0	12.0
286.0	20.0
287.0	4.0
288.0	7.0
289.0	2.0
290.0	6.0
291.0	11.0
292.0	12.0
293.0	12.0
294.0	16.0
295.0	18.0
296.0	13.0
297.0	15.0
298.0	4.0
299.0	8.0
300.0	7.0
301.0	7.0
302.0	12.0
303.0	12.0
304.0	10.0
305.0	7.0
306.0	15.0
307.0	10.0
308.0	23.0
309.0	11.0
310.0	16.0
311.0	17.0
312.0	9.0
313.0	8.0
314.0	6.0
315.0	13.0
316.0	20.0
317.0	9.0
318.0	16.0
319.0	6.0
320.0	13.0
321.0	8.0
322.0	6.0
323.0	3.0
324.0	18.0
325.0	14.0
326.0	16.0
327.0	15.0
328.0	17.0
329.0	13.0
330.0	8.0
331.0	9.0
332.0	4.0
333.0	14.0
334.0	6.0
335.0	6.0
336.0	9.0
337.0	8.0
338.0	12.0
339.0	6.0
340.0	5.0
341.0	8.0
342.0	4.0
343.0	6.0
344.0	4.0
345.0	12.0
346.0	12.0
347.0	16.0
348.0	12.0
349.0	10.0
350.0	12.0
351.0	9.0
352.0	5.0
353.0	8.0
354.0	9.0
355.0	10.0
356.0	22.0
357.0	12.0
358.0	5.0
359.0	8.0
360.0	10.0
361.0	7.0
362.0	10.0
363.0	11.0
364.0	7.0
365.0	9.0
366.0	11.0
367.0	5.0
368.0	11.0
369.0	23.0
370.0	2.0
371.0	7.0
372.0	8.0
373.0	14.0
374.0	10.0
375.0	11.0
376.0	24.0
377.0	19.0
378.0	11.0
379.0	8.0
380.0	9.0
381.0	30.0
382.0	11.0
383.0	19.0
384.0	14.0
385.0	7.0
386.0	21.0
387.0	15.0
388.0	7.0
389.0	9.0
390.0	11.0
391.0	5.0
392.0	6.0
393.0	2.0
394.0	8.0
395.0	7.0
396.0	6.0
397.0	10.0
398.0	2.0
399.0	14.0
400.0	7.0
401.0	25.0
402.0	7.0
403.0	2.0
404.0	14.0
405.0	9.0
406.0	12.0
407.0	4.0
408.0	6.0
409.0	4.0
410.0	12.0
411.0	5.0
412.0	8.0
413.0	10.0
414.0	5.0
415.0	1.0
416.0	19.0
417.0	16.0
418.0	9.0
419.0	13.0
420.0	4.0
421.0	3.0
422.0	6.0
423.0	9.0
424.0	17.0
425.0	9.0
426.0	5.0
427.0	4.0
428.0	7.0
429.0	6.0
430.0	6.0
431.0	8.0
432.0	5.0
433.0	9.0
434.0	10.0
435.0	4.0
436.0	13.0
437.0	9.0
438.0	9.0
439.0	6.0
440.0	5.0
441.0	4.0
442.0	8.0
443.0	6.0
444.0	5.0
446.0	5.0
447.0	2.0
448.0	8.0
449.0	7.0
450.0	7.0
451.0	11.0
452.0	20.0
453.0	1.0
454.0	7.0
455.0	5.0
456.0	3.0
457.0	3.0
458.0	3.0
459.0	13.0
460.0	14.0
461.0	7.0
462.0	6.0
463.0	9.0
464.0	2.0
465.0	6.0
466.0	8.0
467.0	7.0
468.0	8.0
469.0	3.0
470.0	2.0
471.0	7.0
472.0	5.0
473.0	6.0
474.0	3.0
475.0	4.0
476.0	1.0
477.0	3.0
478.0	10.0
479.0	8.0
480.0	5.0
481.0	3.0
482.0	2.0
485.0	2.0
486.0	3.0
487.0	4.0
488.0	6.0
489.0	3.0
490.0	5.0
491.0	2.0
492.0	7.0
493.0	5.0
494.0	8.0
495.0	3.0
496.0	3.0
497.0	4.0
498.0	4.0
499.0	3.0
500.0	1.0
501.0	5.0
502.0	8.0
503.0	6.0
504.0	6.0
505.0	4.0
506.0	8.0
507.0	3.0
508.0	4.0
509.0	7.0
510.0	5.0
511.0	1.0
512.0	3.0
513.0	4.0
514.0	5.0
515.0	1.0
516.0	6.0
517.0	1.0
518.0	13.0
519.0	5.0
520.0	2.0
521.0	1.0
522.0	1.0
523.0	4.0
524.0	3.0
525.0	4.0
526.0	4.0
528.0	6.0
529.0	1.0
530.0	2.0
531.0	1.0
532.0	3.0
533.0	1.0
534.0	5.0
535.0	1.0
536.0	1.0
537.0	2.0
538.0	1.0
539.0	4.0
540.0	3.0
541.0	2.0
542.0	10.0
543.0	5.0
544.0	3.0
545.0	4.0
546.0	3.0
547.0	5.0
549.0	3.0
550.0	7.0
551.0	2.0
553.0	4.0
554.0	2.0
555.0	1.0
556.0	4.0
557.0	3.0
558.0	2.0
559.0	2.0
560.0	3.0
561.0	8.0
562.0	3.0
563.0	3.0
564.0	6.0
565.0	4.0
567.0	3.0
568.0	1.0
569.0	1.0
570.0	8.0
571.0	5.0
572.0	5.0
573.0	2.0
575.0	2.0
576.0	3.0
577.0	1.0
578.0	2.0
579.0	1.0
580.0	1.0
581.0	3.0
582.0	4.0
584.0	4.0
585.0	1.0
586.0	2.0
587.0	1.0
588.0	2.0
589.0	4.0
591.0	2.0
592.0	3.0
593.0	2.0
595.0	1.0
596.0	1.0
597.0	3.0
598.0	6.0
599.0	2.0
600.0	1.0
601.0	1.0
602.0	1.0
603.0	2.0
604.0	3.0
605.0	1.0
606.0	5.0
607.0	5.0
608.0	1.0
609.0	2.0
610.0	5.0
611.0	2.0
612.0	1.0
613.0	1.0
614.0	1.0
615.0	3.0
617.0	1.0
618.0	1.0
619.0	1.0
620.0	3.0
622.0	3.0
624.0	3.0
625.0	1.0
626.0	3.0
627.0	1.0
628.0	2.0
629.0	1.0
631.0	2.0
632.0	3.0
634.0	1.0
636.0	1.0
637.0	2.0
639.0	1.0
640.0	2.0
643.0	1.0
644.0	1.0
646.0	1.0
647.0	1.0
652.0	1.0
653.0	1.0
656.0	1.0
658.0	1.0
662.0	2.0
663.0	2.0
664.0	2.0
665.0	1.0
666.0	1.0
669.0	2.0
671.0	2.0
673.0	3.0
676.0	1.0
677.0	2.0
680.0	1.0
681.0	4.0
683.0	1.0
685.0	1.0
686.0	2.0
687.0	2.0
689.0	1.0
691.0	5.0
692.0	6.0
694.0	1.0
696.0	2.0
698.0	1.0
699.0	2.0
703.0	2.0
704.0	1.0
706.0	1.0
707.0	3.0
708.0	4.0
710.0	2.0
711.0	1.0
712.0	1.0
713.0	3.0
714.0	1.0
715.0	3.0
721.0	2.0
722.0	2.0
725.0	1.0
727.0	1.0
738.0	2.0
739.0	1.0
740.0	1.0
741.0	1.0
745.0	1.0
746.0	1.0
767.0	1.0
769.0	1.0
771.0	1.0
784.0	1.0
792.0	2.0
795.0	1.0
815.0	1.0
828.0	1.0
848.0	1.0
869.0	2.0
