# Position (bp)	A	C	G	T	N
0.0	12.375193362396288	26.395724933202082	55.78680916889326	5.442272535508367	0.0
1.0	12.323005747932147	33.422122529090146	25.360998177484927	28.86583485209589	0.028038693396887703
2.0	15.881374722838137	34.78381374722838	26.967849223946782	22.366962305986696	0.0
3.0	10.16064808458053	42.02938349581217	17.890978992173554	29.90525882191405	0.013730605519703419
4.0	26.659412404787812	22.823721436343853	21.436343852013056	29.08052230685528	0.0
5.0	26.974564926372157	18.13922356091031	44.33734939759036	10.548862115127175	0.0
6.0	20.97463284379172	28.010680907877166	36.44859813084112	14.566088117489986	0.0
7.0	27.143803843605035	29.145129224652088	31.411530815109344	12.299536116633531	0.0
8.0	7.598264756145655	50.887340607335354	26.962008676219273	14.552385960299723	0.0
9.0	21.39789144865287	35.57204217102694	17.44110373551998	25.588962644800205	0.0
10.0	15.126484254001033	17.78523489932886	50.86473928755808	16.22354155911203	0.0
11.0	14.491079450648185	36.33679887049159	27.429084841483764	21.743036837376458	0.0
12.0	12.461695607763023	31.1414708886619	39.0832482124617	17.31358529111338	0.0
13.0	12.787301587301586	42.65396825396826	24.253968253968253	20.304761904761907	0.0
14.0	20.9815796114055	32.13474640423921	30.72167549835983	16.161998485995458	0.0
15.0	20.980245061265315	29.294823705926483	34.28357089272318	15.441360340085023	0.0
16.0	21.36018898420987	28.98172323759791	30.423971155041652	19.234116623150566	0.0
17.0	21.73752310536044	31.8422674060382	28.20702402957486	18.213185459026494	0.0
18.0	17.71240234375	35.400390625	30.28564453125	16.6015625	0.0
19.0	19.314452412787166	32.35687370852072	30.108180381670113	18.220493497022	0.0
20.0	18.03755299818292	31.920048455481524	33.591762568140524	16.450635978195034	0.0
21.0	17.656287714216752	34.64880521361333	31.22133719526913	16.473569876900797	0.0
22.0	18.295168445030573	31.411101786356554	32.80182232346242	17.491907445150463	0.0
23.0	18.536178328763857	31.17177255930385	30.25390392180236	20.03814519012993	0.0
24.0	17.181558935361217	33.57889733840304	29.87167300380228	19.367870722433462	0.0
25.0	17.817794100225093	34.11918019192039	28.610354223433244	19.452671484421277	0.0
26.0	18.260252925186148	31.012882637986056	33.884883583500766	16.84198085332703	0.0
27.0	18.46698113207547	32.66509433962264	30.96698113207547	17.900943396226417	0.0
28.0	19.281774439619763	33.44677854711888	28.998943785940618	18.272503227320737	0.0
29.0	16.828441117997894	34.77955794643901	31.049000116945386	17.343000818617703	0.0
30.0	17.647058823529413	34.628851540616246	32.63305322128851	15.091036414565826	0.0
31.0	17.404438247937726	31.23039386545835	34.64621819449285	16.718949692111075	0.0
32.0	19.0349456144411	31.370053228419348	31.798194862300395	17.796806294839158	0.0
33.0	16.393820613327183	33.537007147798015	32.430251325801244	17.62739220659442	0.011528706479133042
34.0	15.785837651122625	32.8957973517559	32.45826137017847	18.860103626943005	0.0
35.0	18.81484897394512	32.03827530551072	31.31196679732534	17.834908923218816	0.0
36.0	19.236975564776397	31.512217611802672	31.512217611802672	17.738589211618258	0.0
37.0	18.88672546100103	30.328713778490435	33.535677471080064	17.248883289428473	0.0
38.0	18.48384518780683	33.10880237470031	31.830117593332574	16.577234844160294	0.0
39.0	18.23160296634341	32.34455219623503	32.538505419281236	16.88533941814033	0.0
40.0	19.0156853830416	29.358945214821553	33.51898158672426	18.106387815412596	0.0
41.0	16.838878165095945	33.62098330873169	32.303849210855	17.23628931531736	0.0
42.0	18.157027610498808	31.598681967958186	32.837177593455294	17.40711282808772	0.0
43.0	18.214853508971157	31.66023166023166	31.773790597320005	18.351124233477176	0.0
44.0	16.477401771519418	34.27208721326369	32.920735861912334	16.329775153304567	0.0
45.0	16.519174041297934	32.210120263217604	34.33174495121398	16.938960744270478	0.0
46.0	15.924793294823875	32.7896704043493	33.412617510476835	17.872918790349985	0.0
47.0	18.45908728803915	30.57926482303403	32.75293046546034	18.208717423466485	0.0
48.0	16.07669616519174	32.40299523485364	34.3430905377808	17.177218062173814	0.0
49.0	17.285633162975582	30.335036910846107	34.76433844406587	17.614991482112437	0.0
50.0	19.815825375170533	33.48112778535698	30.593451568894952	16.109595270577532	0.0
51.0	18.725868725868725	30.479218714512836	33.52259822848058	17.27231433113786	0.0
52.0	20.416478044363963	32.8881846989588	31.349026708918064	15.346310547759167	0.0
53.0	20.369535826949075	32.23298783235692	30.036052275799907	17.361424064894095	0.0
54.0	18.661097313163243	31.7678934296681	34.37570557687965	15.195303680289005	0.0
55.0	18.03204694199955	33.19792371925073	31.02008575942225	17.749943579327464	0.0
56.0	17.63576831884385	33.55537992548267	33.18279327085921	15.626058484814271	0.0
57.0	18.762045119600952	32.422627819975055	31.40233533612969	17.412991724294297	0.0
58.0	16.987542468856173	32.25368063420159	30.74745186862967	20.01132502831257	0.0
59.0	17.972193964055613	30.643155872047025	31.841302136317395	19.54334802757997	0.0
60.0	17.008266334503453	32.40856075189672	34.22036009511947	16.362812818480354	0.0
61.0	16.693073789044817	32.82028066998642	32.83159800814848	17.65504753282028	0.0
62.0	20.857434501531134	31.246455710559147	31.824883747306338	16.071226040603378	0.0
63.0	18.630790190735695	32.549954586739325	31.868755676657585	16.95049954586739	0.0
64.0	18.764198091776464	31.690140845070424	32.09904588823262	17.446615174920492	0.0
65.0	17.770707874105216	32.81445290307919	32.74627883195092	16.668560390864677	0.0
66.0	17.23353429643954	36.96962802866568	30.22409282220453	15.572744852690251	0.0
67.0	17.922166590805645	33.09057806099226	31.884387801547565	17.10286754665453	0.0
68.0	17.070948639107165	31.442888053752423	32.84363967657442	18.642523630565993	0.0
69.0	18.305355715427655	32.24848692474592	32.87655589813863	16.569601461687792	0.0
70.0	20.785166533134944	28.99164472931212	33.55842966693373	16.664759070619205	0.0
71.0	18.04805150017243	32.693413035981145	31.854236119094146	17.404299344752268	0.0
72.0	20.306028531983433	32.409111826967326	30.63736769443166	16.647491946617578	0.0
73.0	16.269978153386226	30.24031275152351	34.79360699091641	18.696102104173853	0.0
74.0	20.606826801517066	29.51384898287553	31.479140328697852	18.400183886909552	0.0
75.0	18.619102416570772	31.1277330264672	32.93440736478711	17.318757192174914	0.0
76.0	17.84767830395207	35.303606406268	30.107155202212237	16.74156008756769	0.0
77.0	19.486056695091033	32.48444342014289	30.767457939617422	17.262041945148653	0.0
78.0	15.582765392168188	34.076469908744365	32.55169227214971	17.78907242693774	0.0
79.0	18.27845176198729	32.10860774119006	31.865973425765453	17.746967071057192	0.0
80.0	18.03507142027639	29.044245732202995	33.02752293577982	19.893159911740796	0.0
81.0	20.366504291347713	30.109023428438874	33.03177916956623	16.49269311064718	0.0
82.0	21.89129678989454	32.077876926642716	30.212075559160965	15.818750724301772	0.0
83.0	19.252206223873664	31.61867162099396	30.492336274965165	18.63678588016721	0.0
84.0	18.07186882195604	30.643098034655193	33.817885800674496	17.46714734271427	0.0
85.0	18.984984285880575	32.55732743568851	30.834594342917004	17.623093935513907	0.0
86.0	18.657671280679306	30.987553797836455	32.80214028149355	17.552634639990693	0.0
87.0	16.53305449053096	33.08934588125944	32.97316138027187	17.404438247937726	0.0
88.0	16.926658905704308	31.69965075669383	32.980209545983705	18.39348079161816	0.0
89.0	19.538622859140162	30.257485727601075	30.5837119888151	19.620179424443666	0.0
90.0	17.72983114446529	34.08771106941838	30.241557223264543	17.940900562851784	0.0
91.0	18.155111633372503	31.90364277320799	30.705052878965923	19.236192714453583	0.0
92.0	17.656030032848427	32.590333176912246	32.965743782261846	16.787893007977477	0.0
93.0	17.309048178613395	30.705052878965923	33.52526439482961	18.46063454759107	0.0
94.0	18.501529051987767	30.910374029640085	34.50952717007763	16.07856974829452	0.0
95.0	19.818546011547074	30.28160716389773	32.57923883586662	17.320607988688582	0.0
96.0	18.050158954433062	35.68821382314847	30.93135523372189	15.330271988696573	0.0
97.0	17.121588089330025	31.40730237504431	32.51801961479381	18.953089920831857	0.0
98.0	18.453717933561887	33.384560822792295	32.43882255585767	15.722898687788152	0.0
99.0	18.20440028388928	32.56446652472202	31.32245091081145	17.908682280577242	0.0
100.0	18.30516543680076	30.40942632706499	33.37300642704118	17.888597952868366	0.023803856224708403
101.0	19.12878787878788	33.605587121212125	29.474431818181817	17.791193181818183	0.0
102.0	18.24131366016183	31.734888148500712	32.38933841028082	17.634459781056638	0.0
103.0	17.587520838294832	32.22195760895452	32.32912598237675	17.861395570373897	0.0
104.0	18.67541766109785	32.673031026252985	30.859188544152744	17.79236276849642	0.0
105.0	19.866044731491446	31.407726348522903	31.467527807678508	17.25870111230714	0.0
106.0	18.848230353929214	34.169166166766644	29.706058788242352	17.276544691061787	0.0
107.0	16.399759181216133	33.71462974111981	30.078266104756167	19.807344972907888	0.0
108.0	16.735088142960638	34.97947355711181	31.53827577879739	16.747162521130164	0.0
109.0	19.032062915910466	32.19600725952813	32.280701754385966	16.49122807017544	0.0
110.0	17.768344451182536	32.322619769557306	30.29714978775015	19.611885991510007	0.0
111.0	18.44636551808109	32.959941556069644	32.76512845488859	15.828564470960671	0.0
112.0	17.454501038231342	31.03700989373397	32.832539391718576	18.663735189935263	0.012214486380847685
113.0	18.879490008581588	31.151158514159615	34.289567242858894	15.679784234399902	0.0
114.0	18.016019716574245	34.91065927295132	32.38447319778189	14.688847812692545	0.0
115.0	20.832301213772602	31.954421600198167	27.9291553133515	19.28412187267773	0.0
116.0	19.29846306395637	31.19732275656916	32.13931581556768	17.364898363906793	0.0
117.0	18.75156054931336	31.785268414481898	31.897627965043696	17.56554307116105	0.0
118.0	19.855054354617018	33.824815694114704	28.939147819567662	17.380982131700613	0.0
119.0	19.230287075341607	29.87338598470603	32.85696377084117	18.039363169111194	0.0
120.0	17.884639656695697	32.48769405528209	30.960494762085066	18.667171525937146	0.0
121.0	17.632911392405063	35.13924050632911	29.88607594936709	17.341772151898734	0.0
122.0	15.429588205388917	32.44789018810371	33.362989323843415	18.759532282663955	0.0
123.0	17.49107598164202	33.79653238143804	31.374298827129017	17.338092809790922	0.0
124.0	19.25593329057088	32.456703014753046	33.1879409878127	15.099422706863376	0.0
125.0	19.48135724422655	31.350793446006968	29.931621726228876	19.23622758353761	0.0
126.0	18.21836099585062	34.219398340248965	31.34076763485477	16.221473029045644	0.0
127.0	18.57831011587033	29.74873063403203	33.446165863819814	18.22679338627783	0.0
128.0	16.63617354939885	33.128593831677996	31.9916361735494	18.243596445373758	0.0
129.0	18.282111899133174	31.20567375886525	32.269503546099294	18.242710795902287	0.0
130.0	19.224194608809995	32.92570677186062	26.640368178829714	21.209730440499673	0.0
131.0	17.072203120867496	32.04178788680243	32.42528431631844	18.434276646389844	0.026448029621793177
132.0	19.163670262351847	31.322413104274872	32.081502197363164	17.43241443601012	0.0
133.0	19.895287958115183	33.57497650691368	30.138273593770975	16.391461941200163	0.0
134.0	19.970213918223667	30.706742485783916	32.34497698348227	16.978066612510155	0.0
135.0	16.643816835755416	34.30216616397039	33.34247326569783	15.711543734576363	0.0
136.0	19.442143054404863	33.07097486882077	29.204639602319798	18.28224247445457	0.0
137.0	19.232907170650364	30.794886047804336	30.739299610894943	19.232907170650364	0.0
138.0	18.84787472035794	31.823266219239372	31.851230425055927	17.463646532438478	0.013982102908277404
139.0	16.6197579510273	30.10132282578103	32.19814241486068	21.080776808330988	0.0
140.0	19.963240492011877	31.64145341439276	31.04764597766153	17.347660115933834	0.0
141.0	18.95910780669145	32.41349728338576	31.384043465827855	17.24335144409494	0.0
142.0	19.153546150512785	30.261447349414993	30.940343781597573	19.644662718474653	0.0
143.0	16.99811293366236	31.92045289592103	32.86398606474089	18.217448105675714	0.0
144.0	19.765567765567766	30.98901098901099	32.35164835164836	16.893772893772894	0.0
145.0	18.789050877714967	32.2225528116632	31.404343945254386	17.58405236536745	0.0
146.0	16.132446325975206	32.20441487753251	31.130934381614754	20.532204414877533	0.0
147.0	19.949811794228356	32.1831869510665	29.95608531994981	17.910915934755334	0.0
148.0	19.749699982856164	32.62472141265215	31.596091205211724	16.029487399279958	0.0
149.0	23.360386049572273	37.157271331432334	24.128098267163853	15.354244351831541	0.0
150.0	43.162393162393165	0.0	40.22435897435898	16.613247863247864	0.0
