#Position (bp)	insert size
6876.0	10806.064709921044
20627.0	1210.2223016440314
34378.0	344.64030261348006
48129.0	1135.9812934259753
61880.0	346.6543778801843
75631.0	343.2793957044048
89382.0	348.9718795355588
103133.0	1230.1101679609897
116884.0	1455.0083615015121
130635.0	343.9766979768786
144386.0	973.3825566161332
158137.0	993.174940025835
171888.0	347.23254959588536
185639.0	343.6428054953001
199390.0	2290.616014897579
213141.0	430.90520043336943
226892.0	346.1431258228324
240643.0	345.2089745966994
254394.0	344.369710467706
268145.0	343.8883151654236
281896.0	345.3355795148248
295647.0	19610.44678030303
309398.0	345.3090284405421
323149.0	343.5803088803089
336900.0	343.9288476411446
350651.0	340.25124328625424
364402.0	340.5799031476998
378153.0	341.06837110207243
391904.0	343.44235662556275
405655.0	1983.5897331432063
419406.0	343.9930610626487
433157.0	347.26617012936106
446908.0	347.7194117647059
460659.0	345.83906902725283
474410.0	622.1643863179074
488161.0	344.6203416149068
501912.0	345.66400980993257
515663.0	1194.1277915632754
529414.0	1197.937103289094
543165.0	346.6920174741859
556916.0	1046.5167520693733
570667.0	344.5287514769594
584418.0	341.78067078552516
598169.0	1018.8400857031554
611920.0	348.3136850783182
625671.0	342.13819368879217
639422.0	1196.2212407559573
653173.0	344.46227736641987
666924.0	688.2577879991637
680675.0	342.6626531035914
694426.0	341.39123173277665
708177.0	844.7281652689711
721928.0	344.7659486329743
735679.0	628.8770065075922
749430.0	1100.3788225504472
763181.0	665.2164492593412
776932.0	861.4783728115345
790683.0	1186.2748791040976
804434.0	350.56124469589815
818185.0	339.2840128263857
831936.0	338.1167273506104
845687.0	346.9409602076125
859438.0	350.55394594594594
873189.0	1025.7885471898198
886940.0	793.4549374730487
900691.0	342.69824945295403
914442.0	966.9411764705883
928193.0	347.45195885314075
941944.0	1288.8515992474129
955695.0	630.7675410535295
969446.0	346.994135534318
983197.0	346.3884940026655
996948.0	341.7796198054819
1010699.0	1100.8637687654045
1024450.0	343.70302892279665
1038201.0	346.7159266622487
1051952.0	345.1244635193133
1065703.0	346.24145053936195
1079454.0	932.4533869885983
1093205.0	345.12113402061857
1106956.0	2005.2820976491862
1120707.0	342.39695681360485
1134458.0	765.6031242925062
1148209.0	341.7127098321343
1161960.0	346.1601025402004
1175711.0	344.5406409660938
1189462.0	344.69177449168205
1203213.0	587.9884135472371
1216964.0	347.74132849693945
1230715.0	369.7507549361208
1244466.0	346.3009049773756
1258217.0	345.3065843621399
1271968.0	813.4584116541354
1285719.0	1295.8811553030303
1299470.0	346.8648148148148
1313221.0	2635.829173345546
1326972.0	343.1041666666667
1340723.0	347.47857142857146
1354474.0	1098.6089877229558
1368225.0	344.9803310146318
1381976.0	339.0721525096525
1395727.0	342.9936445856759
1409478.0	345.99741868869387
1423229.0	341.5303682448589
1436980.0	1213.901394666014
1450731.0	345.539336492891
1464482.0	682.7160621761658
1478233.0	333.7944714614794
1491984.0	561.3560756972112
1505735.0	343.98899486427
1519486.0	345.68276538367246
1533237.0	345.9314933464761
1546988.0	349.19557285332036
1560739.0	343.8823238566131
1574490.0	347.7562814070352
1588241.0	335.2235041588409
1601992.0	343.68353783231083
1615743.0	343.5421871017079
1629494.0	341.65443609022554
1643245.0	343.03907455012853
1656996.0	821.993940924009
1670747.0	1190.785084404132
1684498.0	511.00156780768225
1698249.0	1339.137896070976
1712000.0	343.2937276899541
1725751.0	661.1440414507772
1739502.0	343.5719298245614
1753253.0	1124.2233731739707
1767004.0	405.7696629213483
1780755.0	347.41001564945225
1794506.0	342.6736202799049
1808257.0	344.08599838753025
1822008.0	344.63916192446976
1835759.0	616.5041390728477
1849510.0	344.0229765013055
1863261.0	337.7210755024443
1877012.0	448.5878199470433
1890763.0	338.6876663708962
1904514.0	361.1851532153647
1918265.0	511.029381443299
1932016.0	344.6239489707161
1945767.0	427.5255793616091
1959518.0	334.4144523655217
1973269.0	1301.2021660649818
1987020.0	899.1916688636962
2000771.0	344.8088701161563
2014522.0	1636.8365019011408
2028273.0	342.1592026215183
2042024.0	344.91393775372126
2055775.0	404.57266982622434
2069526.0	344.2489120974761
2083277.0	341.463883955003
2097028.0	861.9177667766777
2110779.0	350.91047919957873
2124530.0	347.77253855278764
2138281.0	343.30486486486484
2152032.0	1088.2726094843224
2165783.0	345.6332976445396
2179534.0	346.17139107611547
2193285.0	341.55163116743057
2207036.0	343.6242283950617
2220787.0	341.92045454545456
2234538.0	344.52859391395594
2248289.0	342.2881180429718
2262040.0	344.1237597911227
2275791.0	340.2846153846154
2289542.0	342.500260552371
2303293.0	343.94558860920415
2317044.0	343.2128753043008
2330795.0	343.3097653772987
2344546.0	346.6390532544379
2358297.0	346.4900808229243
2372048.0	345.78148243139265
2385799.0	346.1589730930634
2399550.0	340.8844133099825
2413301.0	346.4250548379235
2427052.0	347.1332670313277
2440803.0	347.13282636248414
2454554.0	342.67637540453075
2468305.0	340.27083842581277
2482056.0	344.78723972237054
2495807.0	337.4678082191781
2509558.0	341.9766226622662
2523309.0	730.7379042061756
2537060.0	347.88710834728533
2550811.0	343.97704747000523
2564562.0	347.4020294757188
2578313.0	626.7635361763297
2592064.0	346.2214573937812
2605815.0	345.792493425771
2619566.0	342.2638337613822
2633317.0	779.5356719601801
2647068.0	344.62282582797235
2660819.0	347.3071895424837
2674570.0	342.49526892430276
2688321.0	346.5784336509412
2702072.0	1028.1175198269648
2715823.0	345.6917603855864
2729574.0	344.49267139479906
2743325.0	347.8959402706486
2757076.0	341.9945615227736
2770827.0	346.0204413472706
2784578.0	346.92605551667833
2798329.0	345.1574378226185
2812080.0	344.01147614761476
2825831.0	347.6917225950783
2839582.0	344.7124036788466
2853333.0	345.75709421112373
2867084.0	348.23519736842104
2880835.0	344.8551475557558
2894586.0	344.5265667574932
2908337.0	346.05775688381465
2922088.0	346.7185769066894
2935839.0	342.51558011049724
2949590.0	344.08822202166067
2963341.0	342.9343356179527
2977092.0	346.36748952026085
2990843.0	688.9198675496689
3004594.0	347.7749430523918
3018345.0	724.1424936386768
3032096.0	589.7357372190664
3045847.0	344.03051537070525
3059598.0	343.43422982885085
3073349.0	346.7158011049724
3087100.0	348.5869379014989
3100851.0	343.44329228775115
3114602.0	341.8656401603037
3128353.0	719.6356043956044
3142104.0	344.1420812513578
3155855.0	343.20236836540494
3169606.0	349.2736616702355
3183357.0	342.8985945945946
3197108.0	343.3425925925926
3210859.0	345.30533220482437
3224610.0	343.39022842639594
3238361.0	339.7308816366293
3252112.0	339.02614515791674
3265863.0	343.10617839607204
3279614.0	343.6657614372258
3293365.0	345.76452991452993
3307116.0	343.2524122807018
3320867.0	343.6034375647132
3334618.0	343.40821536319334
3348369.0	345.23352361183186
3362120.0	348.46750567361255
3375871.0	345.51377467105266
3389622.0	542.3910659898477
3403373.0	345.71941612604263
3417124.0	344.12113870381586
3430875.0	345.742891230861
3444626.0	342.652970795569
3458377.0	341.554406206485
3472128.0	345.9569936514438
3485879.0	346.87758654032103
3499630.0	347.154769168192
3513381.0	345.44871539533955
3527132.0	347.3074155506696
3540883.0	348.5935230618253
3554634.0	346.26848874598073
3568385.0	343.57014864589695
3582136.0	345.48809066461774
3595887.0	378.6166600868535
3609638.0	344.2579256360078
3623389.0	342.9179190751445
3637140.0	345.1679316888046
3650891.0	349.73554502369666
3664642.0	507.8690999426715
3678393.0	346.17998093422307
3692144.0	344.99849510910457
3705895.0	343.90853425181785
3719646.0	344.19760831209567
3733397.0	486.25688073394497
3747148.0	342.9464489175845
3760899.0	438.8378691372322
3774650.0	343.89894617990217
3788401.0	345.79063194023826
3802152.0	344.15050426687355
3815903.0	349.2865979381443
3829654.0	344.89486786671773
3843405.0	354.97862056144265
3857156.0	343.16917497733454
3870907.0	372.36698448308096
3884658.0	5283.066175179919
3898409.0	541.0584543661466
3912160.0	343.51906976744186
3925911.0	343.5662294476261
3939662.0	382.60817084493965
3953413.0	346.6798898071625
3967164.0	345.79593292900466
3980915.0	344.89693593314763
3994666.0	343.7970096745822
4008417.0	341.66625766871164
4022168.0	339.6346396965866
4035919.0	342.5879343799612
4049670.0	344.8825659596482
4063421.0	348.0247507734617
4077172.0	345.8118289033621
4090923.0	464.37731104866145
4104674.0	344.47664543524417
4118425.0	342.819838766211
4132176.0	343.4718629849703
4145927.0	347.9801709401709
4159678.0	344.37150127226465
4173429.0	342.1289141182934
4187180.0	342.650581496268
4200931.0	347.2181787969425
4214682.0	454.35267253044657
4228433.0	344.6462550607287
4242184.0	345.0484359233098
4255935.0	344.3933166248956
4269686.0	344.7688687174315
4283437.0	342.632341576507
4297188.0	344.6807288246881
4310939.0	459.4320203303685
4324690.0	266.3955223880597
4338441.0	443.1404480241631
4352192.0	346.2729166666667
4365943.0	346.3579727226806
4379694.0	344.86131386861314
4393445.0	351.4643567639257
4407196.0	347.32804917502426
4420947.0	342.3210437710438
4434698.0	343.1553475087274
4448449.0	347.9389176928062
4462200.0	344.9075370340225
4475951.0	348.5156507413509
4489702.0	347.5444021566762
4503453.0	339.33713674451775
4517204.0	346.92077962904744
4530955.0	349.38650015807775
4544706.0	345.2770494392671
4558457.0	343.688031496063
4572208.0	343.05784329434385
4585959.0	384.724945020421
4599710.0	348.5481748394172
4613461.0	346.2037952479668
4627212.0	350.3392857142857
4640963.0	346.2646438422846
4654714.0	338.301800982354
4668465.0	343.9730177122993
4682216.0	347.5318166267533
4695967.0	348.40857605177996
4709718.0	345.5802789490756
4723469.0	342.4331658291457
4737220.0	343.49569175743784
4750971.0	349.0958054512812
4764722.0	345.7976433621367
4778473.0	345.9721907841552
4792224.0	350.00158704967464
4805975.0	345.397706189914
4819726.0	345.6115702479339
4833477.0	343.5243631389981
4847228.0	344.7546374367622
4860979.0	348.4714238519987
4874730.0	343.9945830597505
4888481.0	342.3343397425711
4902232.0	352.3516357060661
4915983.0	348.2451127819549
4929734.0	348.2210195530726
4943485.0	349.12995298858294
4957236.0	348.6535459226042
4970987.0	342.3895065340355
4984738.0	345.43002237906694
4998489.0	346.8693201831631
5012240.0	346.3708001385521
5025991.0	346.9443277310924
5039742.0	345.4821583986075
5053493.0	344.75392296718974
5067244.0	345.6764492753623
5076613.5	344.55984555984554
5083489.0	0.0
5094746.0	332.8749058025622
5108497.0	323.39884601514603
5122248.0	329.7699711260828
5135999.0	0.0
5149750.0	19.0
5163501.0	19.0
5177252.0	0.0
5191003.0	0.0
5204754.0	127.0
5218505.0	0.0
5232256.0	269.0658682634731
5246007.0	0.0
5255740.0	0.0
5262615.5	313.77536231884056
5273509.0	95.0
5287260.0	0.0
5301011.0	0.0
5314762.0	0.0
5328513.0	0.0
5342264.0	295.1556603773585
5356015.0	0.0
5369766.0	0.0
5383517.0	70.9
5397268.0	0.0
5411019.0	0.0
5421994.0	0.0
5428869.5	346.7866786678668
5438521.0	298.8561373873874
5452272.0	327.74354644149577
5464002.0	318.39161569446514
5470877.5	309.96334478808706
5479774.0	32.90909090909091
5493417.0	20.22222222222222
