# Position (bp)	A	C	G	T	N
0.0	13.253500418517	26.37023075688224	53.40102246239932	6.972335180685947	0.0029111815154945556
1.0	13.8353104518221	34.20607665558549	25.17886663689137	26.779496742044746	2.495136562982653E-4
2.0	15.64950119383667	34.472958871876315	28.93039717414772	20.9470596142307	8.314590859770268E-5
3.0	10.849316237256405	46.3497980997526	17.047599815066743	25.753119640682105	1.6620724214816212E-4
4.0	29.235832388853606	21.079015718320434	21.170815271946488	28.514308937057507	2.7683821962018905E-5
5.0	25.41911110102875	17.345658280663763	46.074971076229836	11.160121217017082	1.3832506057254404E-4
6.0	20.582658543837688	29.14238692233755	35.61422555371924	14.660673660044393	5.532006112866755E-5
7.0	25.49937739422546	27.062321137376173	33.90313122450227	13.535004326301284	1.6591759481430089E-4
8.0	8.5863916609211	51.882933097281324	25.855905069054614	13.674742527676859	2.7645066102117558E-5
9.0	19.77594295624296	36.06450587641901	18.83306271634964	25.326377901071645	1.1054991674209394E-4
10.0	15.59902863879847	17.74770525724798	51.649664530036745	15.003435793759538	1.6578015727563523E-4
11.0	15.732448426965112	36.44848995170476	26.06849294633045	21.75056867499968	0.0
12.0	12.33031424250024	29.93587101949004	39.95822694886586	17.775422066909798	1.6572223406829302E-4
13.0	11.798373053372	44.91613697103386	26.204704326834126	17.080758034077622	2.7614682395253365E-5
14.0	18.975697214895195	31.555244620869814	35.62920376118081	13.839854403054177	0.0
15.0	18.838273873141777	31.952713027655832	33.444839594392874	15.764035490623868	1.3801418565005785E-4
16.0	18.909210541205095	31.444990090331025	31.217761836196388	18.42803753226749	0.0
17.0	18.069965130025597	32.15052481574326	31.901694047157804	17.87781600707334	0.0
18.0	18.09609606295302	31.53274158524842	33.163433389712196	17.207728962086367	0.0
19.0	18.149118838212736	32.227430229863494	32.048577009236475	17.57484633465388	2.758803341462607E-5
20.0	17.431775587432412	32.98721766948112	32.08900432518072	17.491947214578094	5.5203327656591136E-5
21.0	17.284976176661385	32.753838756883745	32.778279323363606	17.182905743091258	0.0
22.0	17.751728135906625	32.3360705904523	32.36323224206862	17.54896903157245	0.0
23.0	17.62440582221653	32.3420163766774	32.521116414194964	17.5124613869111	0.0
24.0	17.273249370778796	32.565108971872746	32.65905644206877	17.502585215279687	0.0
25.0	17.70703973007973	32.25461932284074	31.97640523031421	18.061908033771036	2.7682994281247044E-5
26.0	17.40848785055532	32.57657987106712	32.44088729315747	17.574017281549633	2.7703670459299152E-5
27.0	17.397290352773133	32.43678062769686	32.84987041733713	17.315975429752	8.317244086716695E-5
28.0	17.954628310722214	31.920381191884967	32.41165904700919	17.713331450383627	0.0
29.0	17.593647431798438	32.64662298382898	32.381654985177285	17.378074599195294	0.0
30.0	17.615648177222997	32.46057527447945	32.764746584116736	17.15900217582802	2.778835278981168E-5
31.0	17.962159370507607	32.17379623596119	32.28429058484133	17.57975380868987	0.0
32.0	17.576723261789816	32.51565336315218	32.45716811710634	17.4503439105056	1.113474460653849E-4
33.0	17.293894227232908	32.59588401416723	32.839007134880674	17.27121462371919	0.0
34.0	17.81836000905863	32.07524015961927	32.25883913461099	17.847560696711113	0.0
35.0	17.464541482082854	32.50329710335093	32.31345542014756	17.718705994418656	0.0
36.0	17.286096585459642	32.52599526484877	32.65734093759571	17.530567212095875	0.0
37.0	17.943822594604818	32.04406490064669	32.15039199198393	17.86152469860004	1.958141645252989E-4
38.0	17.59166725236114	32.462249307597126	32.33377920783679	17.612304232204945	0.0
39.0	17.48554386732031	32.426892471038684	32.80478404794139	17.282751584358508	2.8029341114278424E-5
40.0	17.951449200126834	32.0522267649543	32.31751358844344	17.678810446475424	0.0
41.0	17.660419848861604	32.48891212548662	32.403114016247706	17.447413540986858	1.4046841722154034E-4
42.0	17.55306730813045	32.435147144944224	32.72489158140663	17.286893965518697	0.0
43.0	17.881687161090053	32.15036265863675	32.172132878890544	17.795817301382648	0.0
44.0	17.48728618312521	32.590178283892755	32.36001265600757	17.562410078333016	1.1279864145316234E-4
45.0	17.37029469929784	32.520434013130625	32.73245419358919	17.376817093982343	0.0
46.0	17.86422846002973	32.206954689861405	32.115586961327594	17.812862382447445	3.67506333830315E-4
47.0	17.571964382304596	32.45001433640828	32.38780026849984	17.58993796425267	2.83048534615279E-4
48.0	17.428286412251815	32.425310744710394	32.719476735947765	17.426642710181316	2.8339690870651986E-4
49.0	17.8701406895268	32.04164105811962	32.25851211078555	17.82876976256266	9.363790053611954E-4
50.0	17.566172292305943	32.52031480850096	32.35663143539039	17.555943857256505	9.376065461984317E-4
51.0	17.484781789814015	32.41700684065518	32.712437565222935	17.384692682627055	0.0010811216808141871
52.0	17.9943502422444	32.0572896262983	32.23248055135709	17.715024851241566	8.547288586378186E-4
53.0	17.590559722582434	32.50106921829657	32.430995832402495	17.47623396636192	0.001141260356581092
54.0	17.504688110300815	32.47489650155394	32.75542593585768	17.26353223074046	0.0014572215471064008
55.0	17.80203355186038	32.18590659349306	32.20616371588871	17.804122209960497	0.0017739287973592495
56.0	17.422711780494122	32.609033232559156	32.36845302081877	17.598254826502615	0.001547139625340084
57.0	17.448735834382585	32.46372371240372	32.721998888639305	17.362443295216014	0.003098269358374235
58.0	17.806763595875637	32.00370220782347	32.299436453188385	17.88802947058543	0.002068272527078571
59.0	17.55029951746406	32.48219075630857	32.33390623988724	17.63015166442538	0.003451821914754381
60.0	17.51669083373804	32.38762023766111	32.669041319066984	17.423795952721257	0.0028516568126081255
61.0	17.944204636844372	32.08022804606613	32.128054950748094	17.84445467520974	0.003057691131657257
62.0	17.66423783625126	32.35211357935954	32.446119774408245	17.533946521048545	0.0035822889324027855
63.0	17.535383216794955	32.36648960471079	32.80896607256059	17.286296712399555	0.0028643935341089955
64.0	17.934403713587802	32.144469460550376	32.22864527644729	17.688859526355287	0.0036220230592476045
65.0	17.62600669110612	32.41155787162583	32.36280664305134	17.596204600781125	0.003424193435589035
66.0	17.36588529898698	32.497922904371066	32.785098266457005	17.34778063894048	0.0033128912444643473
67.0	17.897197254379627	32.06958396349106	32.20775547251426	17.822000291591937	0.003463018023117246
68.0	17.47585999892177	32.48035505872719	32.38267311079995	17.65723602633799	0.003875805213103719
69.0	17.37936130800497	32.42286603846768	32.77974112255717	17.414237471358497	0.0037940596116809175
70.0	17.897669975674958	32.12375546816495	32.20849266010477	17.7661066431737	0.003975252881619892
71.0	17.588333545594413	32.43173610531663	32.43691820336368	17.538766924161312	0.0042452215639689015
72.0	17.534402284140405	32.40240027120648	32.61867922912607	17.440911122398347	0.0036070931286928715
73.0	17.951769357766903	32.01847205983444	32.28638743147888	17.740550989113	0.0028201618067836645
74.0	17.56181839530402	32.39879239783893	32.49872945162043	17.5375698286621	0.003089926574516228
75.0	17.447971323798182	32.52570481906402	32.75177162801118	17.2719286868139	0.0026235423127262437
76.0	17.95088115092958	32.11998889702582	32.267310009213105	17.659162316033168	0.002657626798327467
77.0	17.560162563149987	32.41156044060056	32.415967629346554	17.609883934170206	0.00242543273269365
78.0	17.434234990188173	32.530253993396755	32.66254993690387	17.36982034714574	0.0031407323654544326
79.0	17.77395334976162	32.03797819284497	32.34376753123937	17.841154578855477	0.003146347298564019
80.0	17.51753859293365	32.46980798619692	32.41645842793661	17.59331042930336	0.002884563629459067
81.0	17.457387540231775	32.45176507324701	32.66102095895987	17.42687664361068	0.0029497839506724614
82.0	17.879254077444653	32.08263533587324	32.20823755927443	17.827186029521748	0.0026869978859297744
83.0	17.623956828591364	32.39148204841584	32.41772215526723	17.563727256080703	0.0031117116448627436
84.0	17.51463775985828	32.33953186154645	32.70114682317058	17.442074890278644	0.0026086651460447688
85.0	17.882575458206457	32.040149015702426	32.30336361147614	17.77255963047183	0.0013522841431461883
86.0	17.591227576154115	32.43736833307985	32.4963069264141	17.4738623752223	0.001234789129639306
87.0	17.458036946140663	32.41391050598338	32.77137104210476	17.35481014266729	0.0018713631039032107
88.0	17.801367376573086	32.10448935140368	32.29495401742498	17.798190948693126	9.983059051306873E-4
89.0	17.49397090569687	32.45840584469635	32.47493221912214	17.57056837688867	0.0021226535959722953
90.0	17.314547996838712	32.46887348775002	32.75430117332361	17.461243844610614	0.0010334974770502766
91.0	17.941595665157095	32.022734704188906	32.245894640352304	17.78901314428175	7.618460199487856E-4
92.0	17.545172969152798	32.30640712611093	32.52750160489048	17.619940546484685	9.777533611035657E-4
93.0	17.47965985056417	32.418371305084776	32.70145127893075	17.400149889298845	3.6767612145812995E-4
94.0	17.87560205563109	32.007005738252715	32.34807457424008	17.76904108957666	2.765422994492199E-4
95.0	17.572959604286893	32.38791595719272	32.441478993150525	17.597491351480457	1.5409388940681556E-4
96.0	17.477292292284556	32.423840117954896	32.82215425322282	17.276311498592793	4.0183794493892837E-4
97.0	17.938957095349387	31.947411403083958	32.35667083573877	17.756836647817998	1.24018009895397E-4
98.0	17.539539997169882	32.3752921473589	32.58975902021978	17.495253334328538	1.555009228979774E-4
99.0	17.477387759329822	32.424413451377795	32.77833467956931	17.31967691584356	1.871938795089156E-4
100.0	17.861193773857263	31.991014834224508	32.36365445984468	17.783949141232483	1.8779084106509958E-4
101.0	17.59361478200704	32.326563711632524	32.48140141627818	17.59832586835529	9.422172696490775E-5
102.0	17.443876632765022	32.24031073479272	32.80820296481539	17.507546628027594	6.303959926987536E-5
103.0	17.898690501763937	31.960318005181556	32.33936413516834	17.801532446076646	9.491180952844966E-5
104.0	17.67458418123017	32.28184598890812	32.434276880552616	17.60910241069455	1.9053861455562584E-4
105.0	17.53779020094415	32.215429011550654	32.792132854202634	17.454297256560206	3.5067674235333426E-4
106.0	17.935567741113715	31.788753029943233	32.4311938056343	17.84435740880727	1.2801450148272795E-4
107.0	17.64153231960543	32.26283024475665	32.51284028564314	17.58266862664771	1.2852334706926603E-4
108.0	17.391402521535632	32.35949220910972	32.84163872397458	17.40711171754414	3.5482783592115727E-4
109.0	17.918089897792925	31.87588636518942	32.49371468100893	17.712276669977598	3.238603112750996E-5
110.0	17.599116758020642	32.1733573764201	32.6013850248859	17.626043280808183	9.755986517226634E-5
111.0	17.464378105098714	32.42100223949173	32.76727768848403	17.347341966925537	0.0
112.0	17.889178769786284	31.847288338206287	32.41987507973547	17.843625016193062	3.279607890080662E-5
113.0	17.6683611298427	32.225085675752155	32.52344779717042	17.58310539723472	0.0
114.0	17.56547047164157	32.260529601830584	32.70175965803016	17.47224026849769	0.0
115.0	17.940785097579568	31.832489380084123	32.41023141926088	17.816494103075428	0.0
116.0	17.643780449932713	32.25587460387956	32.53203191002682	17.568279643499952	3.3392660960974E-5
117.0	17.510466299555187	32.21943240155708	32.89577571362353	17.374258504350532	6.708091366887653E-5
118.0	18.167954309183777	31.76894929852847	32.34965170656708	17.71341099837829	3.368734238534681E-5
119.0	17.635583842024012	32.191315285823656	32.5529105406979	17.620156499563063	3.3831891361737013E-5
120.0	17.49084843416734	32.2550348478171	32.918895022968535	17.335187715409663	3.397963736251414E-5
121.0	17.89606683187832	31.877941787296088	32.442314432970335	17.783608687980358	6.825987490012727E-5
122.0	17.635105576194924	32.12339324921248	32.491816250656555	17.749307792629896	3.771313061497088E-4
123.0	17.549698297239214	32.10868187579214	32.9195597068386	17.421991238221192	6.88819088554582E-5
124.0	17.938134413260293	31.799692187599476	32.348848056380604	17.913256140331452	6.92024281747998E-5
125.0	17.615881239047024	32.104525602459375	32.590289382830036	17.689234246746306	6.952891725050678E-5
126.0	17.51844858934881	32.186531176151064	32.8348386217834	17.460111748236358	6.986448037419415E-5
127.0	17.888488728824864	31.773200508273487	32.54157803472266	17.796627422898982	1.0530528000673955E-4
128.0	17.627128088797097	32.08229644552036	32.68612488925756	17.604380039839064	7.053658591638311E-5
129.0	17.50131635734336	32.2062149074723	32.81326292918033	17.479099505276412	1.063007275930468E-4
130.0	17.941408948166714	31.75310294735493	32.53288091660673	17.772429164500718	1.7802337090813282E-4
131.0	17.61808850675929	32.07671392079497	32.639913380352496	17.66506950360802	2.146884852188767E-4
132.0	17.47361765352222	32.129833406645105	32.96544372083789	17.43078152025473	3.2369874005660414E-4
133.0	17.90635093248005	31.624579182417754	32.65385315025968	17.81481892683696	3.978080055606326E-4
134.0	17.567545446509477	32.036256079935946	32.62130497588033	17.774493352312348	4.001453618969218E-4
135.0	17.59175383908157	31.868961203471596	33.03002786369664	17.50878129175849	4.758019917071373E-4
136.0	17.919901514269675	31.56531015490432	32.68764080704076	17.826668650919363	4.78872865884655E-4
137.0	17.66768303992047	31.861854844094278	32.74379975221265	17.72592048548515	7.418782874481613E-4
138.0	17.487767466973562	31.864557508318498	33.22249478284101	17.424432931716403	7.473101505269471E-4
139.0	17.974442071621418	31.435393018224612	32.70055680768117	17.88866633993785	9.417625349535166E-4
140.0	17.78964776550649	31.61252304826354	32.886650065580625	17.710380747809225	7.983728401163343E-4
141.0	17.55113972031507	31.673054570289604	33.243295774150155	17.531588048973674	9.218862715001164E-4
142.0	18.050309795220635	31.075277303364494	32.9472669712847	17.925629708306133	0.0015162218240304052
143.0	18.035221668562958	31.02732824457586	33.10284719332874	17.833025391861273	0.001577501671165833
144.0	17.769798756048658	31.05651569189023	33.5570224645811	17.615579296378733	0.0010837911012722503
145.0	18.479837921778746	30.08854654092578	33.46240628567315	17.968098563304093	0.0011106883182327716
146.0	18.616110331719433	29.366952437296884	33.98877590671641	18.02730823516766	8.530890996113753E-4
147.0	19.328263508883325	27.357015488521075	35.015045704357625	18.299126351894735	5.4894634323968E-4
148.0	21.64452049683473	23.22112539137848	37.01921651727074	18.11472871069732	4.0888381872953666E-4
149.0	25.862602006955505	9.614451838426753	44.25655668213403	20.266183363127585	2.0610935612811208E-4
150.0	29.908214869717092	0.0	38.422434371233955	31.669350759048946	0.0
