1	95
2638	2649
72678	72873
116110	116303
131084	131300
154397	154596
169187	169200
175353	175353
201909	202020
216479	216673
230990	231175
245436	245666
259858	260071
262000	262000
267980	267980
276823	276925
277444	277579
291420	291739
331632	331943
345872	346081
359819	359994
388023	388257
406370	406541
420473	420596
433965	434159
447677	447751
454939	454939
454963	454963
461014	461221
474298	474411
487336	487440
521243	521249
526198	526407
541483	541483
541669	541956
555042	555246
559104	559106
588519	589080
622495	622877
635622	635727
663365	663472
673740	673752
677609	677710
702577	702808
714967	715155
742137	742193
753157	753344
765281	765482
777448	777625
789566	789675
801632	802209
814106	814291
814807	814931
815597	816042
825964	826248
826846	826943
838639	838825
850454	850662
862226	862565
902817	903004
939240	939326
949067	949337
976592	976667
981823	982984
991208	991231
997413	997521
1009331	1009331
1009414	1009630
1020966	1021134
1026459	1026459
1032492	1032600
1043576	1043667
1054822	1054914
1061308	1061308
1072897	1073080
1086655	1086774
1098665	1098665
1099082	1099278
1099375	1099404
1123648	1123648
1133088	1133174
1144708	1144708
1158469	1158474
1161567	1161662
1167644	1167644
1168057	1168063
1173270	1173357
1191887	1191981
1206323	1206763
1216799	1217103
1223090	1223090
1227270	1227458
1237574	1237667
1247529	1257723
1258424	1258451
1259741	1266305
1272646	1272949
1273415	1274220
1283978	1284101
1303120	1303172
1316596	1316596
1318095	1318307
1325585	1325585
1328051	1328060
1337707	1338165
1347546	1347735
1357178	1357275
1362868	1362868
1366616	1366706
1386470	1386499
1396136	1396232
1398894	1398898
1406746	1406949
1424215	1424333
1433539	1433697
1439074	1439074
1442760	1442961
1446521	1446522
1452272	1452272
1478005	1478010
1487130	1487224
1499969	1499986
1500973	1501740
1510759	1510759
1518279	1518495
1534832	1535029
1543654	1543863
1546915	1546915
1552505	1552593
1561219	1561338
1569732	1569973
1578425	1578520
1586564	1587039
1599187	1599210
1599218	1599249
1623405	1623620
1631920	1648898
1662922	1663012
1671111	1671484
1675560	1675560
1688398	1688459
1690370	1690595
1698618	1698704
1707747	1707990
1715875	1716090
1723909	1723995
1746016	1746158
1760368	1760368
1768961	1769080
1769176	1769197
1782843	1783414
1785418	1785420
1790788	1790996
1805059	1805716
1810955	1810955
1813237	1813749
1825808	1825997
1843389	1843483
1850711	1850806
1857372	1857570
1857589	1857597
1864111	1864371
1871386	1871477
1903032	1903033
1921672	1921672
1958535	1958630
1983283	1983283
1983292	1983297
1983299	1983299
1983328	1983328
2004689	2004781
2013475	2013696
2019968	2020089
2020438	2020438
2020443	2020554
2031134	2031241
2037158	2037337
2043233	2043504
2043940	2046764
2047018	2047043
2063753	2063951
2069471	2069471
2069642	2069940
2075641	2075861
2076401	2076401
2086308	2086501
2091848	2092071
2093013	2093146
2125973	2126159
2131524	2131623
2132925	2132925
2141190	2141410
2147019	2147084
2148248	2148352
2153545	2153662
2156136	2156136
2156888	2159687
2160266	2162441
2168491	2168829
2168831	2168860
2169406	2169528
2175599	2175613
2175891	2175977
2181007	2181196
2185961	2186158
2191889	2192093
2224898	2224997
2231176	2231386
2236064	2236230
2240875	2241057
2245695	2245855
2248811	2248817
2252007	2252103
2259428	2259603
2264225	2264331
2268675	2268855
2272370	2272370
2273306	2273518
2274651	2275100
2277825	2277955
2308543	2308661
2309425	2309425
2316265	2316458
2322071	2322098
2326486	2326582
2330894	2331100
2333321	2333321
2337507	2337607
2342208	2349860
2353861	2353989
2358019	2358115
2362150	2362240
2392379	2392492
2396417	2396524
2403609	2403828
2407614	2407917
2413494	2413538
2416449	2417218
2419287	2419304
2419319	2419324
2419336	2419336
2420936	2421160
2424945	2425022
2428618	2432558
2437730	2437948
2443838	2444022
2523038	2523154
2525307	2525307
2528526	2532319
2535809	2535883
2539125	2540551
2543429	2543654
2546637	2546822
2549854	2553530
2556389	2556576
2578442	2578445
2676714	2676936
2679587	2682665
2685211	2685317
2688065	2688256
2690727	2690957
2693317	2693690
2695992	2696197
2698511	2698623
2701052	2703662
2704649	2745875
2748170	2748279
2752050	2752256
2754915	2754915
2755508	2755771
2757232	2758143
2760309	2760423
2762689	2763714
2765761	2767059
2769172	2769264
2771390	2771618
2773560	2773871
2783966	2784042
2784144	2784220
2802282	2802483
2804359	2804563
2807125	2807235
2809006	2809224
2810850	2811050
2812716	2812912
2814567	2814762
2815412	2815469
2816447	2816553
2818569	2818690
2819221	2819370
2820226	2820226
2820992	2821107
2822629	2822828
2836426	2836432
2866018	2866131
2869618	2869844
2871332	2871443
2872920	2873118
2874561	2874654
2876029	2876476
2877410	2877647
2879080	2879171
2881647	2881885
2888098	2888098
2898606	2898782
2910728	2910728
2954541	2954604
2964053	2964112
2968763	2968853
2969468	2969468
2992953	2992966
3040437	3040875
3041593	3041805
3041934	3043049
3043708	3043728
3043984	3044397
3044661	3044661
3045274	3045396
3048444	3048528
3049363	3049582
3050357	3050540
3051270	3051482
3078757	3078973
3079444	3079507
3080026	3080413
3081050	3081050
3081064	3081296
3081945	3082157
3082903	3083019
3083619	3083832
3084458	3084652
3084964	3085358
3086060	3086282
3086713	3087033
3087534	3088082
3088552	3088614
3088987	3088987
3088989	3088989
3089057	3090564
3117853	3118072
3118598	3121704
3122134	3123217
3123501	3123704
3123980	3124186
3124497	3124585
3151958	3152051
3152430	3152764
3152863	3153490
3153865	3160838
3167554	3167554
3202606	3202606
3210452	3210577
3210763	3211133
3211260	3212158
3212460	3212645
3212827	3213275
3213353	3213472
3213624	3214150
3231772	3231772
3241001	3243835
3270496	3273309
3282194	3282225
3289374	3289374
3289381	3289381
3299668	3300998
3301123	3302439
3363184	3363260
3367042	3368576
3368620	3368961
3383783	3383831
3394692	3395038
3411206	3412398
3463972	3463972
3473393	3473405
3477070	3477081
3490590	3490590
3490774	3490774
3500913	3500913
3501033	3501039
3510180	3510365
3542055	3542061
3542429	3542571
3559545	3559743
3580674	3580687
3585068	3585170
3595588	3595651
3620619	3620816
3645272	3645303
3663155	3663358
3672013	3672013
3688973	3689080
3745774	3745982
3753470	3753470
3753486	3753486
3761680	3761695
3761734	3761734
3765646	3765646
3778036	3778784
3817002	3817017
3840195	3840397
3863363	3863580
3908029	3908085
3914568	3914659
3951362	3951448
3960386	3960570
3985625	3985835
4007773	4007956
4008359	4008580
4017744	4017752
4029919	4030125
4062884	4063094
4063663	4063819
4069593	4069687
4074751	4074751
4084774	4084982
4085459	4085653
4111979	4112160
4159468	4159570
4183000	4183096
4194807	4194807
4206191	4206404
4237323	4237334
4239904	4239985
4258666	4258666
4261243	4261351
4294300	4294405
4341916	4342115
4373979	4374182
4393221	4393421
4412320	4412341
4414019	4414061
4414477	4414519
4414748	4414889
4415134	4415134
4418335	4418338
4433763	4433965
4452751	4452940
4453592	4453657
4464540	4464560
4471739	4471831
4490389	4490496
4490876	4490938
4509127	4509243
4536128	4536128
4546278	4546278
4556925	4557099
4563917	4563917
4575455	4575550
4615763	4615968
4634199	4634400
4652556	4652644
4670557	4670762
4688417	4688660
4689364	4689607
4701642	4701875
4702698	4702841
4712125	4712173
4721372	4721401
4721406	4721453
4730712	4730712
4730751	4730751
4730832	4730838
4730857	4730857
4753177	4753374
4756655	4756661
4762250	4762308
4776415	4776421
4780948	4780948
4786543	4786729
4809985	4809985
4824901	4867945
4868067	4871329
4871984	4871984
4872001	4872001
4872087	4872087
4872187	4872276
4889323	4889510
4889529	4889532
4919133	4919644
4934372	4934488
4934490	4934490
4939380	4956213
4973741	4973939
4990409	4990508
5007068	5007171
5036180	5036412
5053048	5053246
5069133	5069304
5071223	5071223
5077633	5077713
5080303	5080303
5086617	5096761
5137980	5138181
5142286	5142340
5153871	5153962
5167510	5167529
5169700	5169788
5183671	5183750
5185499	5185656
5201301	5201485
5211192	5211214
5222849	5222849
5230088	5230283
5245936	5246143
5251423	5251423
5261303	5261513
5276745	5276868
5291766	5291934
5306848	5306942
