#Position (bp)	mapping quality
94.0	54.23606879099313
281.0	59.99612288183912
468.0	60.0
655.0	60.0
842.0	59.99856904364417
1029.0	59.999422394587015
1216.0	57.82651287553648
1403.0	60.0
1590.0	60.0
1777.0	59.98546209761163
1964.0	59.9976934482948
2151.0	60.0
2338.0	60.0
2525.0	60.0
2712.0	60.0
2899.0	60.0
3086.0	59.88278005837268
3273.0	59.02069345332255
3460.0	59.34512162027052
3647.0	60.0
3834.0	60.0
4021.0	60.0
4208.0	60.0
4395.0	59.99189181362755
4582.0	60.0
4769.0	60.0
4956.0	60.0
5143.0	60.0
5330.0	60.0
5517.0	59.96461951233894
5704.0	59.98906543652828
5891.0	60.0
6078.0	60.0
6265.0	60.0
6452.0	59.99814022689232
6639.0	59.9900462140064
6826.0	60.0
7013.0	60.0
7200.0	60.0
7387.0	59.67291730710114
7574.0	60.0
7761.0	60.0
7948.0	60.0
8135.0	59.96231939405512
8322.0	59.92269352049639
8509.0	60.0
8696.0	60.0
8883.0	59.98787453332908
9070.0	59.91515618974161
9257.0	59.944537523831535
9444.0	55.43329843508926
9631.0	25.03024871162895
9818.0	22.63759854457247
10005.0	13.22004357298475
10192.0	22.258147292789324
10379.0	19.17887226241205
10566.0	24.506297630815343
10753.0	40.153356075047654
10940.0	60.0
11127.0	59.98804617949605
11314.0	60.0
11501.0	60.0
11688.0	60.0
11875.0	60.0
12062.0	60.0
12249.0	60.0
12436.0	60.0
12623.0	59.996191080780825
12810.0	59.741365621278284
12997.0	55.7953943635332
13184.0	55.59718106252259
13371.0	58.397758152173914
13558.0	59.63467874794069
13745.0	60.0
13932.0	60.0
14119.0	60.0
14306.0	60.0
14493.0	60.0
14680.0	59.992195557042116
14867.0	60.0
15054.0	60.0
15241.0	60.0
15428.0	60.0
15615.0	60.0
15802.0	60.0
15989.0	60.0
16176.0	59.9946248600224
16363.0	60.0
16550.0	60.0
16737.0	60.0
16924.0	56.17874772668225
17111.0	60.0
17298.0	60.0
17485.0	59.89489333748228
17672.0	59.96127017178553
17859.0	59.90239444342899
18046.0	59.85717955304393
18233.0	59.309241975870705
18420.0	60.0
18607.0	60.0
18794.0	59.956345534033254
18981.0	60.0
19168.0	60.0
19355.0	60.0
19542.0	59.9984214235377
19729.0	59.99629984472563
19916.0	60.0
20103.0	60.0
20290.0	60.0
20477.0	59.99813357389492
20664.0	60.0
20851.0	60.0
21038.0	60.0
21225.0	60.0
21412.0	60.0
21599.0	60.0
21786.0	59.98578910742409
21973.0	59.99810438518893
22160.0	59.998198198198196
22347.0	60.0
22534.0	59.99182075774837
22721.0	59.93647774819323
22908.0	60.0
23095.0	60.0
23282.0	60.0
23469.0	59.96698797236202
23656.0	53.746079263661144
23843.0	39.318002628120894
24030.0	39.551088777219434
24217.0	38.8951418951419
24404.0	40.567196864914706
24591.0	41.63782121678015
24778.0	32.6268196173812
24965.0	28.922202274087372
25152.0	22.166325486182192
25339.0	19.968110291045814
25526.0	25.079760283301553
25713.0	29.798626914027846
25900.0	60.0
26087.0	60.0
26274.0	60.0
26461.0	60.0
26648.0	60.0
26835.0	60.0
27022.0	60.0
27209.0	60.0
27396.0	59.998373542965574
27583.0	60.0
27770.0	60.0
27957.0	59.99343867898737
28144.0	59.9982465369104
28331.0	60.0
28518.0	60.0
28705.0	59.91936784389615
28892.0	60.0
29079.0	60.0
29266.0	60.0
29453.0	60.0
29640.0	60.0
29827.0	60.0
30014.0	60.0
30201.0	60.0
30388.0	60.0
30575.0	60.0
30762.0	59.89140849568828
30949.0	60.0
31136.0	59.9916096268492
31323.0	59.99956361822829
31510.0	60.0
31697.0	59.91518899476242
31884.0	60.0
32071.0	60.0
32258.0	60.0
32445.0	59.9983993597439
32632.0	60.0
32819.0	60.0
33006.0	60.0
33193.0	60.0
33380.0	60.0
33567.0	60.0
33754.0	59.99797125950972
33941.0	60.0
34128.0	60.0
34315.0	59.88469231674315
34502.0	60.0
34689.0	60.0
34876.0	60.0
35063.0	60.0
35250.0	59.99787880930496
35437.0	59.95549264245975
35624.0	60.0
35811.0	60.0
35998.0	60.0
36185.0	59.983109127103816
36372.0	60.0
36559.0	60.0
36746.0	60.0
36933.0	60.0
37120.0	60.0
37307.0	60.0
37494.0	60.0
37681.0	60.0
37868.0	60.0
38055.0	60.0
38242.0	59.99795305676856
38429.0	59.9979652050056
38616.0	60.0
38803.0	59.9982264500786
38990.0	60.0
39177.0	60.0
39364.0	59.994103773584904
39551.0	59.64966913195796
39738.0	59.94353665839678
39925.0	60.0
40112.0	60.0
40299.0	60.0
40486.0	60.0
40673.0	59.95421548841833
40860.0	60.0
41047.0	60.0
41234.0	60.0
41421.0	60.0
41608.0	60.0
41795.0	60.0
41982.0	60.0
42169.0	60.0
42356.0	60.0
42543.0	60.0
42730.0	60.0
42917.0	60.0
43104.0	59.98953253241346
43291.0	60.0
43478.0	60.0
43665.0	60.0
43852.0	60.0
44039.0	60.0
44226.0	60.0
44413.0	60.0
44600.0	60.0
44787.0	60.0
44974.0	60.0
45161.0	60.0
45348.0	60.0
45535.0	60.0
45722.0	60.0
45909.0	60.0
46096.0	60.0
46283.0	60.0
46470.0	60.0
46657.0	59.997688306684644
46844.0	59.935023443010664
47031.0	59.89248059321052
47218.0	60.0
47405.0	60.0
47592.0	59.91084234186022
47779.0	60.0
47966.0	59.99795682081319
48153.0	60.0
48340.0	60.0
48527.0	60.0
48714.0	60.0
48901.0	60.0
49088.0	60.0
49275.0	60.0
49462.0	60.0
49649.0	60.0
49836.0	60.0
50023.0	60.0
50210.0	59.982795170358536
50397.0	59.91450008724481
50584.0	59.90787252368648
50771.0	58.66006339144216
50958.0	45.534037070900176
51145.0	40.0
51332.0	39.4926913155632
51519.0	39.99594882729211
51706.0	46.89165343866514
51893.0	58.82877676148357
52080.0	59.979866571360496
52267.0	60.0
52454.0	60.0
52641.0	60.0
52828.0	59.977604903347476
53015.0	60.0
53202.0	59.99557456852043
53389.0	59.99271239173697
53576.0	59.951566869432355
53763.0	60.0
53950.0	60.0
54137.0	60.0
54324.0	60.0
54511.0	60.0
54698.0	59.99803812575614
54885.0	59.91054087458066
55072.0	60.0
55259.0	60.0
55446.0	59.951518244450114
55633.0	60.0
55820.0	59.75766961651917
56007.0	59.83862854959888
56194.0	60.0
56381.0	60.0
56568.0	60.0
56755.0	59.99040337801094
56942.0	60.0
57129.0	60.0
57316.0	60.0
57503.0	60.0
57690.0	59.99780949947063
57877.0	60.0
58064.0	59.955082993052976
58251.0	60.0
58438.0	60.0
58625.0	59.997819623389496
58812.0	60.0
58999.0	60.0
59186.0	60.0
59373.0	59.965313335057324
59560.0	59.92651085635077
59747.0	59.951957048839624
59934.0	59.293459694749025
60121.0	59.35729847494554
60308.0	59.58421811508717
60495.0	59.715671527914026
60682.0	59.49939289689365
60869.0	59.453088682281425
61056.0	59.94521221055218
61243.0	59.360839455336674
61430.0	59.04344086021506
61617.0	59.487891330695874
61804.0	60.0
61991.0	60.0
62178.0	59.98030203545633
62365.0	59.93225123500353
62552.0	59.979584710022294
62739.0	59.96501708855484
62926.0	59.91806171974357
63113.0	55.84592263228102
63300.0	57.791705350998875
63487.0	59.84414307680674
63674.0	59.76924346448376
63861.0	59.659880915958674
64048.0	59.84651077917677
64235.0	59.90444059905138
64422.0	59.999439812523924
64609.0	60.0
64796.0	59.14865372146197
64983.0	57.32974441833137
65170.0	60.0
65357.0	60.0
65544.0	59.98920086393088
65731.0	60.0
65918.0	60.0
66105.0	60.0
66292.0	59.871747274629584
66479.0	59.93828479829014
66666.0	60.0
66853.0	59.991950553399455
67040.0	59.99256951787603
67227.0	60.0
67414.0	60.0
67601.0	60.0
67788.0	60.0
67975.0	60.0
68162.0	60.0
68349.0	60.0
68536.0	60.0
68723.0	60.0
68910.0	60.0
69097.0	60.0
69284.0	60.0
69471.0	60.0
69658.0	60.0
69845.0	60.0
70032.0	60.0
70219.0	60.0
70406.0	60.0
70593.0	60.0
70780.0	60.0
70967.0	59.948355364279124
71154.0	59.95341638545658
71341.0	59.996870580447144
71528.0	60.0
71715.0	59.961270463131385
71902.0	59.999613730589964
72089.0	58.08395680834715
72276.0	60.0
72463.0	60.0
72650.0	59.999386684929824
72837.0	59.99937100324982
73024.0	46.91585269356994
73211.0	16.06448696422311
73398.0	22.853591417910447
73585.0	16.156442163366098
73772.0	14.818456023780382
73959.0	14.19828276213345
74146.0	13.845688794975642
74333.0	17.0066088643667
74520.0	16.37912457912458
74624.0	10.03581267217631
