# Position (bp)	A	C	G	T	N
0.0	13.378280552764362	26.115847136235455	53.36077706827439	7.113761844564735	0.03133339816105367
1.0	14.082787823795018	33.08272301078056	24.476634908289586	28.27791820597576	0.07993605115907274
2.0	16.256784901099614	34.20237619916045	25.686043876593033	23.8547950231469	0.0
3.0	11.314493799760825	42.993352654090216	16.411510574343616	29.27525614367748	0.005386828127861752
4.0	31.623159411872265	18.687145730480893	18.482785324771708	31.205833951792457	0.001075581082679918
5.0	29.038215808180052	16.409496504848114	42.60649207013927	11.945795616832564	0.0
6.0	23.50996930869444	25.534951602172	35.597621960380316	15.357457128753246	0.0
7.0	27.60325614817834	25.82717532363067	32.56362680852433	14.005941719666662	0.0
8.0	9.307310590227539	50.312422966035385	25.47184977974985	14.908416663987225	0.0
9.0	21.941163241483448	33.169838397035676	18.031206828233934	26.857791533246946	0.0
10.0	15.820387726280652	19.223691530791285	47.49646937989473	17.45838147815295	0.0010698848803868703
11.0	18.457541774019393	32.4581190733277	25.28036434000791	23.80183666705866	0.0021381455863329736
12.0	13.356274178724858	29.045461346100414	37.027379400260756	20.56874772907004	0.0021373458439310064
13.0	13.644616271867058	42.36281692547579	25.4053014930474	18.58726530960976	0.0
14.0	21.035215251758625	30.585711083357353	33.17641784353284	15.202655821351179	0.0
15.0	22.18203544260581	29.426324830095275	30.38440610696796	18.007233620330954	0.0
16.0	20.84270921093325	29.747571158911796	29.62386289711952	19.785856733035438	0.0
17.0	20.685391461919735	29.370569738314767	30.58679315674466	19.35724564302084	0.0
18.0	20.066259028058887	29.998721690776996	30.76357670920596	19.171442571958156	0.0
19.0	19.769757510569644	30.71426289389889	30.73343201882834	18.782547576703124	0.0
20.0	19.85521132758437	30.687746193974235	30.266155647822846	19.190886830618545	0.0
21.0	19.45662819912277	30.9724055699868	29.87799684878423	19.692969382106202	0.0
22.0	19.075753704649976	30.84334014648271	30.668753193663772	19.412152955203542	0.0
23.0	18.900712993508566	30.433116952218793	30.997126742577418	19.667979142279453	0.0010641694157709908
24.0	19.19634780943057	30.821210799076308	30.33382639324898	19.648614998244142	0.0
25.0	19.15930616154092	31.025859316803235	29.803128658082368	20.01064169415771	0.0010641694157709908
26.0	19.77802134655699	30.381066902195315	29.77344556415141	20.066402051653135	0.0010641354431592054
27.0	20.122158849067848	30.315186856218606	30.144930620583978	19.417723674129565	0.0
28.0	19.62756052141527	30.15270018621974	30.18675179569034	20.032987496674647	0.0
29.0	19.98510321344967	30.302191955735264	30.694828686954672	19.017876143860395	0.0
30.0	19.169114829480137	31.10976284753268	30.64354749435858	19.077574828628602	0.0
31.0	19.778534923339013	31.446976149914825	29.74339863713799	19.031090289608176	0.0
32.0	19.962309150145867	30.690360086028832	30.387981516577582	18.95934924724772	0.0
33.0	19.420607712454483	31.040393501266955	30.059834337670083	19.46000042586717	0.019164022741306987
34.0	19.630008089581473	30.430663771448035	30.228424234683015	19.702388555371055	0.00851534891642185
35.0	19.454259077944744	30.46379464475757	30.145587671874335	19.93529436805585	0.0010642373675024477
36.0	20.052995072948036	30.11035319407051	30.860584648455376	18.97500292643475	0.0010641580913260474
37.0	20.11066184294531	29.841455628857204	30.233028303894443	19.814854224303044	0.0
38.0	20.085774793278492	30.70865303776858	29.87112496940415	19.334447199548777	0.0
39.0	19.64515682705919	30.537373479357576	30.855604159349493	18.961865534233745	0.0
40.0	20.05920751381686	30.40880871500527	30.290606664039956	19.241377107137914	0.0
41.0	19.517571884984026	30.254526091586794	30.587859424920126	19.64004259850905	0.0
42.0	19.742352076207524	30.734477724855886	30.451043697855063	19.072126501081524	0.0
43.0	20.002984088414276	30.682823373938252	30.250130553868125	19.06406198377935	0.0
44.0	19.258651201466918	30.642203790963947	30.44071554977506	19.658429457794078	0.0
45.0	19.53760677380483	30.42240303712156	30.30403207746366	19.735958111609953	0.0
46.0	19.82846902201741	30.58862433862434	30.489417989417987	19.093488649940262	0.0
47.0	19.369912410783822	30.50686524489774	30.26895543725262	19.854266907065814	0.0
48.0	19.1020347193325	31.04894209532345	30.790734398173342	19.058288787170703	0.0
49.0	19.730649791370976	30.364860682766498	30.154630924050497	19.747724289540802	0.0021343122712284036
50.0	19.990179962854643	30.212625152103833	30.543517708088725	19.2536771769528	0.0
51.0	19.567747653472008	30.11991585601555	30.54383922946321	19.768497261049237	0.0
52.0	19.70986935575187	31.161270336384906	29.70848065973743	19.42037964812579	0.0
53.0	20.029283515731873	30.182327291381668	30.310576265389876	19.476744186046513	0.0010687414500683994
54.0	19.368463825145962	30.446545050150775	31.420689065206698	18.76430205949657	0.0
55.0	19.884522854851642	30.355519914461375	30.307404437316226	19.452552793370756	0.0
56.0	19.777200466125706	30.1420828121492	30.294963490383488	19.78575323134161	0.0
57.0	19.528183850028338	30.646661890045024	30.401770914651756	19.423383345274885	0.0
58.0	19.55944968654385	30.385989686971776	30.328219611870683	19.726341014613688	0.0
59.0	20.12951565426813	29.93203104094193	30.028364998662028	19.91008830612791	0.0
60.0	19.41017733230532	30.928210400068533	30.1946800308404	19.466932236785745	0.0
61.0	20.299543613807288	30.326112575260865	29.944719418911102	19.42962439202074	0.0
62.0	20.227993485900402	30.356989800291423	29.954144167309504	19.460872546498674	0.0
63.0	19.95389234398456	30.583315462148832	30.003216813210383	19.45957538065623	0.0
64.0	19.42349571430104	30.323867963997987	30.727227866161748	19.524335689841983	0.0010727656972440648
65.0	19.82827090265107	30.741655039175704	29.615756144681765	19.814317913491468	0.0
66.0	19.799800229843083	29.46287604583973	31.085740062508727	19.65158366180846	0.0
67.0	20.159028635899638	30.04674152474077	30.27991188953957	19.50679632514909	0.007521624670928921
68.0	19.214438508422106	30.31527803158155	29.95195046705866	20.516183125691988	0.002149867245697578
69.0	19.39823427569817	30.822750099469854	30.414117191616576	19.363823083457895	0.0010753497575086298
70.0	19.885520001721506	30.5254890146543	29.62169955456091	19.967291429063287	0.0
71.0	19.138786893365925	30.55056046689423	30.517180113923914	19.792395740236245	0.001076785579687517
72.0	20.011201706106007	29.931174132675594	30.07550380750299	19.982120353715413	0.0
73.0	19.615409489727725	29.450061439627483	31.135878586672987	19.7986504839718	0.0
74.0	19.8878282909993	30.256161354689098	30.78574125006741	19.07026910424419	0.0
75.0	20.18152580968929	30.73851433751713	29.73483417692831	19.34512567586527	0.0
76.0	20.445169233427652	30.138021902067084	29.691988681772035	19.723740199148974	0.0010799835842495193
77.0	19.73159583779053	30.159810690784145	30.211676229375346	19.894756177942018	0.002161064107966763
78.0	19.260708802733152	30.454948429087292	30.770644582351288	19.51369818582827	0.0
79.0	19.929499032233647	29.018933618797377	31.110173981682728	19.941393367286253	0.0
80.0	19.748931334884475	30.964774633407284	29.518965423948924	19.76732860775932	0.0
81.0	19.39088163008997	30.8889923454197	29.71211415826684	20.008011866223487	0.0
82.0	18.933706027020293	31.066835678920057	29.85774802006479	20.140626862114168	0.0010834118806946837
83.0	19.92411924119241	30.265582655826556	30.157181571815716	19.652032520325204	0.001084010840108401
84.0	19.72012800347128	29.103433313445787	31.42810652492271	19.74833215816022	0.0
85.0	19.81024544339387	30.626689390896555	30.066544361098146	19.496520804611425	0.0
86.0	19.692755638607622	30.866759375950632	30.175785493894224	19.26035374386163	0.004345747685889357
87.0	19.38598017046443	31.713124021568966	29.511654200730565	19.38924160723604	0.0
88.0	19.607331266655788	30.058193288736607	30.548757274161094	19.78571817044651	0.0
89.0	19.65698490602997	30.044291606359707	30.265205515229997	20.03351797238032	0.0
90.0	19.175560879982577	30.345240688303203	30.263559137442826	20.2156392942714	0.0
91.0	19.464513387165322	30.088158052458947	30.380202033410704	20.066036810618197	0.001089716346834919
92.0	19.381958150236073	31.652291487204092	29.813867777426424	19.15188258513341	0.0
93.0	18.963955607451137	31.24174732913561	30.054453986926678	19.731112978382097	0.00873009810447745
94.0	19.753990015402934	29.99421024458986	30.479238811024565	19.770376115620323	0.002184813362318524
95.0	19.467623224225985	30.247487395968896	30.282483404236704	20.00240597556841	0.0
96.0	18.786272749173254	31.167736142441033	30.5523313111846	19.49365979720111	0.0
97.0	20.074280205092247	29.788772514132962	30.816424909067003	19.319426793461588	0.0010955782461983434
98.0	19.797800366240118	30.767459455903158	30.474686667324587	18.9589569832341	0.0010965272980470848
99.0	20.192001755444622	30.31872291403807	30.07734927862198	19.410828899007075	0.0010971528882549784
100.0	19.63115428947802	30.4001317306109	30.33316867006971	19.628958779296337	0.006586530545035402
101.0	19.71677799261733	30.424942872209527	29.872341360520306	19.983740551942343	0.0021972227104939354
102.0	19.757266610966976	30.246031397036187	30.636295677410846	19.35820764258388	0.002198672002110725
103.0	19.620893749037382	30.217386521155582	29.8213382032608	20.34038152654624	0.0
104.0	19.58487034080273	30.823101910477348	30.205362550239496	19.386665198480426	0.0
105.0	19.994048406295466	31.010007494599478	30.03791385619186	18.958030242913196	0.0
106.0	20.331318657078572	30.328230467199013	29.49552212467464	19.84492875104778	0.0
107.0	19.437238516817715	29.797215997527292	30.516950181589376	20.248595304065613	0.0
108.0	18.93378697832667	30.95464286503325	30.661909285730065	19.449660870910016	0.0
109.0	19.99491392368674	29.84531693995113	31.075926274006832	19.083842862355297	0.0
110.0	19.183781869688385	30.72437145892351	30.506373937677054	19.585472733711047	0.0
111.0	18.793120632565145	31.386837063533374	30.131009202759724	19.68903310114176	0.0
112.0	19.009290671633515	29.782256812789644	31.021752145280384	20.18337435419854	0.003326016097917914
113.0	19.573080080768634	30.192824017573834	30.817449575077106	19.416646326580427	0.0
114.0	19.535828449653703	30.54297638074942	30.4686112591014	19.452583910495473	0.0
115.0	20.15597746992101	30.14342372768378	29.7790319176119	19.920455934142847	0.0011109506404630442
116.0	19.491855228776338	30.825596263968418	29.722577417023405	19.955523433590926	0.004447656640907322
117.0	19.4946571682992	31.125333926981302	29.8619768477293	19.515805877114868	0.002226179875333927
118.0	20.03408445370195	29.867337959611035	30.218207335954645	19.88037025073237	0.0
119.0	19.43880849925308	30.46531849903012	30.788611179237925	19.307261822478875	0.0
120.0	20.26038064213838	29.981704187955998	30.634329190744996	19.123585979160623	0.0
121.0	19.413984858297788	30.708846059360834	30.821627174665565	19.055541907675817	0.0
122.0	19.308325136367703	30.718501296610928	30.271394080300457	19.699543950639363	0.0022355360815523562
123.0	19.44453765533595	30.184669418252184	30.142165251725334	20.228627674686532	0.0
124.0	19.986569669837717	29.77392277560157	30.278679350867378	19.96082820369334	0.0
125.0	19.37670895154422	30.08090905015913	31.134295575776594	19.40808642252006	0.0
126.0	19.293325855300054	30.06505888951206	30.485698261357264	20.154795288839036	0.0011217049915872126
127.0	19.87624373919098	29.695887518810505	30.704355052444804	19.723513689553716	0.0
128.0	19.696100594977	30.72173296892398	30.005286185061465	19.576880251037554	0.0
129.0	19.739671887491415	30.14604046796005	30.188827960500387	19.92433369740235	0.001125986645798381
130.0	19.987371886662682	30.410075430426986	30.1439830422478	19.458569640662525	0.0
131.0	19.52709493106291	30.428302035930848	30.344741923463452	19.693085965288677	0.006775144254113077
132.0	19.365671641791042	30.52464947987336	31.52532790592492	18.584350972410675	0.0
133.0	19.751772246506466	31.19380336556972	29.38531923085634	19.667972731184744	0.0011324258827259755
134.0	20.040600616947923	30.587688259843947	29.83464888405008	19.537062239158047	0.0
135.0	19.598355255685046	30.257388854812696	30.347122833321976	19.797133056180286	0.0
136.0	19.35142515787677	30.703760596233714	30.24862035614724	19.69619388974228	0.0
137.0	19.770211892902328	30.405890599888295	30.216680154559857	19.607217352649517	0.0
138.0	20.253655863651414	30.635052911562916	30.090526147558762	19.01505724951198	0.005707827714928252
139.0	19.799455763645927	29.556836111682788	30.82367199469484	19.820036129976447	0.0
140.0	19.42787123667304	31.388065000057257	29.887887498139094	19.296176265130608	0.0
141.0	19.208488672211068	30.948092916547175	30.36765127616863	19.47576713507313	0.0
142.0	19.562968412340798	30.56117522644719	30.135868315784638	19.739988045427374	0.0
143.0	19.732869292645265	30.143821882130595	30.165717841749835	19.95759098347431	0.0
144.0	19.82200647249191	29.819694868238557	30.93851132686084	19.419787332408692	0.0
145.0	19.310152473038304	30.572471178876903	30.31796206768315	19.799414280401635	0.0
146.0	19.46449140788453	30.79879639859893	30.81055031853123	18.92498648299208	0.0011753919932297422
147.0	20.10880077369439	31.011847195357834	29.680851063829788	19.198500967117987	0.0
148.0	21.79101734301356	30.92071577675957	29.28487967545852	18.003387204768345	0.0
149.0	24.976465342119607	33.8717402434392	25.19447059406431	15.957323820376883	0.0
150.0	48.840915126911256	0.0	33.410479189589104	17.74860568349964	0.0
