# Position (bp)	A	C	G	T	N
0.0	15.537432845050825	25.662273412437674	48.48761256908747	10.310362153596413	0.002319019827619526
1.0	15.688669036945432	29.300510125212554	20.96691915288298	34.04312876797032	7.729169887154121E-4
2.0	18.338702077201766	33.032065691795474	24.488424370234757	24.138490417371557	0.002317443396445042
3.0	13.307444664901297	39.896085046591885	17.58139103984436	29.20735896980599	0.0077202788564722956
4.0	30.631895687061185	19.042512151840135	20.344880796234857	29.974539001620244	0.006172363243576884
5.0	28.26666872262999	17.4744032566459	39.89314130635909	14.365786714365017	0.0
6.0	24.117705997055808	24.738144234548777	33.853576575951664	17.290573192443755	0.0
7.0	29.911797558063398	24.03266186496168	29.67453684088896	16.377922428070715	0.0030813080152524747
8.0	12.883780371385459	43.051150186308625	27.036307085886733	17.027992486065347	7.698703538324145E-4
9.0	20.45554230310492	33.087607248663	21.614404986341427	24.842445461890655	0.0
10.0	18.404275771907564	20.761333487138078	42.79309416695505	18.040527550274927	7.690237243818972E-4
11.0	18.62211563590524	31.251056895571033	26.20639825362419	23.92042921489954	0.0
12.0	14.51191592016103	28.991564358261247	35.7423825694135	20.754137152164226	0.0
13.0	14.4309473716541	39.85979083803001	25.716786707004314	19.990939386028224	0.0015356972833515056
14.0	20.983523525213535	30.621532227739106	31.640663970469735	16.75428027657762	0.0
15.0	21.58393667934716	29.176892870290832	30.69011535157688	18.54905509878513	0.0
16.0	20.971847399411185	28.709979146221787	29.458261776251227	20.8599116781158	0.0
17.0	21.032910616451478	29.33067698555611	29.479330293858474	20.15708210413394	0.0
18.0	20.602807280858265	29.17014449915383	30.554640896247005	19.6724073237409	0.0
19.0	20.859553228300644	29.80953255860242	29.461975410714558	19.868938802382374	0.0
20.0	20.182777016632098	29.583393927333123	30.05487902886315	20.178950027171624	0.0
21.0	19.92790503669802	29.915583073755748	30.377082679606005	19.77942920994023	0.0
22.0	19.887054934459723	29.775869853003066	30.07583235768998	20.261242854847225	0.0
23.0	19.85981665977993	30.232006488835832	29.840227721408567	20.067949129975666	0.0
24.0	19.86045123826574	29.895108907709613	30.388579035552805	19.85586081847185	0.0
25.0	19.927777395242796	29.968555624411852	30.017520102213346	20.086146878132006	0.0
26.0	20.176257286678194	29.820682690983645	30.12591991921541	19.877140103122752	0.0
27.0	19.75678776290631	30.038240917782026	30.70133843212237	19.503632887189294	0.0
28.0	20.5496841686677	29.580319043176363	29.701145557713776	20.168851230442165	0.0
29.0	19.700990326157612	30.448514510763587	30.02332428402095	19.82717087905785	0.0
30.0	19.966807391091532	29.99724669603524	30.394946157611358	19.64099975526187	0.0
31.0	20.3064753044862	29.664453148907523	30.55572556460004	19.473345982006244	0.0
32.0	20.047902542048636	30.152584135535115	29.805175923233495	19.994337399182747	0.0
33.0	19.473631848410868	30.28721425892905	30.589504779251392	19.64964911340869	0.0
34.0	19.811082448579672	29.9489432711518	30.36535797120309	19.87461630906544	0.0
35.0	19.874911006147276	30.134658225328607	30.116285300894912	19.874145467629205	0.0
36.0	20.009801969583265	30.012405617753817	30.357006110915414	19.620786301747508	0.0
37.0	20.298246823372626	29.679158720311268	30.07130657230609	19.951287884010018	0.0
38.0	20.03784628585438	30.06328144152979	29.92154939936259	19.977322873253247	0.0
39.0	19.800280496309863	30.194738011848287	30.485197305396106	19.519784186445744	0.0
40.0	20.328861632809506	29.592947489459565	29.99386738213875	20.08432349559218	0.0
41.0	20.236744457051735	29.7655555214818	30.393449661136497	19.60425036032997	0.0
42.0	19.53153761197693	30.02055466928458	30.725395754080253	19.72251196465824	0.0
43.0	20.176320292179145	29.571629159601322	29.96217323583798	20.289877312381552	0.0
44.0	19.644172909247207	30.569200540341395	29.892238732653816	19.894387817757583	0.0
45.0	19.88223733705916	30.054044924843776	30.60524174356297	19.458475994534094	0.0
46.0	20.39600006144299	29.63932965699452	29.799849464677962	20.164820816884532	0.0
47.0	19.40275568465623	30.467759411669782	29.659343277159174	20.47014162651482	0.0
48.0	19.679616277460912	29.85072332313558	30.72240072562916	19.747259673774348	0.0
49.0	19.80210960083646	29.87729872685897	30.286302970662405	20.03428870164217	0.0
50.0	20.07261370891441	30.244686661077054	29.87007992123259	19.81261970877595	0.0
51.0	19.782249067056515	29.54795521871273	30.799061285730772	19.87073442849998	0.0
52.0	20.298813060948014	29.780470157180904	29.977523592530442	19.94319318934064	0.0
53.0	20.250221349655465	30.06043807983986	29.597721060938518	20.09084959772106	7.699118450937368E-4
54.0	19.571898420229687	30.29600474470265	30.60949402675827	19.52260280830939	0.0
55.0	20.196501502658553	29.961470293596363	30.01078831779302	19.82892810356785	0.0023117823842182324
56.0	19.734104046242777	30.161849710982658	30.38304431599229	19.71868978805395	0.0023121387283236996
57.0	19.94448299791811	30.179659187292774	30.263705759888964	19.60983884648007	0.002313208420078649
58.0	19.790670410020674	29.944775244500665	29.65708203498596	20.603615833153363	0.0038564773393391545
59.0	20.16109743771748	30.06612093109381	29.87092144956832	19.898774023809708	0.0030861578106796492
60.0	19.815995430759017	29.73016779611306	30.561430048934103	19.890091230453375	0.0023154937404485884
61.0	20.67112435721235	29.686365952715537	29.746591102120234	19.89205800145158	0.0038605865003011257
62.0	20.16841779975278	30.13133498145859	29.952101359703338	19.742737948084056	0.005407911001236094
63.0	20.0571892267862	30.234553112562306	30.282468410680472	19.41806097608099	0.0077282738900266625
64.0	20.06527304084205	30.07200142301416	29.9498078157506	19.90673070230389	0.006187018089294139
65.0	19.956204831396338	30.293721660811833	30.035283740076444	19.710920936566644	0.0038688311487333443
66.0	19.32367149758454	31.09516288864115	29.819305091044225	19.75721540938932	0.004645113340765515
67.0	20.601559656472883	29.594752615560942	29.90993642115371	19.88987926988872	0.003872036923744105
68.0	19.714894441216344	29.95545225644005	30.38311059461553	19.939570017431727	0.006972690296339338
69.0	20.051308283730158	30.108351934523807	29.989769345238095	19.847470238095237	0.0031001984126984125
70.0	20.439812660897616	29.47023975683136	29.75946775844422	20.32737818305884	0.003101640767966254
71.0	19.91684185213054	30.442708535346092	29.824452529264377	19.804361148389198	0.011635934869793889
72.0	20.322723356695462	29.960183481966148	30.060306889887535	19.651353218307836	0.0054330531430212435
73.0	20.111029154858496	29.9072168950658	30.058620288054662	19.918475096082922	0.004658565938118716
74.0	19.93816419116276	29.705270026723014	29.921229258591758	20.430675532906594	0.004660990615872227
75.0	19.609549863218103	29.933474260134297	30.610389206665005	19.84114648097488	0.005440189007709525
76.0	20.064382688210504	29.884297777708664	30.065471284387975	19.982737974900083	0.003110274792777942
77.0	19.76101010572502	30.298503979275093	29.924304307575017	20.014625683634016	0.001555923790852724
78.0	19.600790944618307	30.15320659535709	30.543229482927742	19.701215999501766	0.0015569775950924065
79.0	20.07025250401109	29.977257504244747	29.601071701169836	20.34908173279125	0.0023365577830739754
80.0	19.961185933408153	29.961653572764686	29.912551440329217	20.163829654570396	7.793989275470758E-4
81.0	19.750756465046635	29.665127741210966	30.752253797922453	19.830302274074306	0.0015597217456405777
82.0	20.666573046856715	29.740673126433553	29.857697888873286	19.735055937836446	0.0
83.0	19.99516063567392	30.255393549595677	29.661400605701083	20.088045209029318	0.0
84.0	19.771655265048572	29.93393308968232	30.634429762908816	19.65998188236029	0.0
85.0	20.122818257105802	29.81077237995531	29.891244902104784	20.175164460834104	0.0
86.0	20.123505041819744	29.872586570780896	30.244665051199878	19.75846165871961	7.816774798718049E-4
87.0	19.91771671711602	29.8621051067258	30.958694104856434	19.25757326888331	0.003910802418440215
88.0	20.300640092649108	29.74396294035714	30.061661736857754	19.890605192732053	0.003130037403946977
89.0	20.02035543725045	29.991388084240196	30.138573553589605	19.846551319188915	0.0031316057308384874
90.0	20.129422456206324	30.085237065588665	30.307730876500266	19.473692457146438	0.00391714455830278
91.0	19.946545859263555	29.833210540341415	29.98291348580565	20.234978759425015	0.002351355164359726
92.0	19.229864324366716	30.779546702219434	30.378793820092543	19.610226648890283	0.0015685044310250178
93.0	19.799711182269103	29.92402837948138	30.413762792741885	19.86249764550763	0.0
94.0	20.061091000463286	29.8277987609049	30.27459540953742	19.836514829094394	0.0
95.0	20.07150715071507	30.05893446487506	29.941851327989944	19.927707056419926	0.0
96.0	19.960208551229524	30.025243191808936	30.23285075061142	19.781697506350117	0.0
97.0	19.93687822692356	29.99622213826974	29.787652688578266	20.279246946228437	0.0
98.0	19.77017107211493	30.04946283986012	30.3542736523739	19.826092435651052	0.0
99.0	19.645010522001623	30.087407489143033	30.47676095746274	19.790821031392607	0.0
100.0	20.070847567277575	29.79937041916829	30.07786920813248	20.051912805421654	0.0
101.0	19.720310625670812	30.52039270155944	29.59624976324263	20.163046909527115	0.0
102.0	19.746209337789683	29.753241519899493	30.850736008723068	19.649813133587756	0.0
103.0	19.79253144840564	29.919273860069417	30.26241925409363	20.02577543743131	0.0
104.0	19.755088479824067	30.381369004770082	29.92255543338106	19.94098708202479	0.0
105.0	20.120821523016264	29.88472074868173	30.338395274817504	19.656062453484505	0.0
106.0	20.285422229970127	29.948731764910974	29.593736875886496	20.172109129232403	0.0
107.0	19.842453473797775	30.814387028193373	29.476907455298356	19.866252042710496	0.0
108.0	19.894868068955113	29.97212892160366	30.58433978894209	19.548663220499137	0.0
109.0	20.260107795284355	30.238326152280713	29.82813170739463	19.673434345040302	0.0
110.0	20.013848761968433	30.226912760758655	29.866367406063212	19.892871071209697	0.0
111.0	19.889714085360023	30.204315812960186	30.107098460459632	19.79887164122016	0.0
112.0	19.65964033254081	30.001276548213628	30.213502688729676	20.125580430515885	0.0
113.0	19.986260444458644	29.874746377390444	30.239004361510073	19.89998881664084	0.0
114.0	19.764502607749655	30.31868940581704	30.244296547531434	19.672511438901864	0.0
115.0	20.22639332836646	30.02875980356814	29.564917846299277	20.179929021766124	0.0
116.0	20.251833780074797	29.79792305346452	29.798725583037733	20.151517583422947	0.0
117.0	19.758654510957825	30.28717058189828	30.332191725756918	19.621983181386973	0.0
118.0	20.293018460646284	29.389638841457522	30.07023422146332	20.247108476432874	0.0
119.0	19.874522596429465	30.25588023932756	30.070974670359398	19.798622493883585	0.0
120.0	20.175889022014655	30.025837265977128	29.977748979142728	19.82052473286549	0.0
121.0	20.380549333377417	29.847168610465936	29.576882702528458	20.1945727912186	8.265624095947364E-4
122.0	20.527540596499033	28.619462363751474	30.503413699286458	20.34958334046303	0.0
123.0	21.82385035074045	26.353783914189215	32.72835244776008	19.094013287310247	0.0
124.0	33.06708357021035	0.0	44.31637293916999	22.61654349061967	0.0
