# Position (bp)	A	C	G	T	N
0.0	24.79245410367171	20.95960448164147	47.646969492440604	6.587473002159827	0.01349892008639309
1.0	16.23821331579036	27.267513452423124	18.387227367036083	38.101985392102286	0.005060472648145337
2.0	16.05049594229035	29.588835610089077	23.40493666939147	30.9557317782291	0.0
3.0	18.0218558992406	29.792554176699387	33.35802926467865	18.82756065938137	0.0
4.0	23.265944564047363	30.110501883745965	28.640507265877286	17.983046286329387	0.0
5.0	21.112342755412236	30.774592297744412	29.831544649905105	18.281520296938243	0.0
6.0	19.900138463475013	28.24067469475098	32.859480552175555	18.999706289598457	0.0
7.0	19.89836137061201	32.02707009040135	28.455461818425775	19.619106720560858	0.0
8.0	19.376681276135727	30.90615022333213	30.1494188336448	19.567749666887345	0.0
9.0	20.083906246074747	30.032909336035303	31.479077868680864	18.404106549209086	0.0
10.0	19.52958305093255	30.856573871861166	30.52103990427659	19.09280317292969	0.0
11.0	18.39554392098154	32.109194008380236	29.744829258909235	19.750432811728988	0.0
12.0	19.013866715703074	30.877055140882153	31.65439363418283	18.45468450923194	0.0
13.0	19.623155239662243	30.48750950046354	29.782595986001954	20.106739273872265	0.0
14.0	19.64893830128205	30.613982371794872	29.891159188034187	19.84592013888889	0.0
15.0	19.03701665290738	30.57730634845187	31.544625955853533	18.841051042787214	0.0
16.0	20.436855176092138	29.856492824641233	29.968998449922495	19.737653549344135	0.0
17.0	20.130751613574848	30.304393087653548	30.05621486570893	19.50864043306267	0.0
18.0	19.598428996987803	29.868195509993512	31.806154204596517	18.727221288422175	0.0
19.0	20.123411615993614	30.516100059876255	29.563069656044178	19.797418668085957	0.0
20.0	19.695798528861737	30.44175705439887	30.345343473382368	19.517100943357022	0.0
21.0	19.0895948954837	30.941976006114785	31.43464823369114	18.53295005151042	8.308131999601211E-4
22.0	20.03837081824524	30.00647819009335	29.67426331351118	20.27507391781004	0.005813760340188033
23.0	19.466352300463246	30.355156325236187	30.14262706095273	20.03420392847062	0.0016603848772145382
24.0	19.144609612974445	30.449109002929873	31.142982827452837	19.26246856402978	8.299926130657437E-4
25.0	19.98888262038297	29.992035310125114	30.23180566156705	19.783128131948363	0.004148275976504166
26.0	19.476674269127102	30.763425253991294	29.85195936139332	19.873937383371345	0.03400373211693966
27.0	19.436131674279412	30.616508194411058	31.11057688322239	18.801966327063525	0.03481692102361748
28.0	19.963533896900383	30.07624730648102	29.995027349577324	19.942814520139233	0.022376926902038786
29.0	19.406545888317304	31.004746638832977	29.96015474208272	19.593760613666674	0.03479211710032556
30.0	19.356468863133653	30.330795549627616	31.411907977035682	18.85857723947676	0.04225037072629216
31.0	19.8394618908374	29.924038469503557	30.434314399555994	19.790588059874583	0.011597180228464449
32.0	19.82757906766818	30.821276842427807	29.70575813036745	19.635448153638478	0.0099378058980878
33.0	19.3080089107517	30.804203622270254	30.998815764411653	18.879862198040627	0.009109504525767476
34.0	19.78436032693757	30.214397509047096	30.09929031029257	19.901951853722764	0.0
35.0	19.84464154099691	30.637748130481228	29.629077538446253	19.888532790075608	0.0
36.0	19.206307141910692	30.567609646217043	31.41148800848019	18.814595203392077	0.0
37.0	20.0205364314638	29.81260506289282	30.612532191684398	19.552670150131252	0.0016561638277258388
38.0	19.648033126293996	30.634368530020705	29.872463768115942	19.84513457556936	0.0
39.0	19.163561076604555	30.940786749482402	31.209109730848862	18.684057971014493	0.002484472049689441
40.0	20.221312969006245	29.753839018006527	30.25659714744811	19.7657660642404	0.002484801298722812
41.0	19.58606638839197	30.256575896110782	30.249122109587223	19.908235605910026	0.0
42.0	18.891585425449968	30.819756317764284	31.048363717686428	19.24029453909932	0.0
43.0	19.983763140672504	29.665404720286965	30.41594525858855	19.934886880451984	0.0
44.0	19.20702655673862	31.028711107428432	30.03190123047603	19.732361105356922	0.0
45.0	19.12365453294996	30.89250350090734	31.104629483854396	18.87921248228831	0.0
46.0	20.16176482775195	29.670420737720544	30.354109174684467	19.813705259843044	0.0
47.0	19.504633697508247	30.936355045673835	29.799068286941093	19.75994296987682	0.0
48.0	19.265393414901023	30.9542756722703	31.180576279054346	18.599754633774328	0.0
49.0	19.933689750922127	30.08496000663102	30.324505781424843	19.656844461022008	0.0
50.0	19.52386083871449	30.746785811981397	30.125914934887305	19.603438414416804	0.0
51.0	19.08540630182421	30.728026533996683	31.296019900497512	18.88888888888889	0.001658374792703151
52.0	19.907952566547806	29.989219669956054	30.4428227879592	19.656687950908037	0.00331702462890787
53.0	19.58692767086928	30.978765759787656	29.654114134041144	19.780192435301924	0.0
54.0	19.291596520181457	30.678133370929082	31.4029573481726	18.627312760716862	0.0
55.0	20.082096359565472	30.072974541835972	30.48428559582055	19.358984990463554	0.001658512314453935
56.0	18.980256884385444	31.307058930836906	29.813680047098234	19.899004137679416	0.0
57.0	19.150647670542188	30.435539780737397	31.56087771383079	18.85127626756008	0.001658567329540743
58.0	19.956364119028063	30.169317173124945	30.395792372846202	19.478526335000787	0.0
59.0	19.394502567846743	30.61172000099561	30.077408756398878	19.916368674758772	0.0
60.0	19.262369910534964	30.16415755141335	31.63560011286869	18.937872425183	0.0
61.0	19.946718012133687	30.153289457303867	30.324256583479265	19.575735947083185	0.0
62.0	19.672689229134146	30.736656813577333	30.030887774419607	19.5581055498356	0.0016606330333122988
63.0	19.201162549304545	30.728669296242472	31.381357691509237	18.688810462943742	0.0
64.0	19.726134325383647	30.40755995482628	30.263070484288846	19.60323523550123	0.0
65.0	19.60432550954303	30.64567033770203	30.077573462234845	19.67243069052009	0.0
66.0	19.209170958631002	30.36800132912444	31.42631666389766	18.9965110483469	0.0
67.0	19.781844765852806	30.088973440887905	30.445365655088764	19.68381613817052	0.0
68.0	19.37584622924402	30.744183342055205	30.322210869944428	19.557759558756345	0.0
69.0	19.01200714612157	30.73829407121193	31.40886617640949	18.840001661888735	8.30944368274544E-4
70.0	19.906580117522875	30.1827671900064	30.2866594080637	19.62233100891811	0.001662275488916778
71.0	19.71984371103167	30.467204256380416	30.157120292626153	19.65583173996176	0.0
72.0	19.195816115273008	30.536870899884427	31.54459512268128	18.722717862161286	0.0
73.0	19.60280432124947	29.985113478539294	30.467470039835998	19.942117212644394	0.002494947730845039
74.0	19.479633680743287	30.602297397336613	30.11154271645193	19.806526205468174	0.0
75.0	19.0903192533564	30.95127185612803	31.416260460164036	18.542148430351528	0.0
76.0	19.957894036097958	30.337929484992472	30.093282184850175	19.610894294059396	0.0
77.0	19.72167428233747	30.53675913672418	29.90336837374217	19.838198207196182	0.0
78.0	18.872134751005387	30.871002389615583	31.24568079065469	19.011182068724345	0.0
79.0	19.766473449263774	30.002831634352724	30.564994336731292	19.663202078752747	0.002498500899460324
80.0	19.510548945105487	30.744425557444256	30.05532780055328	19.689697696896978	0.0
81.0	18.974269210572377	30.99530727747076	31.117001325298194	18.913422186658664	0.0
82.0	19.933804096809425	30.1007945175786	30.428439227325406	19.536962158286578	0.0
83.0	19.51091397221898	30.61415064449966	29.992162617352296	19.88027147359469	0.002501292334372759
84.0	19.135287542334705	30.6828609085904	31.512037237858486	18.669814311216403	0.0
85.0	19.77856022427661	30.20558689049828	30.460901778860595	19.554951106364516	0.0
86.0	19.83058627164615	30.4652618401836	30.117254329230125	19.586897558940123	0.0
87.0	19.05707941701865	30.555601929915362	31.538089116679746	18.846725320956946	0.0025042154293059985
88.0	19.752705049425597	29.93421052631579	30.483569329414905	19.829515094843707	0.0
89.0	19.65046176455853	30.494831243006733	30.117403430251006	19.734798510329163	0.00250505185457339
90.0	19.291532645473914	30.887672835122604	31.25276745060362	18.56719161201387	8.354567859977443E-4
91.0	19.87715706346885	30.445827936322235	30.050557807211796	19.6239501942924	0.002506998704717336
92.0	19.266039707419015	30.756112852664575	30.290491118077323	19.68735632183908	0.0
93.0	19.16033981069601	30.618917020636143	31.281982675005853	18.93792434529583	8.361483661660924E-4
94.0	19.81801150809581	30.249732369864844	30.30576742941255	19.62397966010973	0.002509032517061421
95.0	19.585480955887274	30.738335899323914	30.196967668518642	19.479215476270166	0.0
96.0	18.94975639973882	30.67354216544727	31.38090374859783	18.995797686216076	0.0
97.0	19.792835490948065	30.156085143440908	30.20130294250641	19.847264323156537	0.002512099948083268
98.0	19.29017774873934	30.631921060126317	30.42921043373373	19.648690757400615	0.0
99.0	19.07087801608579	31.062332439678286	31.290214477211798	18.57657506702413	0.0
100.0	20.15805308102944	29.970585031049136	30.25635438752336	19.615007500398065	0.0
101.0	19.322954654057998	30.845971345455762	30.16188392310723	19.669190077379007	0.0
102.0	19.101801930220272	30.756911312164075	31.384107126386663	18.757179631228986	0.0
103.0	19.87062781585858	30.149088437885414	30.354640870535526	19.62564287572048	0.0
104.0	19.38521185267239	30.93745541820867	29.86749242634039	19.809840302778547	0.0
105.0	19.182141777762855	30.80694449108432	31.450854629101045	18.558380066489807	0.0016790355619732027
106.0	19.887127116366567	30.562180865358773	29.911314162859448	19.639377855415212	0.0
107.0	19.393506657146457	30.78499726993994	29.965979251543533	19.85551682137007	0.0
108.0	19.164292976397537	30.371472024064598	31.348676195037516	19.11555880450035	0.0
109.0	20.092306916293264	29.98209346705786	30.338542761305078	19.587056855343796	0.0
110.0	19.38826141438267	30.664300671953708	29.93347742353268	20.01396049013094	0.0
111.0	19.02826855123675	30.783274440518255	31.332660272589603	18.853272757866396	0.002523977788995457
112.0	19.73535799060622	30.034006161512433	30.564300264305317	19.663810373562736	0.002525210013299439
113.0	19.341556855976087	30.742222035111354	30.37932050688334	19.534374605313012	0.002525996716204269
114.0	19.042043281583005	30.577621281936807	31.23889108844168	19.141444348038515	0.0
115.0	19.878817501516888	30.21640935751365	30.24590440234612	19.656340591923414	0.002528146699925841
116.0	19.41823700518528	30.675772522237683	30.25926394334134	19.646726529235696	0.0
117.0	19.265459024830623	30.72736937134565	31.23275651139441	18.77104022004168	0.0033748723876378425
118.0	19.688375704784093	30.267733549410853	30.395185522806305	19.64870522299875	0.0
119.0	19.451293656691213	30.970073633722894	30.029385935283386	19.549246774302507	0.0
120.0	19.35729129707537	30.688326828526534	31.201953131599847	18.752428742798248	0.0
121.0	19.827017704053162	30.18397335091902	30.44522227295017	19.54294120631056	8.454657670910904E-4
122.0	19.375444177467934	30.870757047615825	30.116078378286915	19.637720396629327	0.0
123.0	19.221458559046585	30.721830985915492	31.02823672806067	19.02847372697725	0.0
124.0	19.647833046777734	30.259424573766186	30.427123122919646	19.663078369428046	0.0025408871083857742
125.0	19.69079242916112	30.374897227472687	30.30708854965714	19.62552657676366	0.001695216945388586
126.0	19.199782899981344	30.78495225495683	31.480350752217646	18.53491409284418	0.0
127.0	19.768527160724286	29.916676565920547	30.68203030868702	19.629371934766745	0.0033940299014034313
128.0	19.417624130639695	30.7483929041517	30.082626380998477	19.751356584210125	0.0
129.0	19.44876469238418	30.598403916269344	31.05564196051435	18.897189430832125	0.0
130.0	19.481579753036023	30.20036058101167	30.77184746742865	19.54621219852366	0.0
131.0	19.592024304935023	30.863693226786488	29.73780285429804	19.803926574587045	0.0025530393933978403
132.0	18.907917259233393	31.087398979791704	31.261123932315392	18.74355982865951	0.0
133.0	20.032896699250877	30.105593291118744	30.235134697495248	19.62637531213513	0.0
134.0	19.70670283827707	30.787670940717803	30.107747037596294	19.395319871351912	0.0025593120569191003
135.0	18.904245238725316	30.910084255994807	31.338620318755712	18.847050186524164	0.0
136.0	19.64741973800022	30.175264691556357	30.435042683916834	19.742272886526578	0.0
137.0	19.40576784920119	30.360747151996172	30.336799972631795	19.896685026170847	0.0
138.0	18.802862719583604	31.003664007122556	31.26048693627367	18.93127418415916	0.0017121528610074307
139.0	19.96161557311034	30.225165789879533	30.218311427934953	19.594907209075174	0.0
140.0	19.43346226083377	31.066096069569394	29.98207593286622	19.518365736730615	0.0
141.0	18.87469523711411	31.04031454963772	31.113285944850794	18.971704268397378	0.0
142.0	19.975073061715662	29.965618016159535	30.633488052260617	19.42582086986419	0.0
143.0	19.434212338198844	30.62517212889011	30.18538281465161	19.75265078490774	0.002581933351693748
144.0	19.278136392233243	30.676617858712607	31.172166538829472	18.873079210224677	0.0
145.0	20.15758371634931	29.933994539862457	30.25624632823029	19.652175415557938	0.0
146.0	19.218388012043487	30.42629437131776	30.521739884944772	19.833577731693985	0.0
147.0	18.60247660162019	30.919069133364214	31.12006361912419	19.356642867754367	0.0017477781370432836
148.0	18.381555314495046	30.625255632813474	31.07428022691302	19.91890882577846	0.0
149.0	13.11602113866695	33.789985218391024	31.649067212845505	21.442028075395868	0.0028983547006482657
150.0	0.0	41.69799695708484	34.42392083390964	23.87808220900552	0.0
