# Position (bp)	A	C	G	T	N
0.0	13.440063259208445	26.297745231373433	53.13209837158709	7.1271748351158974	0.0029183027151408743
1.0	14.034698495806897	33.871387472132916	25.016879150082328	27.076795036150763	2.398458271023386E-4
2.0	15.837645283549689	34.28919558750422	28.57212506014351	21.30099410633533	3.9962467250758085E-5
3.0	10.931646603060127	45.964904432420084	17.006328034474866	26.09708098789713	3.994214779313642E-5
4.0	29.48361511333404	20.842964946980384	20.99025828225634	28.683121740536205	3.991689302871422E-5
5.0	25.689781036456694	17.273147944997827	45.8045484101308	11.232442825742677	7.9782672001468E-5
6.0	20.915370523925244	28.78348244109974	35.5023258578034	14.798741408405313	7.976876630024884E-5
7.0	25.79465934057171	26.837351919710677	33.76023254237558	13.607437209172504	3.1898816952626274E-4
8.0	8.70711517564511	51.6759293289825	25.819588158993046	13.797247749575666	1.1958680367593889E-4
9.0	19.99281868862559	35.6992473172701	18.737085495464655	25.570768794850817	7.970378883915814E-5
10.0	15.626094394746668	17.79506276820764	51.439770290153305	15.138873339657499	1.9920723488803954E-4
11.0	15.889255856623125	36.204086819316565	25.96174338133569	21.94483427297168	7.966975294011266E-5
12.0	12.460311644201159	29.760013891920224	39.812976837772	17.966538315094876	1.5931101173644223E-4
13.0	11.946260086686271	44.64860603140536	26.164162374495042	17.24085204998895	1.1945742437847296E-4
14.0	19.099621083340168	31.457925441240047	35.481735325240116	13.960638529112249	7.962106741595399E-5
15.0	19.132103348057388	31.762245655820116	33.16243718262949	15.943094407751502	1.1940574150567457E-4
16.0	19.085668894244698	31.165411199867556	31.165172417086662	18.58366789454079	7.959426029870135E-5
17.0	18.252183646338228	31.934576757988996	31.81965952187586	17.99358007379692	0.0
18.0	18.273247914764443	31.32721040936859	33.00626018249417	17.3932814933728	0.0
19.0	18.268437841985737	32.07782924014574	31.938240384818112	17.71541297257431	7.956047610580111E-5
20.0	17.605114442537147	32.811928498736954	31.968211047568406	17.614746011157496	0.0
21.0	17.421293510624615	32.62770702577297	32.6110217557603	17.339937886195308	3.9821646808275096E-5
22.0	17.901048137171856	32.14548969513735	32.22864419516245	17.724817972528335	0.0
23.0	17.763161828932002	32.16924450171047	32.36686279661182	17.700730872745698	0.0
24.0	17.421005096651275	32.369918906757135	32.579314042439115	17.629761954152478	0.0
25.0	17.82192683656088	32.08088943569567	31.858219140623596	18.238964587119852	0.0
26.0	17.594641442531213	32.3854840842422	32.30003383654035	17.719800687996337	3.9948689902688984E-5
27.0	17.603363240621142	32.273045821994664	32.67706005883912	17.44641094556362	1.1993298144996576E-4
28.0	18.03943484825088	31.787105585510044	32.30432392773905	17.869095633987513	4.000451250901102E-5
29.0	17.742528895769453	32.42763697041104	32.322226612652365	17.507607521167145	0.0
30.0	17.73913865690993	32.334902296391384	32.60386166842154	17.322097378277153	0.0
31.0	18.14646919303001	32.02790080338114	32.09955750881674	17.726072494772108	0.0
32.0	17.752372466743324	32.3012676567915	32.347221971379895	17.59909777031271	4.013477256627756E-5
33.0	17.4246191892159	32.39139290095906	32.709314367848876	17.47467354197616	0.0
34.0	17.892403261374838	32.00654333835718	32.10220829627104	17.998804891740562	4.021225637404476E-5
35.0	17.592409590978196	32.354516959150956	32.27521874432686	17.77785470554399	0.0
36.0	17.491907285739497	32.39442805442043	32.50128331067562	17.61238134916446	0.0
37.0	18.043579878900413	31.877914712433864	32.030327730336644	18.047935688885467	2.4198944361383806E-4
38.0	17.721659011477335	32.29547886953773	32.24759776969353	17.735264349291413	0.0
39.0	17.6525030362184	32.25674384016457	32.65588783875811	17.43486528485892	0.0
40.0	18.077819314465273	31.921270286225496	32.092425356360636	17.908485042948595	0.0
41.0	17.81185491005603	32.332839675806355	32.30663099801997	17.548512384106605	1.6203201104410188E-4
42.0	17.636098230107518	32.25319476604704	32.65006893077598	17.46063807306946	0.0
43.0	18.060293572974132	32.04034191699643	32.02978290674932	17.869581603280118	0.0
44.0	17.640418505561517	32.395956132471184	32.276605028361644	17.686979668834233	4.066477141722015E-5
45.0	17.51410290079009	32.35542363668566	32.605580901079165	17.524892561445082	0.0
46.0	18.01709759916897	32.016516236766975	32.00897401766673	17.957004458878394	4.076875189319892E-4
47.0	17.72480994976216	32.281415182873985	32.28219077316964	17.71121670931733	3.6738487688728675E-4
48.0	17.585804949663057	32.28438819117248	32.56946465297101	17.55985175206563	4.904541278254245E-4
49.0	18.061217891791152	31.894420130843276	32.046290331953635	17.997335007411397	7.366380005352902E-4
50.0	17.74829329542432	32.42248985648478	32.13960656971129	17.68899558197202	6.146964075912548E-4
51.0	17.678770382316554	32.24241901959698	32.609736730334795	17.46759655375474	0.0014773139969345734
52.0	18.13892324825452	31.901020370423637	32.08910878882894	17.869879141787518	0.0010684507053829368
53.0	17.7484504448965	32.30930934762094	32.295440412759255	17.64585325020752	9.465445157828067E-4
54.0	17.626276593683915	32.35363092733282	32.60277766672533	17.415418906548748	0.0018959057091903204
55.0	17.999497296835486	31.999037517422295	32.03515125050508	17.964332839022312	0.0019810962148267717
56.0	17.624688774042514	32.3751045686152	32.228047203843495	17.770506194760493	0.001653258738299061
57.0	17.60526596797011	32.239443603333946	32.57100853517916	17.58121912919816	0.0030627643186301326
58.0	17.94333222122524	31.857503724871368	32.18023611229114	18.016648465394443	0.0022794762178101695
59.0	17.65086740900392	32.3487798085595	32.211236162108925	17.785796315042187	0.0033203052854694722
60.0	17.61716520856548	32.2987735158561	32.53589073572008	17.545468941384872	0.0027015984734721733
61.0	18.054249617167546	31.944023006159867	32.05095386572331	17.94773499294689	0.0030385180023866937
62.0	17.79106451166459	32.31548503387408	32.25170537633333	17.638493566174937	0.0032515119530581718
63.0	17.74517388703073	32.207334247125544	32.60338509494407	17.440891936904084	0.0032148339955752193
64.0	18.07596658109404	31.971935411971774	32.12870937269089	17.81920688015636	0.004181754086932813
65.0	17.734361912420006	32.29616879418367	32.272757731095254	17.692942339263578	0.003769223037491205
66.0	17.559455652890218	32.29299047820372	32.61749993918331	17.526237158241667	0.0038167714810834934
67.0	18.086954111076153	31.887906509230163	32.12581702984004	17.895668003933253	0.0036543459203848237
68.0	17.588884836415385	32.43482003021266	32.234874633436945	17.7375082504294	0.003912249505605244
69.0	17.5608979260643	32.28589616713494	32.592265850691966	17.557696042682792	0.003244013426002579
70.0	18.063151978436238	31.9590008363215	32.03989025706549	17.934032715276835	0.003924212899942698
71.0	17.71469219432137	32.26242066106865	32.30046023659771	17.71828482089911	0.004142087113163933
72.0	17.726078761120398	32.208041404375166	32.416308053428715	17.64567657235181	0.003895208723912686
73.0	18.0468501482358	31.903271366950413	32.142993472535025	17.903661572783992	0.003223439494768273
74.0	17.765586674875266	32.2105565490568	32.33551252130221	17.68532763659863	0.003016618167094304
75.0	17.663829305438146	32.288966470103	32.6246314963271	17.419720894913777	0.002851833217983064
76.0	18.0838916215829	31.977295519822075	32.08478874872935	17.85133784512106	0.0026862647446087096
77.0	17.682971888133455	32.27984491124086	32.37185250934279	17.662938664591298	0.002392026691600697
78.0	17.54456604666507	32.417544095365194	32.508941878113184	17.5261666802879	0.0027812995686418316
79.0	17.977714965197315	31.921036184675845	32.19936335820403	17.89892775667355	0.002957735249259923
80.0	17.64893328735255	32.2808715791951	32.31651670661355	17.750972832829937	0.0027055940088700535
81.0	17.644175696877532	32.25547428294058	32.56306516812932	17.534143534954254	0.0031413170983180614
82.0	18.04161120188147	31.936720339761425	32.03262213356481	17.98628656094184	0.002759763850457021
83.0	17.808085972395034	32.2738334531188	32.21816886854385	17.696411060483808	0.003500645458517567
84.0	17.672792606424288	32.156527441550615	32.59733695094267	17.57065751522389	0.002685485858534669
85.0	18.028904173098596	31.921217635608773	32.1393967386869	17.909309380225487	0.0011720723802445899
86.0	17.786915165719453	32.2749297039408	32.35285032410366	17.58382557614924	0.0014792300868438583
87.0	17.674301379515736	32.26663631793091	32.6059665788908	17.45095910289835	0.0021366207642038405
88.0	17.915788047575447	31.91628189523874	32.191175860026966	17.975705317166014	0.0010488799928326533
89.0	17.62022270985118	32.334195323872905	32.355485891494325	17.688518995698516	0.001577079083068698
90.0	17.472839906299985	32.363264112313544	32.610557325386225	17.552504244519454	8.344114807993134E-4
91.0	18.08954553560224	31.869703914562542	32.11050862234081	17.92953743392621	7.044935681938767E-4
92.0	17.70086059461994	32.18502033835752	32.3876975672552	17.725715153511114	7.06346256232402E-4
93.0	17.638251642869918	32.247442506193416	32.52023594285947	17.59367147559911	3.9843247809064075E-4
94.0	18.029128019702238	31.859676166890065	32.140140911668034	17.97056651924915	4.883824905109502E-4
95.0	17.759975701769505	32.2260626133691	32.275095516183754	17.7388216337977	4.4534879940643914E-5
96.0	17.639420100295098	32.20691201709644	32.7016868623788	17.451400298580268	5.807216493924312E-4
97.0	18.062286931054384	31.847870117113985	32.20285059811657	17.88690273481049	8.961890457020565E-5
98.0	17.710078821134996	32.18186574516897	32.4688149501255	17.639060690835603	1.7979273493516672E-4
99.0	17.56311918579745	32.29889566789771	32.663068230498325	17.474465983955845	4.5093185066940835E-4
100.0	18.016192134111694	31.842750997984126	32.20557206295895	17.935258607273795	2.2619767143069124E-4
101.0	17.689416620551178	32.19330098969358	32.34710502936486	17.770041170272602	1.3619011777267416E-4
102.0	17.578849721706867	32.10968795448167	32.652924538273965	17.658401099321672	1.3668621583300225E-4
103.0	17.959110125695386	31.858136722773168	32.23082326727511	17.95174694816872	1.8293608761906852E-4
104.0	17.782093574742486	32.10213746731587	32.36048841966075	17.75491323641155	3.673018693369512E-4
105.0	17.761792262570154	32.015350397012895	32.590045290585785	17.63248936881288	3.2268101828909914E-4
106.0	18.09570047193498	31.686243074515	32.25985905356603	17.957919709498725	2.7769048525949484E-4
107.0	17.78404658141362	32.10245978003841	32.401748429327036	17.71169874304343	4.646617750172738E-5
108.0	17.642676126778436	32.12083663018975	32.71576370123763	17.52044362002299	2.799217711956765E-4
109.0	18.098649045535048	31.727498886344357	32.32135487977906	17.852309822513035	1.8736582850124669E-4
110.0	17.690410987255603	32.08056242044748	32.424549167103336	17.804336312074483	1.4111311909853177E-4
111.0	17.58489949245485	32.24163570880589	32.61331899760777	17.560098561262553	4.7239868937707615E-5
112.0	18.017349896539272	31.739786663554064	32.22650995486256	18.016258588711224	9.489633287356059E-5
113.0	17.798636374036196	32.00669610512428	32.43769114024451	17.756976380595024	0.0
114.0	17.6991633504098	32.09980229347234	32.57987147399817	17.621162882119698	0.0
115.0	18.11465664187403	31.64177783592226	32.31692183970849	17.926643682495218	0.0
116.0	17.876135696564585	32.080791780709404	32.3865269728689	17.656545549857107	0.0
117.0	17.66103032423731	31.982380949838802	32.80839525609598	17.548047873886738	1.455959411734159E-4
118.0	18.297491886864105	31.68917512429904	32.16955271844286	17.84378027039399	0.0
119.0	17.710012397738247	32.06950175977374	32.463614694747314	17.756822183529614	4.896421107883826E-5
120.0	17.690752249509973	32.06307774467754	32.7166133773679	17.529556628444585	0.0
121.0	18.086360174225906	31.711318065021548	32.27802645396538	17.924295306787165	0.0
122.0	17.76281709038006	31.99667949483863	32.42330387286415	17.816951446791535	2.480951256254478E-4
123.0	17.735813129039798	31.93277813584643	32.774646546365574	17.556762188748205	0.0
124.0	18.085290729704013	31.68803525817599	32.19907847949116	18.027595532628837	0.0
125.0	17.797057159710185	31.96257129110122	32.48448355347261	17.75588799571599	0.0
126.0	17.689398498750307	31.989454231709523	32.71635969707973	17.604787572460435	0.0
127.0	18.043321736223074	31.652794002496925	32.414270390682205	17.889613870597795	0.0
128.0	17.76037805592826	31.85987097248516	32.61334836407897	17.76640260750761	0.0
129.0	17.655374766604428	32.017871432381966	32.7011818536225	17.625520651660956	5.129573014342286E-5
130.0	18.014667794403476	31.627193301202112	32.4488227571928	17.909161521496323	1.5462570528649823E-4
131.0	17.78763170708965	31.928026025424515	32.50391106598564	17.78022399270625	2.0720879394121484E-4
132.0	17.599725477004533	31.99098948043711	32.83731388205301	17.571762872951883	2.082875534648114E-4
133.0	18.04109894551238	31.49552751080821	32.49970420737524	17.963459925596375	2.0941070779772182E-4
134.0	17.755027345282574	31.871618045516666	32.49072472239996	17.8823139085717	3.15978229100015E-4
135.0	17.72038274814354	31.75179658265128	32.892272866488554	17.635282859101924	2.6494361469991956E-4
136.0	18.013665642445737	31.47940633232014	32.50430284795999	18.0023051637909	3.200134832347603E-4
137.0	17.822617591722807	31.69376014763517	32.67013519080374	17.81305739822019	4.2967161809497566E-4
138.0	17.658478729724493	31.722691576406014	33.02587538132397	17.592359127913834	5.951846316835177E-4
139.0	18.109841482154675	31.288604596739304	32.61450526383547	17.986175851762713	8.728055078391572E-4
140.0	17.93640466038486	31.494148097016854	32.74885862846058	17.81992806634542	6.605477922841412E-4
141.0	17.723185738354864	31.54065580880677	33.06196097620649	17.673363397260882	8.340793709929438E-4
142.0	18.077907137735526	30.974086860402682	32.85062545658387	18.096029788685385	0.0013507565925363943
143.0	18.1511671327737	30.864583821042306	33.078887235595126	17.904219857872565	0.0011419527163058286
144.0	17.896524547172838	30.93865589785437	33.44266049180366	17.72140347940511	7.555837640160788E-4
145.0	18.60957750237686	29.96758174856018	33.34993363849301	18.071894412527907	0.0010126980420376913
146.0	18.743567980806176	29.274289095866585	33.84777132465312	18.133753877743146	6.177209309795695E-4
147.0	19.595941539632886	27.15858119403479	34.85542148732972	18.389526126752404	5.296522501944817E-4
148.0	21.768124944538116	23.009288017274528	36.93059129766025	18.2916259946165	3.6974591061022865E-4
149.0	25.981288577186106	9.602248385510052	44.09719467495993	20.319268362343905	0.0
150.0	30.261173613057345	0.0	37.97449208827677	31.764334298665887	0.0
