#Coverage	Number of genomic locations
0.0	854.0
1.0	79.0
2.0	288.0
3.0	113.0
4.0	224.0
5.0	119.0
6.0	110.0
7.0	97.0
8.0	107.0
9.0	57.0
10.0	66.0
11.0	35.0
12.0	41.0
13.0	25.0
14.0	40.0
15.0	152.0
16.0	38.0
17.0	28.0
18.0	40.0
19.0	33.0
20.0	36.0
21.0	37.0
22.0	30.0
23.0	23.0
24.0	55.0
25.0	35.0
26.0	25.0
27.0	17.0
28.0	19.0
29.0	28.0
30.0	24.0
31.0	22.0
32.0	35.0
33.0	26.0
34.0	19.0
35.0	29.0
36.0	34.0
37.0	25.0
38.0	34.0
39.0	38.0
40.0	20.0
41.0	42.0
42.0	19.0
43.0	20.0
44.0	30.0
45.0	37.0
46.0	131.0
47.0	24.0
48.0	12.0
49.0	11.0
50.0	9.0
51.0	13.0
52.0	14.0
53.0	21.0
54.0	17.0
55.0	15.0
56.0	17.0
57.0	13.0
58.0	9.0
59.0	20.0
60.0	4.0
61.0	15.0
62.0	18.0
63.0	24.0
64.0	29.0
65.0	10.0
66.0	21.0
67.0	13.0
68.0	9.0
69.0	23.0
70.0	13.0
71.0	16.0
72.0	14.0
73.0	15.0
74.0	11.0
75.0	19.0
76.0	20.0
77.0	10.0
78.0	15.0
79.0	17.0
80.0	14.0
81.0	22.0
82.0	5.0
83.0	13.0
84.0	6.0
85.0	8.0
86.0	22.0
87.0	17.0
88.0	20.0
89.0	22.0
90.0	20.0
91.0	22.0
92.0	15.0
93.0	27.0
94.0	25.0
95.0	24.0
96.0	13.0
97.0	15.0
98.0	17.0
99.0	17.0
100.0	17.0
101.0	15.0
102.0	18.0
103.0	26.0
104.0	26.0
105.0	21.0
106.0	18.0
107.0	22.0
108.0	18.0
109.0	26.0
110.0	18.0
111.0	26.0
112.0	21.0
113.0	26.0
114.0	23.0
115.0	16.0
116.0	20.0
117.0	16.0
118.0	17.0
119.0	17.0
120.0	20.0
121.0	27.0
122.0	23.0
123.0	20.0
124.0	20.0
125.0	13.0
126.0	14.0
127.0	19.0
128.0	5.0
129.0	11.0
130.0	19.0
131.0	18.0
132.0	18.0
133.0	13.0
134.0	23.0
135.0	16.0
136.0	17.0
137.0	25.0
138.0	28.0
139.0	20.0
140.0	25.0
141.0	20.0
142.0	19.0
143.0	19.0
144.0	18.0
145.0	22.0
146.0	21.0
147.0	18.0
148.0	18.0
149.0	17.0
150.0	16.0
151.0	11.0
152.0	6.0
153.0	24.0
154.0	32.0
155.0	37.0
156.0	30.0
157.0	25.0
158.0	17.0
159.0	25.0
160.0	26.0
161.0	24.0
162.0	22.0
163.0	14.0
164.0	16.0
165.0	34.0
166.0	37.0
167.0	37.0
168.0	30.0
169.0	36.0
170.0	30.0
171.0	31.0
172.0	35.0
173.0	35.0
174.0	37.0
175.0	53.0
176.0	49.0
177.0	49.0
178.0	66.0
179.0	59.0
180.0	59.0
181.0	57.0
182.0	45.0
183.0	61.0
184.0	69.0
185.0	72.0
186.0	102.0
187.0	113.0
188.0	101.0
189.0	119.0
190.0	114.0
191.0	115.0
192.0	109.0
193.0	123.0
194.0	133.0
195.0	169.0
196.0	134.0
197.0	150.0
198.0	174.0
199.0	167.0
200.0	187.0
201.0	237.0
202.0	215.0
203.0	230.0
204.0	247.0
205.0	258.0
206.0	310.0
207.0	331.0
208.0	328.0
209.0	330.0
210.0	345.0
211.0	367.0
212.0	476.0
213.0	408.0
214.0	452.0
215.0	525.0
216.0	516.0
217.0	539.0
218.0	586.0
219.0	603.0
220.0	617.0
221.0	630.0
222.0	685.0
223.0	673.0
224.0	716.0
225.0	771.0
226.0	799.0
227.0	746.0
228.0	844.0
229.0	827.0
230.0	805.0
231.0	771.0
232.0	848.0
233.0	925.0
234.0	878.0
235.0	959.0
236.0	959.0
237.0	1037.0
238.0	967.0
239.0	965.0
240.0	985.0
241.0	983.0
242.0	942.0
243.0	977.0
244.0	907.0
245.0	938.0
246.0	888.0
247.0	874.0
248.0	882.0
249.0	860.0
250.0	853.0
251.0	924.0
252.0	862.0
253.0	879.0
254.0	874.0
255.0	843.0
256.0	795.0
257.0	816.0
258.0	787.0
259.0	792.0
260.0	795.0
261.0	794.0
262.0	634.0
263.0	625.0
264.0	563.0
265.0	527.0
266.0	533.0
267.0	535.0
268.0	481.0
269.0	495.0
270.0	431.0
271.0	415.0
272.0	397.0
273.0	422.0
274.0	385.0
275.0	371.0
276.0	331.0
277.0	351.0
278.0	333.0
279.0	351.0
280.0	344.0
281.0	305.0
282.0	285.0
283.0	263.0
284.0	228.0
285.0	216.0
286.0	204.0
287.0	184.0
288.0	176.0
289.0	157.0
290.0	159.0
291.0	168.0
292.0	154.0
293.0	156.0
294.0	180.0
295.0	155.0
296.0	162.0
297.0	107.0
298.0	115.0
299.0	118.0
300.0	98.0
301.0	76.0
302.0	84.0
303.0	91.0
304.0	81.0
305.0	89.0
306.0	58.0
307.0	55.0
308.0	61.0
309.0	63.0
310.0	60.0
311.0	54.0
312.0	48.0
313.0	52.0
314.0	36.0
315.0	21.0
316.0	35.0
317.0	35.0
318.0	31.0
319.0	36.0
320.0	36.0
321.0	45.0
322.0	28.0
323.0	31.0
324.0	40.0
325.0	45.0
326.0	47.0
327.0	26.0
328.0	44.0
329.0	29.0
330.0	33.0
331.0	19.0
332.0	28.0
333.0	23.0
334.0	24.0
335.0	24.0
336.0	23.0
337.0	16.0
338.0	22.0
339.0	22.0
340.0	26.0
341.0	27.0
342.0	23.0
343.0	24.0
344.0	34.0
345.0	28.0
346.0	30.0
347.0	33.0
348.0	35.0
349.0	39.0
350.0	24.0
351.0	39.0
352.0	39.0
353.0	31.0
354.0	35.0
355.0	37.0
356.0	27.0
357.0	38.0
358.0	40.0
359.0	28.0
360.0	37.0
361.0	40.0
362.0	47.0
363.0	42.0
364.0	52.0
365.0	66.0
366.0	52.0
367.0	53.0
368.0	55.0
369.0	44.0
370.0	63.0
371.0	55.0
372.0	56.0
373.0	49.0
374.0	51.0
375.0	56.0
376.0	47.0
377.0	53.0
378.0	43.0
379.0	43.0
380.0	55.0
381.0	43.0
382.0	43.0
383.0	38.0
384.0	41.0
385.0	27.0
386.0	26.0
387.0	33.0
388.0	32.0
389.0	39.0
390.0	36.0
391.0	43.0
392.0	45.0
393.0	36.0
394.0	42.0
395.0	47.0
396.0	45.0
397.0	42.0
398.0	37.0
399.0	51.0
400.0	48.0
401.0	59.0
402.0	53.0
403.0	49.0
404.0	67.0
405.0	65.0
406.0	68.0
407.0	57.0
408.0	56.0
409.0	71.0
410.0	60.0
411.0	54.0
412.0	55.0
413.0	53.0
414.0	63.0
415.0	73.0
416.0	51.0
417.0	63.0
418.0	57.0
419.0	57.0
420.0	57.0
421.0	57.0
422.0	80.0
423.0	65.0
424.0	63.0
425.0	67.0
426.0	65.0
427.0	78.0
428.0	46.0
429.0	53.0
430.0	38.0
431.0	40.0
432.0	30.0
433.0	43.0
434.0	38.0
435.0	33.0
436.0	39.0
437.0	37.0
438.0	53.0
439.0	36.0
440.0	42.0
441.0	42.0
442.0	37.0
443.0	38.0
444.0	42.0
445.0	29.0
446.0	22.0
447.0	23.0
448.0	28.0
449.0	28.0
450.0	29.0
451.0	23.0
452.0	31.0
453.0	32.0
454.0	41.0
455.0	30.0
456.0	40.0
457.0	27.0
458.0	42.0
459.0	31.0
460.0	36.0
461.0	38.0
462.0	38.0
463.0	36.0
464.0	34.0
465.0	43.0
466.0	39.0
467.0	27.0
468.0	36.0
469.0	30.0
470.0	32.0
471.0	29.0
472.0	38.0
473.0	34.0
474.0	31.0
475.0	28.0
476.0	19.0
477.0	32.0
478.0	31.0
479.0	32.0
480.0	20.0
481.0	18.0
482.0	16.0
483.0	27.0
484.0	25.0
485.0	26.0
486.0	14.0
487.0	20.0
488.0	15.0
489.0	23.0
490.0	11.0
491.0	8.0
492.0	14.0
493.0	18.0
494.0	14.0
495.0	15.0
496.0	26.0
497.0	15.0
498.0	9.0
499.0	15.0
500.0	9.0
501.0	16.0
502.0	18.0
503.0	17.0
504.0	14.0
505.0	13.0
506.0	17.0
507.0	8.0
508.0	11.0
509.0	12.0
510.0	8.0
511.0	12.0
512.0	11.0
513.0	13.0
514.0	14.0
515.0	10.0
516.0	10.0
517.0	17.0
518.0	18.0
519.0	14.0
520.0	18.0
521.0	17.0
522.0	18.0
523.0	20.0
524.0	15.0
525.0	13.0
526.0	6.0
527.0	20.0
528.0	9.0
529.0	9.0
530.0	8.0
531.0	5.0
532.0	12.0
533.0	9.0
534.0	9.0
535.0	9.0
536.0	13.0
537.0	16.0
538.0	8.0
539.0	5.0
540.0	13.0
541.0	12.0
542.0	4.0
543.0	7.0
544.0	5.0
545.0	6.0
546.0	9.0
547.0	2.0
548.0	2.0
549.0	4.0
550.0	3.0
551.0	2.0
552.0	5.0
553.0	7.0
554.0	3.0
555.0	3.0
556.0	6.0
557.0	2.0
558.0	2.0
559.0	3.0
560.0	4.0
561.0	2.0
562.0	3.0
563.0	4.0
564.0	3.0
565.0	6.0
566.0	3.0
567.0	6.0
568.0	6.0
569.0	5.0
570.0	4.0
571.0	3.0
572.0	1.0
573.0	1.0
574.0	2.0
575.0	2.0
576.0	1.0
578.0	2.0
580.0	1.0
582.0	2.0
586.0	2.0
587.0	1.0
590.0	1.0
591.0	1.0
592.0	1.0
597.0	1.0
599.0	1.0
600.0	1.0
605.0	1.0
607.0	1.0
615.0	1.0
616.0	1.0
618.0	1.0
621.0	1.0
623.0	2.0
627.0	2.0
629.0	1.0
631.0	1.0
639.0	1.0
640.0	1.0
641.0	1.0
643.0	1.0
644.0	1.0
649.0	1.0
652.0	1.0
657.0	1.0
659.0	2.0
663.0	1.0
669.0	1.0
672.0	2.0
677.0	4.0
680.0	1.0
685.0	1.0
686.0	1.0
687.0	1.0
688.0	1.0
689.0	1.0
690.0	1.0
691.0	1.0
695.0	1.0
697.0	2.0
700.0	1.0
703.0	1.0
707.0	1.0
708.0	2.0
709.0	3.0
711.0	2.0
712.0	2.0
713.0	1.0
716.0	3.0
717.0	3.0
718.0	1.0
720.0	2.0
723.0	1.0
724.0	1.0
726.0	4.0
727.0	1.0
728.0	4.0
729.0	2.0
730.0	1.0
731.0	2.0
732.0	5.0
733.0	4.0
734.0	3.0
735.0	2.0
736.0	1.0
737.0	1.0
739.0	1.0
741.0	2.0
743.0	2.0
745.0	2.0
748.0	1.0
750.0	2.0
752.0	1.0
756.0	2.0
757.0	4.0
758.0	1.0
761.0	1.0
762.0	1.0
764.0	3.0
765.0	2.0
766.0	1.0
767.0	1.0
768.0	1.0
769.0	2.0
771.0	3.0
773.0	3.0
774.0	5.0
775.0	5.0
776.0	1.0
778.0	3.0
779.0	2.0
780.0	1.0
781.0	1.0
782.0	2.0
783.0	1.0
789.0	1.0
791.0	1.0
793.0	1.0
795.0	1.0
796.0	1.0
798.0	3.0
799.0	1.0
800.0	3.0
801.0	4.0
802.0	4.0
803.0	2.0
804.0	1.0
806.0	1.0
807.0	2.0
809.0	1.0
810.0	1.0
811.0	1.0
812.0	2.0
817.0	1.0
820.0	2.0
823.0	1.0
826.0	2.0
827.0	2.0
828.0	2.0
829.0	1.0
837.0	2.0
840.0	1.0
842.0	2.0
844.0	2.0
845.0	1.0
848.0	2.0
849.0	1.0
850.0	2.0
851.0	2.0
852.0	1.0
854.0	2.0
855.0	2.0
857.0	3.0
858.0	1.0
859.0	1.0
860.0	1.0
861.0	1.0
862.0	3.0
865.0	2.0
866.0	2.0
867.0	1.0
869.0	2.0
871.0	1.0
872.0	1.0
873.0	2.0
875.0	1.0
876.0	1.0
879.0	1.0
881.0	1.0
882.0	1.0
884.0	2.0
886.0	3.0
889.0	1.0
890.0	2.0
891.0	1.0
892.0	1.0
895.0	1.0
896.0	2.0
897.0	1.0
898.0	1.0
900.0	1.0
901.0	1.0
902.0	1.0
904.0	1.0
906.0	2.0
907.0	1.0
908.0	2.0
909.0	3.0
910.0	2.0
911.0	1.0
912.0	2.0
913.0	3.0
914.0	1.0
915.0	1.0
918.0	2.0
920.0	2.0
921.0	4.0
922.0	4.0
923.0	4.0
924.0	3.0
925.0	4.0
926.0	2.0
927.0	4.0
929.0	2.0
930.0	2.0
931.0	8.0
932.0	2.0
933.0	2.0
934.0	4.0
935.0	1.0
936.0	6.0
937.0	3.0
938.0	5.0
940.0	3.0
941.0	1.0
943.0	1.0
944.0	3.0
945.0	1.0
946.0	1.0
947.0	3.0
948.0	3.0
949.0	2.0
950.0	1.0
951.0	4.0
952.0	3.0
953.0	2.0
954.0	3.0
955.0	4.0
957.0	2.0
958.0	2.0
959.0	1.0
960.0	2.0
961.0	2.0
962.0	1.0
963.0	5.0
964.0	2.0
965.0	4.0
966.0	3.0
967.0	8.0
969.0	3.0
970.0	1.0
971.0	3.0
972.0	2.0
973.0	4.0
974.0	5.0
975.0	6.0
976.0	2.0
978.0	3.0
979.0	3.0
980.0	3.0
981.0	1.0
982.0	1.0
983.0	3.0
984.0	3.0
985.0	7.0
986.0	3.0
987.0	5.0
988.0	7.0
989.0	4.0
990.0	6.0
991.0	5.0
992.0	4.0
993.0	5.0
994.0	5.0
995.0	3.0
996.0	5.0
997.0	6.0
998.0	8.0
999.0	5.0
1000.0	10.0
1001.0	4.0
1002.0	4.0
1003.0	13.0
1004.0	13.0
1005.0	8.0
1006.0	9.0
1007.0	12.0
1008.0	7.0
1009.0	7.0
1010.0	14.0
1011.0	8.0
1012.0	8.0
1013.0	7.0
1014.0	11.0
1015.0	9.0
1016.0	3.0
1017.0	11.0
1018.0	8.0
1019.0	7.0
1020.0	11.0
1021.0	7.0
1022.0	5.0
1023.0	4.0
1024.0	9.0
1025.0	5.0
1026.0	7.0
1027.0	6.0
1028.0	4.0
1029.0	1.0
1030.0	11.0
1031.0	7.0
1032.0	3.0
1033.0	2.0
1034.0	3.0
1035.0	4.0
1036.0	9.0
1037.0	6.0
1038.0	10.0
1039.0	4.0
1040.0	6.0
1041.0	6.0
1042.0	6.0
1043.0	2.0
1044.0	3.0
1045.0	5.0
1046.0	9.0
1047.0	5.0
1048.0	8.0
1049.0	10.0
1050.0	6.0
1051.0	7.0
1052.0	8.0
1053.0	8.0
1054.0	5.0
1055.0	3.0
1056.0	10.0
1057.0	9.0
1058.0	5.0
1059.0	9.0
1060.0	10.0
1061.0	7.0
1062.0	8.0
1063.0	7.0
1064.0	7.0
1065.0	4.0
1066.0	11.0
1067.0	6.0
1068.0	5.0
1069.0	7.0
1070.0	4.0
1071.0	7.0
1072.0	2.0
1073.0	4.0
1074.0	5.0
1075.0	3.0
1076.0	8.0
1077.0	7.0
1078.0	11.0
1079.0	5.0
1080.0	6.0
1081.0	12.0
1082.0	7.0
1083.0	1.0
1084.0	5.0
1085.0	4.0
1086.0	6.0
1087.0	5.0
1088.0	4.0
1089.0	6.0
1090.0	2.0
1091.0	4.0
1092.0	2.0
1093.0	2.0
1094.0	5.0
1095.0	5.0
1096.0	5.0
1097.0	4.0
1098.0	4.0
1099.0	2.0
1100.0	4.0
1101.0	4.0
1102.0	4.0
1103.0	4.0
1104.0	3.0
1105.0	3.0
1106.0	5.0
1107.0	6.0
1108.0	3.0
1109.0	3.0
1110.0	5.0
1111.0	6.0
1112.0	1.0
1113.0	5.0
1116.0	4.0
1117.0	3.0
1118.0	1.0
1119.0	1.0
1120.0	4.0
1121.0	1.0
1122.0	4.0
1123.0	1.0
1124.0	4.0
1125.0	5.0
1126.0	3.0
1127.0	1.0
1128.0	1.0
1129.0	1.0
1130.0	2.0
1131.0	3.0
1133.0	3.0
1134.0	3.0
1136.0	6.0
1137.0	1.0
1138.0	5.0
1139.0	1.0
1140.0	2.0
1141.0	2.0
1145.0	1.0
1148.0	1.0
1149.0	1.0
1150.0	1.0
1151.0	5.0
1152.0	3.0
1153.0	2.0
1155.0	2.0
1156.0	3.0
1157.0	1.0
1158.0	1.0
1159.0	2.0
1160.0	3.0
1161.0	2.0
1162.0	3.0
1163.0	1.0
1164.0	4.0
1165.0	1.0
1166.0	2.0
1168.0	1.0
1169.0	1.0
1170.0	3.0
1172.0	1.0
1173.0	2.0
1174.0	2.0
1175.0	4.0
1176.0	4.0
1177.0	3.0
1178.0	2.0
1179.0	1.0
1180.0	2.0
1181.0	3.0
1182.0	5.0
1183.0	3.0
1184.0	2.0
1185.0	1.0
1186.0	4.0
1187.0	1.0
1188.0	3.0
1189.0	5.0
1191.0	6.0
1192.0	3.0
1193.0	5.0
1194.0	2.0
1195.0	2.0
1196.0	9.0
1197.0	2.0
1198.0	5.0
1199.0	5.0
1200.0	4.0
1201.0	2.0
1202.0	5.0
1203.0	8.0
1204.0	6.0
1205.0	7.0
1206.0	3.0
1207.0	1.0
1208.0	1.0
1209.0	2.0
1210.0	2.0
1211.0	4.0
1212.0	3.0
1213.0	3.0
1214.0	5.0
1215.0	3.0
1216.0	1.0
1217.0	1.0
1218.0	2.0
1219.0	2.0
1220.0	1.0
1221.0	3.0
1222.0	2.0
1223.0	3.0
1224.0	4.0
1225.0	2.0
1226.0	6.0
1227.0	2.0
1228.0	1.0
1229.0	2.0
1230.0	2.0
1231.0	1.0
1232.0	1.0
1233.0	5.0
1234.0	3.0
1235.0	1.0
1236.0	2.0
1237.0	1.0
1238.0	2.0
1239.0	3.0
1240.0	4.0
1241.0	1.0
1242.0	1.0
1243.0	1.0
1244.0	5.0
1245.0	3.0
1246.0	2.0
1247.0	5.0
1248.0	2.0
1249.0	3.0
1250.0	4.0
1251.0	5.0
1252.0	4.0
1253.0	2.0
1254.0	5.0
1255.0	4.0
1256.0	4.0
1257.0	4.0
1258.0	3.0
1259.0	5.0
1260.0	2.0
1261.0	3.0
1262.0	2.0
1263.0	2.0
1264.0	6.0
1265.0	6.0
1266.0	5.0
1267.0	2.0
1268.0	3.0
1269.0	1.0
1270.0	3.0
1271.0	4.0
1272.0	3.0
1273.0	2.0
1274.0	1.0
1275.0	3.0
1276.0	4.0
1277.0	1.0
1278.0	1.0
1279.0	2.0
1280.0	5.0
1281.0	3.0
1282.0	4.0
1283.0	3.0
1284.0	6.0
1285.0	2.0
1286.0	4.0
1287.0	6.0
1288.0	2.0
1289.0	2.0
1290.0	1.0
1291.0	5.0
1293.0	3.0
1294.0	1.0
1295.0	4.0
1296.0	5.0
1297.0	2.0
1298.0	3.0
1299.0	3.0
1300.0	4.0
1301.0	3.0
1302.0	1.0
1303.0	2.0
1305.0	1.0
1307.0	1.0
1308.0	4.0
1311.0	1.0
1312.0	2.0
1313.0	2.0
1315.0	2.0
1316.0	5.0
1317.0	1.0
1318.0	2.0
1319.0	3.0
1320.0	2.0
1321.0	2.0
1322.0	2.0
1323.0	2.0
1324.0	2.0
1325.0	1.0
1326.0	2.0
1327.0	2.0
1328.0	2.0
1329.0	4.0
1330.0	1.0
1331.0	2.0
1332.0	2.0
1333.0	3.0
1335.0	1.0
1336.0	1.0
1337.0	1.0
1338.0	2.0
1342.0	1.0
1343.0	1.0
1348.0	2.0
1349.0	3.0
1351.0	1.0
1352.0	2.0
1353.0	1.0
1354.0	1.0
1356.0	3.0
1357.0	1.0
1358.0	1.0
1359.0	4.0
1361.0	1.0
1362.0	1.0
1363.0	1.0
1364.0	1.0
1365.0	1.0
1366.0	1.0
1371.0	1.0
1372.0	1.0
1378.0	1.0
1380.0	1.0
1384.0	1.0
1388.0	1.0
1391.0	1.0
1393.0	1.0
1394.0	1.0
1403.0	1.0
1409.0	1.0
1411.0	1.0
1412.0	2.0
1416.0	2.0
1417.0	1.0
1418.0	4.0
1419.0	1.0
1420.0	2.0
1421.0	2.0
1423.0	1.0
1424.0	2.0
1425.0	2.0
1427.0	1.0
1428.0	1.0
1429.0	4.0
1430.0	1.0
1431.0	2.0
1432.0	2.0
1433.0	2.0
1435.0	5.0
1437.0	1.0
1441.0	4.0
1442.0	1.0
1443.0	1.0
1445.0	1.0
1446.0	2.0
1447.0	1.0
1448.0	1.0
1449.0	2.0
1450.0	3.0
1452.0	1.0
1453.0	2.0
1454.0	1.0
1455.0	2.0
1456.0	4.0
1457.0	3.0
1458.0	1.0
1459.0	4.0
1460.0	4.0
1461.0	3.0
1462.0	1.0
1464.0	3.0
1465.0	2.0
1466.0	1.0
1467.0	4.0
1468.0	1.0
1469.0	2.0
1470.0	1.0
1472.0	3.0
1473.0	1.0
1474.0	1.0
1477.0	2.0
1478.0	1.0
1479.0	2.0
1480.0	3.0
1481.0	1.0
1482.0	1.0
1483.0	1.0
1484.0	1.0
1487.0	2.0
1488.0	2.0
1489.0	1.0
1492.0	2.0
1494.0	1.0
1495.0	1.0
1496.0	1.0
1497.0	1.0
1500.0	1.0
1502.0	2.0
1504.0	1.0
1505.0	1.0
1511.0	1.0
1513.0	1.0
1514.0	2.0
1515.0	1.0
1517.0	1.0
1519.0	1.0
1520.0	1.0
1521.0	1.0
1522.0	2.0
1524.0	3.0
1525.0	1.0
1530.0	2.0
1531.0	1.0
1534.0	1.0
1535.0	1.0
1537.0	1.0
1541.0	1.0
1549.0	1.0
1552.0	1.0
1554.0	1.0
1555.0	1.0
1558.0	1.0
1564.0	1.0
1566.0	1.0
1567.0	2.0
1568.0	1.0
1570.0	1.0
1571.0	1.0
1572.0	1.0
1573.0	3.0
1574.0	2.0
1576.0	1.0
1577.0	3.0
1579.0	2.0
1580.0	1.0
1582.0	3.0
1583.0	5.0
1584.0	1.0
1585.0	1.0
1586.0	1.0
1587.0	6.0
1588.0	4.0
1589.0	3.0
1590.0	3.0
1591.0	2.0
1592.0	1.0
1593.0	1.0
1594.0	2.0
1595.0	5.0
1597.0	4.0
1598.0	2.0
1599.0	2.0
1600.0	4.0
1601.0	3.0
1602.0	7.0
1603.0	1.0
1604.0	2.0
1605.0	5.0
1606.0	2.0
1607.0	3.0
1608.0	2.0
1610.0	2.0
1611.0	2.0
1612.0	4.0
1613.0	4.0
1614.0	3.0
1615.0	2.0
1616.0	5.0
1617.0	1.0
1618.0	5.0
1619.0	1.0
1620.0	5.0
1621.0	2.0
1622.0	1.0
1623.0	5.0
1624.0	2.0
1625.0	4.0
1626.0	6.0
1627.0	2.0
1628.0	6.0
1629.0	2.0
1630.0	3.0
1631.0	1.0
1632.0	3.0
1633.0	4.0
1634.0	5.0
1635.0	2.0
1636.0	3.0
1637.0	3.0
1639.0	4.0
1640.0	1.0
1641.0	3.0
1643.0	4.0
1644.0	3.0
1645.0	1.0
1647.0	4.0
1648.0	3.0
1649.0	2.0
1651.0	2.0
1652.0	3.0
1653.0	4.0
1654.0	4.0
1655.0	1.0
1656.0	3.0
1657.0	3.0
1658.0	1.0
1659.0	3.0
1660.0	2.0
1661.0	2.0
1662.0	8.0
1663.0	3.0
1664.0	8.0
1665.0	5.0
1666.0	1.0
1667.0	3.0
1668.0	2.0
1669.0	1.0
1670.0	2.0
1671.0	3.0
1672.0	3.0
1673.0	3.0
1674.0	2.0
1675.0	3.0
1677.0	3.0
1678.0	2.0
1679.0	4.0
1680.0	3.0
1681.0	4.0
1683.0	2.0
1684.0	1.0
1685.0	1.0
1686.0	2.0
1687.0	3.0
1688.0	1.0
1689.0	2.0
1690.0	1.0
1691.0	3.0
1692.0	2.0
1693.0	1.0
1694.0	1.0
1695.0	2.0
1696.0	1.0
1697.0	1.0
1698.0	5.0
1699.0	1.0
1700.0	2.0
1701.0	1.0
1702.0	2.0
1703.0	2.0
1704.0	1.0
