# Position (bp)	A	C	G	T	N
0.0	14.67500259879119	33.27937747813303	38.558636154383045	13.472876045085314	0.014107723607419178
1.0	16.165815417508018	32.45337926119491	24.89978025893812	26.47954032545433	0.001484736904620501
2.0	17.992466373033174	31.614539306847	26.229034123770965	24.16396019634886	0.0
3.0	20.307605725583702	29.469872559110797	31.581051961227164	18.64146975407833	0.0
4.0	21.469402847106675	30.485487151044556	30.414494361249766	17.630615640599	0.0
5.0	21.81455927388112	29.93395565066598	30.832749142161386	17.41873593329152	0.0
6.0	19.495292790634238	30.48001002631909	30.311184506388095	19.71351267665858	0.0
7.0	20.138162643060202	31.15582330500361	31.044615633883726	17.660661943409288	7.364746431780354E-4
8.0	19.105852574573603	31.844068694538873	29.32247288567098	19.727605845216548	0.0
9.0	20.14331912391592	30.10216081140673	30.658533000146992	19.095987064530355	0.0
10.0	18.7639476156918	31.943710359408033	31.287438336856944	18.00490368804322	0.0
11.0	18.566682069223493	31.875224620620358	30.48459377590013	19.07349953425602	0.0
12.0	19.241170564394967	31.362360476961747	30.476302153949884	18.920166804693398	0.0
13.0	19.38283086431506	31.281717060025336	30.372952350266186	18.96249972539342	0.0
14.0	19.26467898298884	30.874702762026708	30.524236327053227	19.336381927931225	0.0
15.0	19.183840569644776	31.26320483671694	30.652766710286794	18.90018788335149	0.0
16.0	19.519304525696754	30.867516528472805	30.764510355407825	18.84866859042262	0.0
17.0	19.480737507481642	30.98421920847871	30.430942613976438	19.10410067006321	0.0
18.0	19.49189630775066	31.123721717311703	30.63939663598302	18.744985338954617	0.0
19.0	19.330359095481782	30.934989575587924	30.654332327341116	19.080319001589178	0.0
20.0	19.651351686056255	30.672455617637844	30.422588564393582	19.253604131912322	0.0
21.0	19.43754687716181	30.56208902837752	30.740495314104294	19.25914059143504	7.281889213337508E-4
22.0	19.412055839410748	30.627975020743264	30.48240825654687	19.469554711268323	0.008006172030801928
23.0	19.3652802630239	30.688546531081336	30.416503004117025	19.528215423558677	0.0014547782190605042
24.0	19.399794988113673	30.74160505405189	30.57148880795039	19.286384157379338	7.269925047072765E-4
25.0	19.50446850250672	30.64448158105064	30.4570224515004	19.391121121848435	0.0029063430938022234
26.0	19.291390055056002	30.695535960719937	30.450761922747283	19.525269106175276	0.037042955301500605
27.0	19.483310703368357	30.678245463720653	30.7225372668327	19.076697428897134	0.03920913718115347
28.0	19.50571584104518	30.71965160587915	30.46053347849755	19.291598620939936	0.02250045363817819
29.0	19.525219107319057	30.640925184282313	30.669946021243256	19.125457078182134	0.038452608973242784
30.0	19.428086563007657	30.572638663262936	30.54870619633326	19.404879322348574	0.045689255047574845
31.0	19.383336597253955	30.77296893472884	30.48646923573485	19.337641708553647	0.01958352372870292
32.0	19.32185691703044	30.5715487360956	30.52078952329848	19.57347758618189	0.012327237393586937
33.0	19.33482181691652	30.65212978803607	30.456403862324933	19.544321048511033	0.012323484211441992
34.0	19.394699270189374	30.503475116139178	30.575948862524548	19.525876751146896	0.0
35.0	19.727994667130393	30.468365069704085	30.221285105642988	19.58163058284787	7.245746746659711E-4
36.0	19.55490194657954	30.46067358751639	30.689597716554257	19.293377862457167	0.0014488868926447256
37.0	19.58285052143685	30.314310544611818	30.569235225955964	19.530706836616453	0.0028968713789107765
38.0	19.63133306775794	30.60080396914497	30.328468474993663	19.439394488103428	0.0
39.0	19.638343942586918	30.721211989542823	30.34029271401363	19.298702991592258	0.0014483622643695641
40.0	19.719870508911566	30.465168490501814	30.321048095655385	19.492464458751872	0.0014484461793610904
41.0	19.640852974186306	30.36385358966004	30.34430324752905	19.650266101879005	7.240867455921219E-4
42.0	19.373778324766526	30.550206327372763	30.78838775066966	19.28762759719105	0.0
43.0	19.755016940317958	30.29927895056902	30.559899226826516	19.385804882286507	0.0
44.0	19.54981362863243	30.43245394998733	30.420149820866353	19.597582600513878	0.0
45.0	19.469474903195454	30.569246914920566	30.535229616762567	19.426048565121413	0.0
46.0	19.49186271175402	30.336997344255412	30.724142672098765	19.446997271891803	0.0
47.0	19.500354512436875	30.533649741712367	30.36507546050442	19.600920285346337	0.0
48.0	19.474666512341212	30.693885818455396	30.524610087097425	19.306837582105963	0.0
49.0	19.538483796296298	30.555555555555557	30.337818287037038	19.56814236111111	0.0
50.0	19.849089909425008	30.191422866568278	30.36070839482594	19.598778829180773	0.0
51.0	19.363076678217713	30.33922460879568	30.714693945466514	19.583004767520094	0.0
52.0	19.513889391384886	30.463317390140304	30.367802950817303	19.653543079182917	0.0014471884745909883
53.0	19.759902745415864	30.316801018857547	30.14602660028655	19.777269635440035	0.0
54.0	19.56150506512301	30.644717800289435	30.69247467438495	19.101302460202604	0.0
55.0	19.790980610701386	30.59658823614559	30.42723042071666	19.183029478392402	0.002171254043960657
56.0	19.672878926104524	30.295987372750048	30.39952503004764	19.631608671097787	0.0
57.0	19.39289050450046	30.403267268658986	30.624126519765092	19.578267449691158	0.001448257384302338
58.0	19.303123778077076	30.723668013497267	30.682394172423283	19.290814036002374	0.0
59.0	19.627081824764662	30.472845763939176	30.29833454018827	19.601737871107893	0.0
60.0	19.104443028442333	30.814458668829285	30.532062793257253	19.546863233505185	0.0021722759659387127
61.0	19.496208527373202	30.6714564034967	30.44404047134487	19.38829459778523	0.0
62.0	19.74069245255686	30.38968564392293	30.262204838476027	19.60596841952774	0.0014486455164421266
63.0	19.295639951893122	30.728993088258733	30.789851187457433	19.18551577239071	0.0
64.0	19.445913923170018	30.61314704369062	30.613871718130632	19.327067315008733	0.0
65.0	19.962742013815898	30.31524315547598	30.145625086077544	19.576389744630575	0.0
66.0	19.502240136873088	30.629703199988402	30.605779408139888	19.262277254998622	0.0
67.0	19.65945844029645	30.685724230953316	30.395654759314855	19.25916256943538	0.0
68.0	19.572284872498223	30.381997358528906	30.466901786621385	19.57881598235149	0.0
69.0	19.582607433217188	30.45223577235772	30.53861788617886	19.42581300813008	7.259001161440186E-4
70.0	19.60132166587996	30.869612577611562	30.01706546603246	19.510547910388148	0.0014523800878689954
71.0	19.644776986779018	30.257155310184515	30.519395612378325	19.578672090658145	0.0
72.0	19.259975148419166	30.72876170821919	30.46062623077091	19.55063691259074	0.0
73.0	19.470937163792854	30.569771161059577	30.5341513768137	19.42295949521677	0.0021808031170945886
74.0	19.900942572874847	30.219788212020717	30.610345028219005	19.268924186885435	0.0
75.0	19.473906275006183	30.695590182299625	30.745056959539085	19.085446583155107	0.0
76.0	19.54227914422937	30.4511715907437	30.541405908892443	19.46514335613448	0.0
77.0	19.985005968497976	30.354907269921682	30.149649168777476	19.510437592802866	0.0
78.0	19.63891821060678	30.600953663596986	30.561642339751753	19.19848578604448	0.0
79.0	19.632129672106082	30.406099132752257	30.664598670365763	19.29571618935273	0.0014563354231746655
80.0	19.73446558102951	30.40755090744895	30.3711364232237	19.486118798613337	7.282896845049087E-4
81.0	19.51951733133193	30.67540094872374	30.469917004889354	19.33516471505498	0.0
82.0	19.387896413239165	30.86174097478845	30.34132901843308	19.409033593539313	0.0
83.0	19.63968036396512	30.47478783283269	30.342821312957508	19.541252296654903	0.0014581935897809793
84.0	19.560016338915794	30.402054035128668	30.6916321409815	19.34629748497403	0.0
85.0	19.690060484900663	30.56639841236256	30.387643277712517	19.35589782502426	0.0
86.0	19.58116482602063	30.3476667712903	30.609712479653133	19.461455923035935	0.0
87.0	19.557249456053505	30.612870723266305	30.738453001562476	19.089236430542776	0.002190388574933193
88.0	19.38063762188219	30.697878245626846	30.344374246795457	19.577109885695503	0.0
89.0	19.492732972356798	30.26795565980519	30.594588274839058	19.64326164953124	0.0014614434677130601
90.0	19.622451143101543	30.554113630215607	30.63599874247863	19.18378089883533	0.0036555853688851198
91.0	19.693313443313443	30.270855270855275	30.614543114543114	19.41982566982567	0.0014625014625014626
92.0	19.454623920183156	30.71982913109946	30.24950077900419	19.576046169713194	0.0
93.0	19.567412523963533	30.23795238025551	30.61039322143035	19.58204674169142	0.0021951326591837035
94.0	19.70821620988522	29.946269618177556	30.525298664792693	19.815823377840243	0.004392129304286718
95.0	19.63791360899943	30.314481990889252	30.390649031067362	19.656955369043956	0.0
96.0	19.46389849381703	30.780050401453433	30.603498798570005	19.152552306159524	0.0
97.0	19.598877384276054	30.693867381857885	30.47256845977416	19.233221218316515	0.0014655557753889218
98.0	19.58477204249049	30.468377722550894	30.45298261819408	19.493867616764536	0.0
99.0	19.635483516080534	30.40302174630533	30.485166306061828	19.47632843155231	0.0
100.0	19.37923647994366	30.55547404559993	30.598755832037327	19.466533642419083	0.0
101.0	19.742993226234944	30.341770572651015	30.160500803604844	19.754735397509194	0.0
102.0	19.210582336834843	30.452113017243278	30.922651163132127	19.414653482789756	0.0
103.0	19.455192921913433	30.572341128528947	30.620066815962403	19.352399133595213	0.0
104.0	19.505960644322514	30.44519365666983	30.3276701703356	19.72117552867206	0.0
105.0	19.619443791157103	30.280603245531513	30.744355597365946	19.354127469426153	0.0014698965192850423
106.0	19.71268719811203	30.514119350973022	30.529558370521766	19.243635080393183	0.0
107.0	19.506310865279943	30.503986583894786	30.499573391391333	19.490129159433934	0.0
108.0	19.71847567750528	30.70278065973525	30.25098783691309	19.327755825846378	0.0
109.0	19.65474087161366	30.281949352179033	30.650765606595996	19.412544169611305	0.0
110.0	19.789372905696506	30.488640129616673	30.237507824870196	19.482269764701552	0.0022093751150716206
111.0	19.370026525198938	30.639552018862364	30.650604185086944	19.33834364868848	0.0014736221632773356
112.0	19.493211869278735	30.487625112398476	30.61955512315924	19.397396777664767	0.0022111174987838856
113.0	19.585385999587007	30.495737337384583	30.635121979999408	19.28227971326588	0.001474969763119856
114.0	19.22943524879899	30.591612489023028	30.799713676380513	19.379238585797463	0.0
115.0	19.33416519613996	30.66029725559108	30.393756598911686	19.610304269818883	0.0014766795383899763
116.0	19.676308946932984	30.43449355868101	30.08435764094079	19.80483985344522	0.0
117.0	19.36180120780267	30.510692084235735	30.855884157383933	19.27014421193463	0.0014783386430329594
118.0	19.788631354741373	30.1470261955123	30.661026225095036	19.40331622465129	0.0
119.0	19.721936529312092	30.675772665724498	30.350206068857332	19.252084736106077	0.0
120.0	19.521024578027834	30.489339650577435	30.770654427006217	19.21898134438851	0.0
121.0	19.506937396753905	30.566770128821496	30.45861637270081	19.467676101723793	0.0
122.0	19.949599762822412	30.34983694040913	30.24903646605396	19.451526830714496	0.0
123.0	19.655983207114723	30.45861488365883	30.55429872644064	19.329619712355083	0.0014834704307256396
124.0	19.48259223517185	30.57827926657264	30.642862445252767	19.293296711454236	0.0029693415485116175
125.0	19.895964925317678	29.97473433900572	30.616036263654607	19.513264472021994	0.0
126.0	19.356134426278285	30.81643582915545	30.353025186331244	19.474404558235022	0.0
127.0	19.476516961833084	30.427079378549998	30.644452881315555	19.450461918693378	0.0014888596079832652
128.0	19.761888797002	30.29510590584326	30.508184141317063	19.43482115583767	0.0
129.0	19.474253327864574	30.55520340057422	30.778925388716953	19.191617882844252	0.0
130.0	19.370367882492555	30.632244389213557	30.42923355948143	19.56815416881246	0.0
131.0	19.56627298058463	30.68510342663768	30.325033803216723	19.422095724733495	0.001494064827472864
132.0	19.527551989471245	30.347942480688555	30.581250140208933	19.54325538963127	0.0
133.0	19.60719738929972	30.442202329271577	30.430975120505373	19.519625160923326	0.0
134.0	19.61396962408494	30.361678692651783	30.378162909014616	19.644690209124764	0.0014985651238938716
135.0	19.250622730410253	30.81840280903935	30.621079799525823	19.30989466102458	0.0
136.0	19.73663454098841	30.335103625969968	30.534167649467037	19.39409418357459	0.0
137.0	19.795992056327858	30.241620027682494	30.276223144972015	19.686164771017634	0.0
138.0	19.090628319184034	30.545909258687313	30.585833628371915	19.77386234378649	0.0037664499702450447
139.0	19.499777494512788	30.30826438177416	30.579042245872333	19.60914459839645	0.0037712794442642614
140.0	19.710619916780573	30.327516028424494	30.522349174224633	19.43875971333852	7.551672317834784E-4
141.0	19.31895573212259	30.550889141127506	30.690124858115773	19.439273552780932	7.567158531971245E-4
142.0	19.28322857987672	30.824052101260836	30.43435407931947	19.458365239542978	0.0
143.0	19.678964912413914	30.28724591682549	30.505167085551143	19.524066241960835	0.004555843248619959
144.0	19.23158839547868	30.710601980740265	30.722772427852068	19.335037195928987	0.0
145.0	19.37016279690419	30.514316214876665	30.75908345724198	19.35567501620344	7.625147737237408E-4
146.0	19.61497522762254	30.386173414299826	30.383110369173515	19.61574098890412	0.0
147.0	19.222998503986798	30.65284782306945	30.625857894168636	19.496753497123645	0.0015422816514751925
148.0	18.22563202357256	31.193674278638934	30.768929360688368	19.811764337100136	0.0
149.0	13.604810242032192	33.34403026669144	31.71668890502812	21.33278159677065	0.0016889894775955546
150.0	0.0	41.37976318150977	34.07822451793648	24.542012300553743	0.0
