# Position (bp)	A	C	G	T	N
0.0	14.873412692105974	33.07321879817549	38.53800797825845	13.49867293908234	0.016687592377743518
1.0	16.32450383741439	32.11669553334499	24.916180700109642	26.638647450463193	0.003972478667789554
2.0	17.944119537530053	31.70077527991811	26.265880541823062	24.08922464072878	0.0
3.0	20.066396748302445	29.76523440904517	31.987703132056634	18.180665710595747	0.0
4.0	21.381165209824786	30.455246608392994	30.608709409484636	17.55487877229759	0.0
5.0	21.78863071521559	29.948321432798135	30.901416229437057	17.36163162254921	0.0
6.0	19.285607320475737	30.457056834572064	30.386910157081264	19.87042568787093	0.0
7.0	19.985356406178653	30.99324505188241	31.259349068635938	17.762049473302994	0.0
8.0	18.77447665182995	32.179424670892246	29.538698667841025	19.507400009436783	0.0
9.0	20.237478207604955	30.3208782924186	30.494432141230426	18.947211358746014	0.0
10.0	18.79642047638095	32.237672839070456	31.477690721002645	17.488215963545954	0.0
11.0	18.56880935217977	32.100322813175794	30.511329802237753	18.819538032406683	0.0
12.0	19.236128507014026	31.42300225450902	30.597914579158314	18.742954659318638	0.0
13.0	19.384100470761194	31.335335241401964	30.403978792286395	18.876585495550447	0.0
14.0	19.245339019456225	31.14480086853965	30.44731354125173	19.162546570752394	0.0
15.0	19.22845839933208	31.207328396757156	30.661912155993726	18.902301047917042	0.0
16.0	19.70797798531315	30.78392241849733	30.812766023792076	18.69533357239745	0.0
17.0	19.61445595451359	31.074071189344966	30.121504790092686	19.189968066048756	0.0
18.0	19.01237450385244	31.298155498482373	30.78527511868628	18.90419487897891	0.0
19.0	19.31516009143639	31.098480725270967	30.7999129177228	18.786446265569843	0.0
20.0	19.60385272642535	30.45906478173062	30.688208792915955	19.248873698928072	0.0
21.0	19.145483625522136	30.65886116244041	31.009021879221727	19.18585692324415	7.764095715771984E-4
22.0	19.123342103016615	30.662072283920438	30.759858132911145	19.44696669848587	0.007760781665929392
23.0	19.30025899102061	30.996727718242585	30.336843411237417	19.364619035064592	0.0015508444347947456
24.0	19.12563647495563	30.710449426881915	30.74222473669118	19.421689361471277	0.0
25.0	19.35771148901899	30.647709320695103	30.873060124523743	19.11842146021126	0.0030976055509091475
26.0	19.13297884691295	30.821742865767295	30.474996323557868	19.533130548525165	0.037151415236724175
27.0	19.514817708534785	30.874674134183227	30.673546271012057	18.898283451044705	0.038678435225224524
28.0	19.40732491957436	30.789872556297947	30.761259589210592	19.016023261568918	0.025519673348181143
29.0	19.60040191683413	30.56809398670583	30.4312876797032	19.36157056732107	0.038645849435770596
30.0	19.08860524770529	30.817906480823314	30.573755292517845	19.478010940445653	0.04172203850789628
31.0	19.350104659874717	30.810940239597734	30.42705863270177	19.39490372063924	0.016992747186541746
32.0	19.541197272818525	30.58659110036985	30.56805985591958	19.295658283852337	0.008493487039710913
33.0	19.295997529815896	30.782353622293414	30.60558107221429	19.305260720213052	0.010807055463352503
34.0	19.543777877239826	30.696217183955056	30.59744108159832	19.162563857206795	0.0
35.0	19.569242162429028	30.659096519377933	30.230190076524316	19.54069982720316	7.714144655640582E-4
36.0	19.26336651988494	30.468647577330323	30.935984144488742	19.33045939338788	0.0015423649081136106
37.0	19.38489064379801	30.43696208779344	30.647499768639914	19.52910509917636	0.0015424005922818273
38.0	19.573079978098757	30.727290954940507	30.221403067716484	19.478225999244252	0.0
39.0	19.225075179273652	30.818875780707845	30.682396483923203	19.270568278201868	0.0030842778934381987
40.0	19.675770680604057	30.271424496812436	30.571294219220956	19.479197983395387	0.0023126199671607965
41.0	19.310844338968426	30.45568722935384	30.713041870213125	19.519656038587783	7.705228768242129E-4
42.0	19.4568776241285	30.91175224375024	30.382496822156313	19.24887330996495	0.0
43.0	19.68375976216516	30.410203484342023	30.683621127867035	19.2208752445355	0.0015403810902817358
44.0	19.35031729406691	30.444827798656892	30.834514201219886	19.370340706056314	0.0
45.0	19.264415968457367	31.010503942828983	30.68475850172499	19.040321586988664	0.0
46.0	19.609685468716307	30.559748621422628	30.285573457379623	19.54422229752626	7.701549551769817E-4
47.0	19.680957589388875	30.55166145456226	30.349852880008626	19.417528076040238	0.0
48.0	19.370215780799978	30.647496419055248	30.50656891585935	19.475718884285428	0.0
49.0	19.504870442382476	30.65029068648212	30.457783082431757	19.386285758287453	7.7003041620144E-4
50.0	20.00354263094257	30.177824670573827	30.079247113910988	19.739385584572613	0.0
51.0	19.109991991622007	30.685178340417668	30.799913755929282	19.404145875685334	7.700363457155178E-4
52.0	19.520460899771244	30.566188873398904	30.507652137746184	19.40569808908367	0.0
53.0	19.74657217686027	30.269604067169926	30.369742720690184	19.614081035279618	0.0
54.0	19.51914487262422	30.920586513877335	30.661830391522653	18.89766811446878	7.701075070079784E-4
55.0	19.566238707342055	30.46803398002172	30.557374018992462	19.405272602644775	0.003080690998991074
56.0	19.531171762458303	30.530840516743314	30.5185150947902	19.41947262600818	0.0
57.0	19.410069503305646	30.78564933964154	30.464331396692813	19.336867573856896	0.003082186503105303
58.0	19.56722766783799	30.258615375131004	30.804204426360894	19.36995253067012	0.0
59.0	19.455726738136896	30.66334748865134	30.43444751870891	19.445707547533353	7.707069695031252E-4
60.0	19.468596799556007	30.586131409367002	30.75494095519995	19.18801837634508	0.002312459531958191
61.0	19.49210706932052	30.79746747588164	30.451211894534712	19.25844238970333	7.711705597927093E-4
62.0	19.725828723954113	30.728166199942912	29.959807756100194	19.5838829873406	0.0023143326621768616
63.0	19.569242162429028	30.664496420636876	30.679153295482596	19.08633670698593	7.714144655640582E-4
64.0	19.38875475365829	30.408756759258544	30.889329435269254	19.311616282388517	0.0015427694253955274
65.0	19.523750733047315	30.662983425414364	30.232414580696936	19.580851260841385	0.0
66.0	19.27701545063053	30.98383935048698	30.695201197771162	19.043944001111335	0.0
67.0	19.53889866889033	30.525186077395844	30.740603477562615	19.194539670774265	7.721053769418451E-4
68.0	19.233562543459783	30.691493471374486	30.417986556439775	19.656957428725953	0.0
69.0	19.394979286465098	30.741822791071538	30.561738700302975	19.299140542880107	0.0023186792802819514
70.0	19.514872302269495	30.9149094057263	30.386958134932907	19.180941191020963	0.002318966050337023
71.0	19.73234580118442	30.34187373401574	30.375891020982483	19.54988944381736	0.0
72.0	19.25540308482495	30.422036231996163	30.822723123810704	19.49983755936818	0.0
73.0	19.41830227230512	30.777506036777908	30.4601882236394	19.340907683734756	0.0030957835428146864
74.0	19.759185411746486	30.16222075961129	30.574935150412326	19.503658678229897	0.0
75.0	19.379334392313353	30.805470535818063	30.6512727131843	19.16237263182364	0.001549726860640812
76.0	19.492931109319773	30.5031934023687	30.728746822099584	19.275128666211945	0.0
77.0	19.8200922802528	30.588189678570043	30.135318521965026	19.455624054902874	7.754643092551666E-4
78.0	19.407511984734008	30.98267061762105	30.52810400732271	19.080161968444077	0.0015514218781513256
79.0	19.554641734879933	30.594716219885942	30.828257749156222	19.02005663963999	0.0023276564379097644
80.0	19.556376505650068	30.752514590835712	30.23717869117099	19.453154104060598	7.761082826275922E-4
81.0	19.305235199552666	30.74485682998998	30.73942048569853	19.210487484758822	0.0
82.0	19.581598409048535	30.910136100925982	30.21021067677584	19.29727798148033	7.768317693120378E-4
83.0	19.86785339500175	30.29577519530491	30.236697889540988	19.597341521240626	0.0023319989117338413
84.0	19.520372127755568	30.753434247576973	30.450069229452854	19.27534653619378	7.778590208310646E-4
85.0	19.341256313868328	30.82490835648743	30.655241386288107	19.177815654502012	7.782888541253201E-4
86.0	19.689676122820956	30.54322257014223	30.498823822654263	19.268277484382544	0.0
87.0	19.311338760565576	30.682039496747553	30.595567327542554	19.406380243835937	0.0046741713083784525
88.0	19.490693106351138	30.641817104729835	30.361207245970128	19.506282542948895	0.0
89.0	19.369963255657925	30.149863866503356	30.72404296981659	19.753009369417164	0.0031205386049632166
90.0	19.284236818483393	30.96670959684658	30.55614096709987	19.191351520118644	0.0015610974515084105
91.0	19.64734729575661	30.317512377204082	30.693123428446484	19.33967421012354	0.002342688469287354
92.0	19.64792198963925	30.661884781572553	30.07508809763797	19.614323777376683	7.813537735480494E-4
93.0	19.488041269345004	30.33140534625606	30.78552446459278	19.393465687040802	0.001563232765358762
94.0	19.50132177884841	30.4736504559746	30.66370504778739	19.35819424674248	0.0031284706471241533
95.0	19.760816479869764	30.45285204433035	30.265794252081896	19.520537223717987	0.0
96.0	19.56714092193972	30.864700216899355	30.45674149824993	19.11063433274084	7.83030170152456E-4
97.0	19.542121098157203	30.34662153691864	30.488435502068445	19.620471355146044	0.002350507709665288
98.0	19.65325620948843	30.611269173191623	30.17392054049394	19.56155407682601	0.0
99.0	19.44904056523137	30.490186084078953	30.835221881542935	19.225551469146744	0.0
100.0	19.300833163353364	30.59168719501671	30.579919351042633	19.52677576765569	7.845229316052909E-4
101.0	19.518015542821257	30.455294764110214	30.31870633487715	19.70798335819138	0.0
102.0	19.366490255508268	30.619375912809964	30.745795185074677	19.268338646607095	0.0
103.0	19.628663881122176	30.530771889038988	30.393327259589707	19.44723697024913	0.0
104.0	19.54796845049178	30.359331301260095	30.19749866448795	19.895201583760176	0.0
105.0	19.317154469627287	30.445036673663356	30.90571763244578	19.329732789321007	0.0023584349425721093
106.0	19.530500180939946	30.538729014900014	30.538729014900014	19.392041789260034	0.0
107.0	19.605805862535814	30.512263467774943	30.30997134850918	19.571959321180064	0.0
108.0	19.49514196179708	30.673354014770954	30.37336818732973	19.45813583610223	0.0
109.0	19.644700043329262	30.202859731358565	30.647181628392484	19.504470792137706	7.878047819750265E-4
110.0	19.837102217176017	30.50272810420412	30.149493802630335	19.506733528873752	0.003942347115778851
111.0	19.521469198425407	30.545190631335643	30.6114560242342	19.319517524829802	0.002366621174948526
112.0	19.28964466444039	30.98942914209475	30.436807743015258	19.282539532166513	0.0015789182830842588
113.0	19.672726985406246	30.17675271213091	30.541003942762778	19.607145961236082	0.0023703984639817954
114.0	19.405356691120666	30.80413609916519	30.44365039210726	19.34685681760688	0.0
115.0	19.430492386790586	30.649792367016016	30.391931975479537	19.52541032232549	0.0023729483883725526
116.0	19.591423211783983	30.54194600327685	30.12244639507365	19.7433928811708	7.915086947230116E-4
117.0	19.48518929193727	30.501346428005704	30.81656898463488	19.193727229526374	0.003168065895770632
118.0	19.548657625022788	30.339973207986876	30.539724311770257	19.57085219210983	7.92663110251512E-4
119.0	19.722590320814454	30.464280329781072	30.44602969299255	19.367099656411924	0.0
120.0	19.52722392942503	30.49223024210518	30.635158849265903	19.345386979203887	0.0
121.0	19.76559396106476	30.385379419944382	30.49026618990862	19.357171235597935	0.0015891934843067146
122.0	19.880404271730402	30.422163378579327	30.158957354262583	19.5368846267007	0.0015903687269893526
123.0	19.623200171923877	30.339788438119342	30.703534786726838	19.330292827749787	0.0031837754801531397
124.0	19.425239748940644	30.371650683403956	30.536527861853635	19.66419218147641	0.002389524325357632
125.0	19.743973982910344	29.90849381456447	30.69283254686902	19.652308379033286	0.0023912766228797347
126.0	19.463306815189547	30.610502461639122	30.613694214150634	19.31249650902069	0.0
127.0	19.542680978851195	30.47568845441186	30.553159542521247	19.426075011181393	0.0023960130343109068
128.0	19.815498744943802	30.358770204805985	30.178905463091755	19.646026188306394	7.993988520632484E-4
129.0	19.528336614330758	30.517277252284696	30.82297018293561	19.13141595044894	0.0
130.0	19.537283301823308	30.632550389335726	30.579677636427725	19.25048867241324	0.0
131.0	19.67524657204715	30.821104963515356	30.019244647582394	19.481998235907305	0.0024055809477988932
132.0	19.445693365020233	30.417014580255636	30.649849059027556	19.487442995696576	0.0
133.0	19.666741688637387	30.26252331039804	30.529387177673463	19.541347823291105	0.0
134.0	19.391812488932533	30.60255316408828	30.192050741319083	19.81116888552617	0.002414720133936477
135.0	19.41577017607478	30.76997461622144	30.32273661307869	19.491518594625084	0.0
136.0	19.725277829339745	30.375200755405263	30.33404085322056	19.564673505128845	8.070569055824127E-4
137.0	19.760600035562454	30.270921229167673	30.3638685482437	19.604610187026168	0.0
138.0	19.24434513689869	30.43506419909004	30.788847330839854	19.527695471252084	0.0040478619193342075
139.0	19.44795719844358	30.41909857328145	30.58690012970169	19.543612191958495	0.0024319066147859923
140.0	19.476026507276504	30.744867463617464	30.222680613305613	19.554801195426194	0.0016242203742203743
141.0	19.33587867045482	30.626266902205323	30.834669771001067	19.202370582632554	8.140737062333623E-4
142.0	19.875011217987943	30.37994305341394	30.44765890789828	19.295755113362866	0.0016317073369720408
143.0	19.661460462834246	30.233052579932945	30.432578297489577	19.672090931392592	8.177283506419169E-4
144.0	19.204798741313752	30.593614789563397	30.83207683230628	19.368690179625016	8.19457191556313E-4
145.0	19.541891914096517	30.504116071575282	30.569020194219426	19.383328677763352	0.0016431423454213838
146.0	19.935627630601633	30.014855162168853	30.353222744903853	19.69629446232566	0.0
147.0	19.322808475280432	30.422933111757374	30.732031574574158	19.51973410884919	0.0024927295388450354
148.0	18.43759227232463	31.039777280971865	30.84152360062429	19.681106846079217	0.0
149.0	13.61123235850429	33.05507056598283	31.8174378000873	21.512621853630147	0.003637421795431398
150.0	0.0	41.49969427590424	33.99769531066272	24.502610413433047	0.0
