#Insert size (bp)	insert size
3.0	1.0
8.0	1.0
9.0	2.0
17.0	1.0
19.0	61.0
20.0	24.0
21.0	8.0
22.0	10.0
23.0	1.0
27.0	7.0
28.0	5.0
29.0	2.0
30.0	6.0
31.0	11.0
32.0	10.0
33.0	7.0
34.0	10.0
35.0	8.0
36.0	10.0
37.0	6.0
38.0	7.0
39.0	8.0
40.0	11.0
41.0	10.0
42.0	14.0
43.0	10.0
44.0	13.0
45.0	10.0
46.0	18.0
47.0	12.0
48.0	9.0
49.0	6.0
50.0	16.0
51.0	17.0
52.0	10.0
53.0	16.0
54.0	18.0
55.0	27.0
56.0	10.0
57.0	11.0
58.0	11.0
59.0	14.0
60.0	11.0
61.0	8.0
62.0	27.0
63.0	13.0
64.0	19.0
65.0	13.0
66.0	16.0
67.0	10.0
68.0	12.0
69.0	5.0
70.0	13.0
71.0	9.0
72.0	9.0
73.0	11.0
74.0	19.0
75.0	31.0
76.0	16.0
77.0	40.0
78.0	13.0
79.0	12.0
80.0	12.0
81.0	11.0
82.0	15.0
83.0	23.0
84.0	23.0
85.0	11.0
86.0	32.0
87.0	19.0
88.0	10.0
89.0	17.0
90.0	14.0
91.0	17.0
92.0	10.0
93.0	24.0
94.0	22.0
95.0	19.0
96.0	28.0
97.0	24.0
98.0	26.0
99.0	16.0
100.0	9.0
101.0	19.0
102.0	29.0
103.0	14.0
104.0	26.0
105.0	26.0
106.0	21.0
107.0	26.0
108.0	22.0
109.0	21.0
110.0	22.0
111.0	37.0
112.0	19.0
113.0	38.0
114.0	32.0
115.0	25.0
116.0	25.0
117.0	34.0
118.0	26.0
119.0	27.0
120.0	27.0
121.0	18.0
122.0	20.0
123.0	25.0
124.0	38.0
125.0	42.0
126.0	46.0
127.0	31.0
128.0	30.0
129.0	28.0
130.0	29.0
131.0	13.0
132.0	27.0
133.0	32.0
134.0	29.0
135.0	35.0
136.0	46.0
137.0	43.0
138.0	30.0
139.0	31.0
140.0	15.0
141.0	28.0
142.0	32.0
143.0	24.0
144.0	29.0
145.0	40.0
146.0	42.0
147.0	41.0
148.0	48.0
149.0	29.0
150.0	37.0
151.0	38.0
152.0	33.0
153.0	28.0
154.0	32.0
155.0	35.0
156.0	40.0
157.0	41.0
158.0	36.0
159.0	49.0
160.0	43.0
161.0	29.0
162.0	30.0
163.0	37.0
164.0	37.0
165.0	42.0
166.0	36.0
167.0	45.0
168.0	39.0
169.0	28.0
170.0	56.0
171.0	35.0
172.0	42.0
173.0	45.0
174.0	51.0
175.0	32.0
176.0	52.0
177.0	64.0
178.0	57.0
179.0	63.0
180.0	51.0
181.0	41.0
182.0	35.0
183.0	46.0
184.0	78.0
185.0	58.0
186.0	48.0
187.0	57.0
188.0	52.0
189.0	63.0
190.0	81.0
191.0	73.0
192.0	49.0
193.0	70.0
194.0	45.0
195.0	61.0
196.0	60.0
197.0	65.0
198.0	90.0
199.0	89.0
200.0	60.0
201.0	64.0
202.0	68.0
203.0	98.0
204.0	61.0
205.0	68.0
206.0	63.0
207.0	78.0
208.0	72.0
209.0	83.0
210.0	98.0
211.0	85.0
212.0	74.0
213.0	81.0
214.0	70.0
215.0	86.0
216.0	88.0
217.0	85.0
218.0	80.0
219.0	77.0
220.0	87.0
221.0	78.0
222.0	60.0
223.0	80.0
224.0	69.0
225.0	72.0
226.0	95.0
227.0	73.0
228.0	83.0
229.0	110.0
230.0	99.0
231.0	80.0
232.0	81.0
233.0	87.0
234.0	92.0
235.0	96.0
236.0	89.0
237.0	93.0
238.0	98.0
239.0	102.0
240.0	94.0
241.0	116.0
242.0	92.0
243.0	114.0
244.0	94.0
245.0	94.0
246.0	98.0
247.0	118.0
248.0	107.0
249.0	115.0
250.0	116.0
251.0	124.0
252.0	123.0
253.0	107.0
254.0	116.0
255.0	92.0
256.0	97.0
257.0	115.0
258.0	102.0
259.0	106.0
260.0	129.0
261.0	121.0
262.0	123.0
263.0	113.0
264.0	109.0
265.0	129.0
266.0	116.0
267.0	106.0
268.0	123.0
269.0	127.0
270.0	109.0
271.0	132.0
272.0	120.0
273.0	128.0
274.0	142.0
275.0	142.0
276.0	101.0
277.0	139.0
278.0	140.0
279.0	124.0
280.0	126.0
281.0	137.0
282.0	140.0
283.0	136.0
284.0	155.0
285.0	135.0
286.0	154.0
287.0	142.0
288.0	139.0
289.0	151.0
290.0	127.0
291.0	138.0
292.0	157.0
293.0	144.0
294.0	144.0
295.0	133.0
296.0	142.0
297.0	155.0
298.0	135.0
299.0	155.0
300.0	134.0
301.0	175.0
302.0	148.0
303.0	165.0
304.0	175.0
305.0	157.0
306.0	165.0
307.0	151.0
308.0	148.0
309.0	141.0
310.0	147.0
311.0	161.0
312.0	162.0
313.0	147.0
314.0	153.0
315.0	178.0
316.0	195.0
317.0	137.0
318.0	137.0
319.0	163.0
320.0	143.0
321.0	175.0
322.0	166.0
323.0	162.0
324.0	165.0
325.0	168.0
326.0	158.0
327.0	158.0
328.0	151.0
329.0	190.0
330.0	148.0
331.0	169.0
332.0	161.0
333.0	160.0
334.0	158.0
335.0	159.0
336.0	164.0
337.0	150.0
338.0	159.0
339.0	128.0
340.0	130.0
341.0	151.0
342.0	164.0
343.0	170.0
344.0	158.0
345.0	150.0
346.0	149.0
347.0	169.0
348.0	141.0
349.0	147.0
350.0	135.0
351.0	142.0
352.0	197.0
353.0	154.0
354.0	149.0
355.0	163.0
356.0	158.0
357.0	144.0
358.0	155.0
359.0	146.0
360.0	151.0
361.0	150.0
362.0	144.0
363.0	152.0
364.0	144.0
365.0	156.0
366.0	143.0
367.0	122.0
368.0	157.0
369.0	143.0
370.0	131.0
371.0	143.0
372.0	134.0
373.0	128.0
374.0	133.0
375.0	145.0
376.0	141.0
377.0	166.0
378.0	134.0
379.0	165.0
380.0	115.0
381.0	133.0
382.0	137.0
383.0	123.0
384.0	111.0
385.0	145.0
386.0	118.0
387.0	145.0
388.0	151.0
389.0	129.0
390.0	121.0
391.0	112.0
392.0	104.0
393.0	119.0
394.0	124.0
395.0	133.0
396.0	129.0
397.0	116.0
398.0	131.0
399.0	122.0
400.0	123.0
401.0	124.0
402.0	82.0
403.0	102.0
404.0	119.0
405.0	131.0
406.0	113.0
407.0	132.0
408.0	113.0
409.0	106.0
410.0	109.0
411.0	123.0
412.0	89.0
413.0	104.0
414.0	98.0
415.0	109.0
416.0	107.0
417.0	139.0
418.0	108.0
419.0	123.0
420.0	89.0
421.0	110.0
422.0	107.0
423.0	89.0
424.0	118.0
425.0	114.0
426.0	87.0
427.0	93.0
428.0	82.0
429.0	88.0
430.0	93.0
431.0	90.0
432.0	108.0
433.0	74.0
434.0	113.0
435.0	99.0
436.0	106.0
437.0	90.0
438.0	98.0
439.0	81.0
440.0	85.0
441.0	94.0
442.0	96.0
443.0	103.0
444.0	82.0
445.0	89.0
446.0	92.0
447.0	78.0
448.0	79.0
449.0	105.0
450.0	90.0
451.0	96.0
452.0	74.0
453.0	79.0
454.0	89.0
455.0	80.0
456.0	81.0
457.0	84.0
458.0	78.0
459.0	85.0
460.0	84.0
461.0	80.0
462.0	66.0
463.0	87.0
464.0	72.0
465.0	89.0
466.0	64.0
467.0	77.0
468.0	88.0
469.0	81.0
470.0	65.0
471.0	67.0
472.0	77.0
473.0	70.0
474.0	60.0
475.0	72.0
476.0	65.0
477.0	62.0
478.0	74.0
479.0	67.0
480.0	69.0
481.0	75.0
482.0	66.0
483.0	63.0
484.0	61.0
485.0	56.0
486.0	65.0
487.0	61.0
488.0	59.0
489.0	43.0
490.0	54.0
491.0	60.0
492.0	49.0
493.0	54.0
494.0	50.0
495.0	54.0
496.0	62.0
497.0	52.0
498.0	54.0
499.0	45.0
500.0	51.0
501.0	56.0
502.0	54.0
503.0	51.0
504.0	48.0
505.0	54.0
506.0	51.0
507.0	63.0
508.0	52.0
509.0	37.0
510.0	52.0
511.0	46.0
512.0	49.0
513.0	49.0
514.0	47.0
515.0	39.0
516.0	41.0
517.0	52.0
518.0	39.0
519.0	53.0
520.0	46.0
521.0	37.0
522.0	49.0
523.0	44.0
524.0	25.0
525.0	39.0
526.0	37.0
527.0	36.0
528.0	48.0
529.0	42.0
530.0	45.0
531.0	45.0
532.0	47.0
533.0	40.0
534.0	38.0
535.0	30.0
536.0	27.0
537.0	40.0
538.0	31.0
539.0	42.0
540.0	38.0
541.0	37.0
542.0	38.0
543.0	35.0
544.0	33.0
545.0	33.0
546.0	36.0
547.0	38.0
548.0	31.0
549.0	26.0
550.0	26.0
551.0	27.0
552.0	31.0
553.0	33.0
554.0	36.0
555.0	28.0
556.0	29.0
557.0	34.0
558.0	20.0
559.0	42.0
560.0	23.0
561.0	29.0
562.0	33.0
563.0	33.0
564.0	26.0
565.0	23.0
566.0	32.0
567.0	19.0
568.0	33.0
569.0	22.0
570.0	24.0
571.0	25.0
572.0	24.0
573.0	23.0
574.0	34.0
575.0	24.0
576.0	26.0
577.0	20.0
578.0	25.0
579.0	18.0
580.0	16.0
581.0	33.0
582.0	18.0
583.0	32.0
584.0	20.0
585.0	24.0
586.0	18.0
587.0	30.0
588.0	20.0
589.0	24.0
590.0	32.0
591.0	19.0
592.0	17.0
593.0	13.0
594.0	21.0
595.0	25.0
596.0	17.0
597.0	18.0
598.0	16.0
599.0	15.0
600.0	13.0
601.0	15.0
602.0	15.0
603.0	14.0
604.0	18.0
605.0	17.0
606.0	22.0
607.0	21.0
608.0	17.0
609.0	19.0
610.0	18.0
611.0	20.0
612.0	29.0
613.0	14.0
614.0	16.0
615.0	17.0
616.0	12.0
617.0	16.0
618.0	14.0
619.0	13.0
620.0	11.0
621.0	7.0
622.0	15.0
623.0	12.0
624.0	15.0
625.0	7.0
626.0	12.0
627.0	11.0
628.0	20.0
629.0	9.0
630.0	23.0
631.0	11.0
632.0	20.0
633.0	20.0
634.0	15.0
635.0	16.0
636.0	9.0
637.0	15.0
638.0	9.0
639.0	12.0
640.0	6.0
641.0	12.0
642.0	10.0
643.0	11.0
644.0	12.0
645.0	7.0
646.0	13.0
647.0	9.0
648.0	11.0
649.0	7.0
650.0	9.0
651.0	13.0
652.0	9.0
653.0	12.0
654.0	8.0
655.0	13.0
656.0	8.0
657.0	6.0
658.0	13.0
659.0	7.0
660.0	10.0
661.0	9.0
662.0	3.0
663.0	6.0
664.0	3.0
665.0	7.0
666.0	13.0
667.0	7.0
668.0	11.0
669.0	13.0
670.0	8.0
671.0	5.0
672.0	7.0
673.0	11.0
674.0	4.0
675.0	4.0
676.0	9.0
677.0	11.0
678.0	5.0
679.0	8.0
680.0	6.0
681.0	8.0
682.0	2.0
683.0	7.0
684.0	5.0
685.0	5.0
686.0	7.0
687.0	7.0
688.0	6.0
689.0	4.0
690.0	6.0
691.0	7.0
692.0	5.0
693.0	7.0
694.0	4.0
696.0	5.0
697.0	5.0
698.0	5.0
699.0	4.0
700.0	6.0
701.0	5.0
702.0	4.0
703.0	4.0
704.0	4.0
705.0	5.0
706.0	2.0
707.0	5.0
708.0	3.0
709.0	8.0
710.0	6.0
711.0	5.0
712.0	2.0
713.0	5.0
714.0	5.0
715.0	8.0
716.0	1.0
717.0	4.0
718.0	1.0
719.0	5.0
720.0	1.0
721.0	4.0
722.0	10.0
723.0	3.0
724.0	1.0
726.0	1.0
727.0	3.0
728.0	4.0
729.0	4.0
730.0	3.0
731.0	3.0
732.0	3.0
733.0	1.0
734.0	2.0
735.0	2.0
736.0	1.0
737.0	2.0
738.0	4.0
739.0	4.0
740.0	2.0
741.0	3.0
742.0	2.0
743.0	2.0
744.0	1.0
745.0	2.0
746.0	1.0
747.0	4.0
748.0	1.0
749.0	1.0
751.0	1.0
752.0	2.0
753.0	2.0
754.0	5.0
756.0	1.0
757.0	1.0
758.0	2.0
759.0	4.0
760.0	1.0
761.0	2.0
762.0	2.0
763.0	2.0
766.0	1.0
767.0	2.0
768.0	2.0
770.0	3.0
771.0	2.0
772.0	3.0
773.0	2.0
774.0	1.0
777.0	2.0
778.0	1.0
779.0	3.0
782.0	1.0
783.0	1.0
784.0	2.0
785.0	3.0
786.0	1.0
792.0	2.0
795.0	1.0
801.0	2.0
802.0	1.0
803.0	1.0
805.0	3.0
808.0	1.0
810.0	1.0
814.0	1.0
815.0	1.0
818.0	1.0
819.0	1.0
823.0	1.0
824.0	1.0
826.0	1.0
829.0	1.0
830.0	1.0
831.0	1.0
833.0	1.0
840.0	2.0
843.0	1.0
