# Position (bp)	A	C	G	T	N
0.0	13.547985141298726	25.95805708374477	53.14336765881412	7.330606103352612	0.019984012789768184
1.0	14.295451874485837	32.60430132800564	24.0451286872723	28.989305441297446	0.06581266893877072
2.0	16.43647382143612	34.446715054142295	25.78277311911305	23.33403800530853	0.0
3.0	11.662248703933942	42.512139623261156	16.285861737314974	29.53505829364986	0.00469164184006193
4.0	31.54670571010249	18.636603221083455	18.25475841874085	31.559590043923862	0.002342606149341142
5.0	29.385964912280706	16.074853801169592	42.23274853801169	12.306432748538011	0.0
6.0	23.418453807047275	25.26967802255595	35.24221352188395	16.069654648512827	0.0
7.0	27.917868697368576	25.245564652705593	32.488115955570606	14.348450694355225	0.0
8.0	9.476510067114093	50.01225561715786	25.783484096877736	14.727750218850305	0.0
9.0	22.2353133311558	32.91143670384023	17.580840838038355	27.272409126965613	0.0
10.0	16.012401510559933	19.027693598769176	47.19450790246631	17.763065877197075	0.0023311110075061774
11.0	18.573175703220546	32.31378486983868	25.03290431541553	24.076640847941295	0.003494263583949682
12.0	13.554486918249244	28.92656288206048	36.92814643177346	20.590803767916817	0.0
13.0	13.546697701483854	42.420715740471344	24.97992435263311	19.052662205411696	0.0
14.0	21.004454679739933	30.418600323342286	33.29146166998151	15.285483326936275	0.0
15.0	22.21757273540933	29.388243772593597	30.30186793132708	18.09231556066999	0.0
16.0	20.75491426181514	29.558762024257636	29.413541521446163	20.272782192481063	0.0
17.0	20.82515647317022	29.481983812719903	30.067234111731718	19.62562560237816	0.0
18.0	20.43629612439081	29.70410768159666	30.68461359944303	19.174982594569506	0.0
19.0	19.755090681385965	30.51045966881581	31.091423535414442	18.643026114383783	0.0
20.0	20.034776560598157	30.657856604648465	30.080565698719063	19.226801136034315	0.0
21.0	19.225508832120173	31.258982799388015	30.153229171496125	19.362279196995686	0.0
22.0	19.0560636090731	30.874972472385455	30.631570406945073	19.437393511596373	0.0
23.0	19.07134662850389	30.242070987403963	30.83305329269847	19.853529091393675	0.0
24.0	19.240661785151545	30.775558439150984	30.142969691352306	19.84081008434517	0.0
25.0	19.38256588473791	31.040834057341442	29.198957428323197	20.376484216623226	0.0011584129742253115
26.0	19.706464953027442	30.301064556859387	29.542321637494645	20.450148852618533	0.0
27.0	20.010426320667285	30.09847080630213	30.034754402224284	19.8563484708063	0.0
28.0	19.5088897897724	30.262350147680543	30.12451497075346	20.104245091793597	0.0
29.0	20.040312304520075	30.102170840766394	30.974445705812848	18.88307114890068	0.0
30.0	19.628312226998343	30.79632483286795	30.666558528079342	18.908804412054366	0.0
31.0	19.65978354075413	31.704095112285337	29.631045910681593	19.00507543627894	0.0
32.0	19.64883815263371	30.698267369762995	30.50008692124935	19.15280755635394	0.0
33.0	19.20919017921313	31.028446896807548	29.94458998910347	19.80154406139151	0.016228873484339136
34.0	19.823298201676582	30.00104351455703	30.079886836643592	20.077220077220076	0.018551369902721253
35.0	19.51708628923819	30.49218713775676	29.868549172346643	20.122177400658416	0.0
36.0	20.00973822717893	30.019244591805975	30.355445292030886	19.61557188898421	0.0
37.0	20.227728627250908	29.78560578829586	30.18447874030356	19.799867815358926	0.002319028790742437
38.0	20.47939883803184	30.641401783539944	29.49103011608085	19.38816926234736	0.0
39.0	20.009972517596854	30.077576910142977	31.021487296636014	18.890963275624152	0.0
40.0	20.11944106221372	30.426161071490693	30.20119441062214	19.25320345567345	0.0
41.0	19.851064816962836	30.146615320373034	30.41803925207628	19.584280610587854	0.0
42.0	19.543191393057345	30.517739633021137	30.475958357995893	19.46311061592563	0.0
43.0	19.982120466261087	30.553104537221937	30.15720057586031	19.307574420656668	0.0
44.0	19.289363678588018	30.93474222015792	30.06270320483047	19.713190896423598	0.0
45.0	19.681024068395132	30.458368181395777	30.11221076108168	19.748396989127404	0.0
46.0	19.85200157988894	30.466299574824006	30.246741479054855	19.434957366232197	0.0
47.0	19.527754860150832	30.49025645792905	30.044040577756604	19.93794810416352	0.0
48.0	19.651614102772676	30.46924024449764	30.593580774862296	19.285564877867387	0.0
49.0	20.2575785754138	30.263157894736842	29.792402826855124	19.68569834480193	0.0011623581923005393
50.0	20.34227384232616	30.396567960657112	29.858277237161822	19.402880959854908	0.0
51.0	19.832077402549075	29.88301237324402	30.663317517908645	19.62159270629826	0.0
52.0	19.757553195202252	31.025978105331735	29.75906557930128	19.457403120164734	0.0
53.0	20.287510185077405	30.233965778139915	30.377138866255383	19.101385170527298	0.0
54.0	19.004530156401028	30.724708567701963	31.31747196310659	18.953289312790414	0.0
55.0	19.700922388894064	30.193096058883818	30.67292462498835	19.433056927233768	0.0
56.0	19.745133897890483	30.067909934885673	30.22865729362019	19.958298873603653	0.0
57.0	19.84037285173318	30.625109233906205	30.131080687445383	19.403437226915234	0.0
58.0	19.648955140382977	29.94021048705726	30.031118518432187	20.379715854127575	0.0
59.0	20.149218932152017	30.047796689204944	29.8542783865703	19.948705992072743	0.0
60.0	19.340613187736245	30.877549115684356	30.26739465210696	19.514443044472443	0.0
61.0	20.344996615391796	29.80322588174879	30.342428981583065	19.509348521276348	0.0
62.0	20.330555361019677	30.409459112449515	30.08730770128627	19.172677825244534	0.0
63.0	20.511952167972627	30.19279950486378	30.247684887835298	19.047563439328297	0.0
64.0	19.868439500864607	30.320839370005142	30.66668224517456	19.144038883955695	0.0
65.0	19.71613627329483	30.748006640634134	29.610447307503453	19.925409778567587	0.0
66.0	19.456272518833934	29.882785082588555	31.258481119273785	19.40246127930373	0.0
67.0	20.201121504079794	30.142470820992497	30.03593964013533	19.614614673206823	0.0058533615855585865
68.0	19.428437573202157	30.322089482314357	29.738814710705082	20.510658233778404	0.0
69.0	19.429053381283165	30.51881874729111	30.420420068644795	19.628193564257852	0.0035142385230826903
70.0	19.89993790057061	30.40411496596248	29.751485113712256	19.94446201975465	0.0
71.0	19.340734054649676	29.854525419953816	30.616479304160265	20.185916747746376	0.0023444734898660133
72.0	19.7614412047571	29.892566442260325	30.351152916891465	19.99483943609111	0.0
73.0	19.328263624841572	29.438342017556213	31.661033657231375	19.57236070037084	0.0
74.0	20.09156004225848	30.440192510858083	30.579880267637044	18.88836717924639	0.0
75.0	20.178755989852483	30.772573522503055	29.83416329982148	19.21450718782298	0.0
76.0	20.191313340227506	30.223512268496755	30.078969634295383	19.506204756980352	0.0
77.0	20.042786783115677	30.56316340084398	29.802640085573568	19.590234269392166	0.0011754610746065144
78.0	19.37533086289042	30.45585553790954	30.53820363508029	19.630609964119756	0.0
79.0	19.786285055252844	28.873877584644536	31.488825862332742	19.849834653360478	0.0011768444094006332
80.0	19.622965876174554	30.777382662553283	29.63050184866825	19.969149612603914	0.0
81.0	19.89658299862189	30.416141532880246	29.47148965241051	20.21578581608735	0.0
82.0	19.305979561286673	31.009323542238832	29.44636311130494	20.23833378516956	0.0
83.0	20.19933946685539	30.127388535031844	30.128568058504364	19.5447039396084	0.0
84.0	19.801746518763274	29.031154118480057	31.30634883172056	19.86075053103611	0.0
85.0	19.85471296952516	30.504370422867943	29.901960784313726	19.73895582329317	0.0
86.0	19.796948315191052	30.85250978028342	30.003900294294933	19.343095888144287	0.0035457220863028757
87.0	19.73870891463703	31.540553322298415	29.343816505083943	19.37692125798061	0.0
88.0	19.513753327417923	30.082224194025436	30.634723454599232	19.76929902395741	0.0
89.0	19.74985800833018	29.581597879591065	30.639435819765243	20.02910829231352	0.0
90.0	19.16609430878905	30.327072922340903	30.167207446178622	20.339625322691425	0.0
91.0	19.58772657268096	30.1149152943964	30.340007108162542	19.95498163724677	0.002369387513327805
92.0	19.446682464454977	31.831753554502367	29.556872037914694	19.164691943127963	0.0
93.0	19.45653075983734	30.97798380499603	30.1397797194921	19.416221086701366	0.009484628973170355
94.0	19.607122098195752	29.92847059939977	30.803905054507062	19.659316022348488	0.0011862255489258728
95.0	19.852286355486424	30.043815381692536	30.09249913912868	20.011399123692367	0.0
96.0	19.128139269406393	30.99790715372907	30.535340563165907	19.33861301369863	0.0
97.0	19.928131172508984	29.874348540015706	30.578758239927655	19.617572166297805	0.001189881249851265
98.0	19.483967756914762	30.979794492004714	30.386845583245027	19.1493921678355	0.0
99.0	20.225870243739724	30.672369016702007	29.591861046913344	19.50751709513712	0.002382597507803007
100.0	19.793553923905787	30.57237532182702	30.012157909793075	19.61714503671212	0.004767807761991036
101.0	20.020039124004008	30.259077246051813	30.094470156018893	19.624027863924805	0.002385610000477122
102.0	19.872996168399442	30.587153992145815	30.25054609260298	19.28811010181792	0.0011936450338398367
103.0	19.76067926961797	30.442934425642186	29.463677944039073	20.332708360700767	0.0
104.0	19.712687637441437	30.802418969308732	29.847499760971413	19.63739363227842	0.0
105.0	20.002153341866947	30.571473005467098	30.188656673565333	19.23771697910062	0.0
106.0	20.31914002178675	30.07409890228282	29.68864096149012	19.918120114440306	0.0
107.0	19.616605762894626	30.06529683100701	30.133588929491406	20.18450847660696	0.0
108.0	19.130799664308835	30.57786836110778	30.906366143148308	19.383766934420333	0.0011988970147464332
109.0	20.177269238150068	30.171752062943774	30.53156783726732	19.11941086163884	0.0
110.0	19.575576440651517	30.770708052764874	30.094943166132538	19.55877234045107	0.0
111.0	19.137796457520263	31.311918342839988	30.291203842689885	19.259081356949864	0.0
112.0	19.165274656604137	29.842692848473195	30.705538798024346	20.281686755675196	0.004806941223126194
113.0	19.67487104260103	29.45759736433922	31.340555749275556	19.526975843784193	0.0
114.0	19.70679142262685	30.427305199100413	30.287796606092677	19.578106772180064	0.0
115.0	19.849578820697957	30.262334536702767	29.947051744885677	19.941034897713596	0.0
116.0	19.670808650002407	30.840918942349372	29.55858979916197	19.924866348793525	0.004816259692722632
117.0	19.445750310394292	30.95505008498174	30.063043190009527	19.533745585168578	0.0024108294458708517
118.0	20.261579855455413	29.4422123285192	30.40865819669164	19.887549619333743	0.0
119.0	19.731217851191772	30.428167789610956	30.123886111714842	19.716728247482433	0.0
120.0	19.785637468733764	29.851251253670384	30.802228210302452	19.560883067293403	0.0
121.0	19.233188195452346	30.561199806482826	30.86961780358007	19.33599419448476	0.0
122.0	19.45335479888153	30.755450110757387	29.91780954571314	19.868543691670805	0.00484185297713435
123.0	19.788953368628924	30.36914987703081	29.765813353363786	20.073660362728827	0.002423038247658739
124.0	19.791881435484456	29.84488132633136	30.590760797060145	19.771263628976506	0.0012128121475264697
125.0	19.519034670292317	30.084005050014568	30.955618141206177	19.441342138486938	0.0
126.0	19.45210471967442	29.47214966895463	30.927534471238534	20.148211140132418	0.0
127.0	19.720810330990542	29.83292395243075	30.761934871957003	19.68433084462171	0.0
128.0	20.09032368014218	30.32660166283217	29.58526579751427	19.997808859511377	0.0
129.0	19.819699092404214	29.921422915270757	30.219894012304323	20.03532923189377	0.0036547481269415846
130.0	19.865870015851726	30.43165467625899	29.831727838068527	19.870747469820753	0.0
131.0	19.868147967281164	29.98534977414235	30.616530338176045	19.525088511781224	0.004883408619216214
132.0	19.620856556174832	30.336364525276228	31.081939962843453	18.960838955705487	0.0
133.0	20.105010647932833	31.06626196362568	29.185127163243823	19.64360022519766	0.0
134.0	19.69268095430651	30.635101520665614	30.01874793221336	19.653469592814517	0.0
135.0	19.41769014637498	30.432008637718855	30.214838717593217	19.935462498312944	0.0
136.0	19.922825472509647	30.67933246491508	29.821564627522307	19.576277435052965	0.0
137.0	19.880608037417687	30.09292879561819	30.18647301372392	19.8399901532402	0.0
138.0	20.111442589807442	30.85258512290737	30.022929559407284	19.00811163983333	0.004931088044577036
139.0	19.673568156845313	29.61591170043335	30.567798807363232	20.1427213353581	0.0
140.0	19.96636826747119	30.99188881744893	29.72080716158069	19.32093575349918	0.0
141.0	19.490381161197618	31.30055619557273	29.791767314529217	19.416056585776754	0.0012387429236810485
142.0	19.892546499075603	30.347548794560318	29.97903043688658	19.780874269477497	0.0
143.0	19.901548865077196	30.363225020510654	29.61862615916267	20.116599955249484	0.0
144.0	20.010472117985863	29.4628052809395	31.024896213830676	19.501826387243963	0.0
145.0	19.460312687913408	29.993485668470637	31.12347163760273	19.42273000601323	0.0
146.0	19.71397056026777	30.611235784108633	30.561789205431516	19.11300445019208	0.0
147.0	19.915099744778374	31.134434085108598	29.543205375279964	19.407260794833064	0.0
148.0	21.731950031759474	30.98595525442868	29.026748535535322	18.253934646058294	0.0014115322182228808
149.0	24.853142137114663	34.145562319200664	25.259552416277707	15.74174312740696	0.0
150.0	49.45258412493963	0.0	33.44872001288037	17.09869586218	0.0
