# Position (bp)	A	C	G	T	N
0.0	12.591141582326696	26.771139405811294	54.71759712699967	5.909239307868104	0.010882576994232234
1.0	12.066528970540276	34.71029459723883	24.524404826611587	28.69877160560931	0.0
2.0	15.874042920306266	35.14504475358568	28.23250296559905	20.748409360509005	0.0
3.0	9.819425152259857	44.13933112512021	17.598033977989104	28.432524842397694	0.010684902233144567
4.0	28.364978902953585	23.175105485232066	20.81223628691983	27.647679324894515	0.0
5.0	28.08872305140962	17.941542288557212	44.993781094527364	8.975953565505804	0.0
6.0	18.974940703310303	28.936784572548213	37.64050737341446	14.447767350727029	0.0
7.0	27.011494252873565	28.530377668308702	32.76888341543514	11.689244663382595	0.0
8.0	7.638252367858234	50.57541501171199	27.406049495875344	14.380283124554435	0.0
9.0	20.488098824947272	35.74369790097419	19.021793712965753	24.746409561112785	0.0
10.0	15.27294421795764	18.62384408869444	49.487918862483845	16.615292830864075	0.0
11.0	14.734347224965436	35.739680031601814	28.915662650602407	20.61031009283034	0.0
12.0	13.028099823147965	31.076832383572413	39.1137748084103	16.781292984869324	0.0
13.0	12.238340959984424	42.66381072923766	24.98296173692922	20.1148865738487	0.0
14.0	21.11164813919768	32.150797486708555	31.435476075398743	15.30207829869502	0.0
15.0	19.781378847444625	29.648096653562185	35.7368875251702	14.833636973822994	0.0
16.0	19.282511210762333	30.827211143974814	31.68590783322202	18.204369812040834	0.0
17.0	21.018264408062837	31.163054793224187	29.648906974543387	18.169773824169585	0.0
18.0	17.932133483314587	31.439820022497187	33.3145856767904	17.313460817397825	0.0
19.0	18.349224154047487	33.23985791736773	31.146008599738266	17.264909328846514	0.0
20.0	16.830946624511807	33.94085921517575	33.708387576715644	15.519806583596802	0.0
21.0	16.97379386980276	34.373553106769144	32.799333271599224	15.853319751828874	0.0
22.0	18.409153824859278	29.768386084709793	34.16997323982652	17.65248685060441	0.0
23.0	16.973490427098675	31.351251840942563	31.25920471281296	20.416053019145803	0.0
24.0	18.200165122465826	32.593340060544904	30.923768461609026	18.28272635538024	0.0
25.0	17.442286551850493	34.07841700256504	29.809454012458776	18.669842433125687	0.0
26.0	16.87254094610669	31.219690731082437	34.98947753682862	16.918290785982247	0.0
27.0	18.176840952641665	32.47559083858017	32.29309243544119	17.054475773336982	0.0
28.0	18.634955349006745	34.07144158921086	29.761253872790235	17.532349188992164	0.0
29.0	16.660610465116278	34.62936046511628	31.75872093023256	16.951308139534884	0.0
30.0	18.100407055630935	33.99366802351877	32.7363184079602	15.169606512890093	0.0
31.0	17.95079751284131	30.864197530864196	34.153374785978194	17.0316301703163	0.0
32.0	18.98609241812472	30.41722745625841	32.63346792283535	17.963212202781516	0.0
33.0	16.599696401464417	32.583266363068134	33.49406196981873	17.32297526564872	0.0
34.0	16.341441682259646	33.502628530695894	33.09275594760759	17.06317383943687	0.0
35.0	18.983743448520922	31.90015101714489	31.420449498090075	17.695656036244113	0.0
36.0	19.286411644625897	31.206177332031597	31.436939735510784	18.070471287831722	0.0
37.0	19.86567691763874	29.886885825379995	34.11099328384588	16.136443973135385	0.0
38.0	18.9389265885256	32.484357098792636	32.68705384683176	15.889662465850005	0.0
39.0	18.380474050577146	33.377390078421	32.55793461979029	15.68420125121156	0.0
40.0	18.80927291886196	30.24236037934668	33.48261327713383	17.465753424657535	0.0
41.0	17.420376561675173	35.54460672180186	30.415273623086396	16.619743093436565	0.0
42.0	17.894643960116476	30.90973263919527	34.05100150004412	17.144621900644136	0.0
43.0	17.81558533145275	32.836741889985895	32.52820874471086	16.819464033850494	0.0
44.0	15.941773268636966	33.95677106307896	33.30392589325099	16.797529775033084	0.0
45.0	16.311244272118437	31.908706379978852	34.29679238632358	17.483256961579134	0.0
46.0	15.685064362546289	31.405395873743608	35.240698289543296	17.668841474166815	0.0
47.0	17.471855331974115	30.94583813491712	34.32319829802323	17.25910823508554	0.0
48.0	16.519043401240037	31.709477413640393	35.527015057573074	16.2444641275465	0.0
49.0	17.465814242585687	30.385366719943175	33.66187178121115	18.486947256259988	0.0
50.0	18.288352272727273	34.9609375	30.86825284090909	15.882457386363635	0.0
51.0	17.391304347826086	31.366459627329192	34.338952972493345	16.903283052351377	0.0
52.0	18.55239786856128	32.20248667850799	33.30373001776199	15.941385435168739	0.0
53.0	18.605064415815193	32.46557085739671	32.047978676143934	16.88138605064416	0.0
54.0	17.65492643780651	32.26928221132412	33.92777530093625	16.148016049933126	0.0
55.0	16.986692864160045	33.07135839957132	33.24997767259087	16.683040100026794	0.00893096365097794
56.0	16.32251720747296	34.146777509609365	34.00375435773666	15.51801197818897	0.008938946992044337
57.0	19.159046082123005	31.845077998924154	31.970593509055046	17.016317016317018	0.008965393580778197
58.0	16.632277742890462	31.210191082802545	31.820220687180406	20.33731048712658	0.0
59.0	18.286995515695068	31.542600896860982	31.991031390134527	18.170403587443946	0.008968609865470852
60.0	16.90964722822174	32.19942404607632	34.755219582433405	16.12670986321094	0.008999280057595392
61.0	15.516930835734872	34.67219020172911	31.988472622478387	17.813400576368878	0.009005763688760807
62.0	19.57871995679179	30.299756953821227	34.01746331803043	16.095058061031594	0.009001710324961743
63.0	18.735871236097296	32.15480604032914	32.45320553395425	16.647074780721585	0.009042408897730355
64.0	19.12151737907251	31.43660949269444	32.57101370360287	16.861784190942917	0.009075233687267448
65.0	17.138436333849093	32.54755620278511	33.448621097660876	16.85628470010012	0.00910166560480568
66.0	16.031369688126937	37.27886193689586	30.968447929965347	15.712201349626117	0.009119095385737734
67.0	18.788819875776397	33.07453416149068	32.142857142857146	15.9846547314578	0.009134088417975885
68.0	15.492957746478872	31.543808304371684	34.07719041521858	18.886043533930856	0.0
69.0	17.204004776338753	32.20354551299715	33.57215027096537	17.011114172866723	0.00918526683200147
70.0	20.65477285267611	29.55674084973331	33.68585617068236	16.09343387897738	0.009196247930844215
71.0	16.714404508916196	33.84459022452185	32.05211124457175	17.37965443961933	0.009239582370876836
72.0	18.932938125231566	34.07743608743979	30.705816969247866	16.274546128195627	0.009262689885142646
73.0	15.508120649651971	31.554524361948953	33.80974477958237	19.11832946635731	0.009280742459396753
74.0	18.050507874382628	30.910446370328952	32.84875594073245	18.19028981455596	0.0
75.0	17.81641428304356	32.819218545522524	32.31445129930828	17.04056833052907	0.009347541596560104
76.0	17.839054586381543	34.7964734571375	31.260551491277432	16.094541361845806	0.009379103357719002
77.0	19.352112676056336	33.51173708920187	31.502347417840376	15.63380281690141	0.0
78.0	16.487758945386062	33.24858757062147	31.911487758945384	18.342749529190208	0.009416195856873822
79.0	18.092540132200188	31.29367327667611	33.493862134088765	17.110481586402265	0.009442870632672332
80.0	16.255594705266166	30.644700504713835	33.15874678602037	19.931435101418913	0.009522902580706599
81.0	18.795846432313994	30.618271887205868	33.733447651710016	16.852434028770126	0.0
82.0	21.346172180379444	32.95833730574888	30.48908380207837	15.196872914481837	0.009533797311469158
83.0	19.03256704980843	32.35632183908046	31.044061302681992	17.557471264367816	0.009578544061302683
84.0	18.427117342039562	30.63184175148838	34.530439792586904	16.400998655655847	0.009602458229306702
85.0	17.251349267540476	33.47147262914418	31.090979182729377	18.186198920585966	0.0
86.0	17.038109020742883	31.635311143270624	34.83839845634346	16.48818137964303	0.0
87.0	16.618357487922705	32.95652173913044	33.207729468599034	17.207729468599034	0.00966183574879227
88.0	17.11598138091544	31.148176881303336	34.06710628394104	17.66873545384019	0.0
89.0	19.211344211344212	31.526806526806528	31.371406371406373	17.89044289044289	0.0
90.0	17.76238782676551	34.871244635193136	30.19898556379243	17.157627779945376	0.009754194303550527
91.0	17.858193586348925	33.147004020790426	30.960086299892126	18.03471609296852	0.0
92.0	15.837015218458516	35.30682376043201	33.53951890034364	15.316642120765833	0.0
93.0	16.943979521512258	32.046864231564435	33.67135965344097	17.337796593482327	0.0
94.0	18.520342823367155	31.297409122253967	34.03605556102847	16.14619249335041	0.0
95.0	19.145146927871775	31.215988918571284	33.40259226278817	16.236271890768776	0.0
96.0	17.366279646720255	36.29056266746055	31.437927954748435	14.905229731070754	0.0
97.0	18.08924827792752	30.288509533792553	33.36328241988619	18.25895976839373	0.0
98.0	17.048422744625277	32.84106891701828	33.8456901748041	16.26481816355234	0.0
99.0	18.38220424671385	33.599595551061675	30.738119312436808	17.280080889787662	0.0
100.0	17.809757093284343	30.00612369871402	35.272504592774034	16.911614615227595	0.0
101.0	18.16884176182708	34.47185970636215	31.005301794453505	16.35399673735726	0.0
102.0	17.125822368421055	33.686266447368425	33.27508223684211	15.912828947368421	0.0
103.0	18.479048111743403	31.557165028453184	32.79875840662183	17.165028453181584	0.0
104.0	18.032445923460898	33.153078202995005	31.572379367720465	17.24209650582363	0.0
105.0	19.757727652464492	31.150793650793652	31.432748538011694	17.658730158730158	0.0
106.0	18.782206330844463	32.6112104322221	30.854979493111788	17.751603743821644	0.0
107.0	15.635593220338983	34.26906779661017	30.94279661016949	19.152542372881356	0.0
108.0	16.56710049071901	34.35033070194154	32.83550245359505	16.2470663537444	0.0
109.0	18.043174739555365	32.767694125228225	33.165073568897	16.024057566319406	0.0
110.0	17.44625688668035	32.14864426920169	31.10078859241655	19.304310251701416	0.0
111.0	18.194655659352595	33.93439061481642	33.467303932218115	14.40364979361286	0.0
112.0	17.950120323780354	30.9888427040035	32.848392036753445	18.2126449354627	0.0
113.0	17.93004523888337	30.97208429879731	35.374600022067746	15.723270440251572	0.0
114.0	17.40534521158129	35.73496659242762	30.935412026726056	15.924276169265033	0.0
115.0	19.83860121049092	32.5711723828738	29.130239856534406	18.459986550100872	0.0
116.0	16.973920863309353	32.54271582733813	33.4419964028777	17.04136690647482	0.0
117.0	17.954829190784245	32.289183974577234	32.66371580978323	17.092271024855293	0.0
118.0	18.516408386508658	32.44074749316317	31.346855059252505	17.69598906107566	0.0
119.0	18.025997929368458	29.092373173818014	35.17772920740826	17.70389968940527	0.0
120.0	18.151201950992917	31.320404134246893	32.655905237486934	17.872488677273253	0.0
121.0	16.71361502347418	34.06103286384977	30.950704225352112	18.274647887323944	0.0
122.0	15.505617977528091	33.376700177409816	32.98639858072146	18.131283264340627	0.0
123.0	16.644791790955733	33.528218589667105	31.810046533826515	18.01694308555065	0.0
124.0	19.833313202077544	30.77666384829086	33.651407174779564	15.738615774852036	0.0
125.0	19.206833435021352	32.72727272727273	30.482001220256254	17.583892617449663	0.0
126.0	17.346182357301704	34.63059056090931	32.67852730417593	15.344699777613046	0.0
127.0	19.65289049818954	29.292046447746284	33.612186290423274	17.442876763640903	0.0
128.0	17.04188152433656	34.09634008300843	31.731857627971323	17.129920764683686	0.0
129.0	18.15756035578145	31.08005082592122	32.97331639135959	17.78907242693774	0.0
130.0	19.177555726364336	33.153984114783505	26.53087368690751	21.13758647194466	0.0
131.0	15.644765715760938	32.74816057828837	33.32903059248741	18.278043113463276	0.0
132.0	17.986647466945936	33.56460269668805	31.65335776934154	16.79539206702448	0.0
133.0	19.820177178368372	34.00766891445194	31.323548856273963	14.848605050905725	0.0
134.0	18.086816720257236	31.32368703108253	32.7572347266881	17.832261521972136	0.0
135.0	16.440586001085187	32.79978296256104	34.97015735214325	15.789473684210526	0.0
136.0	18.85471024443834	32.82065366657512	29.881900576764625	18.442735512221915	0.0
137.0	18.63154960981048	30.978260869565215	31.591415830546264	18.79877369007804	0.0
138.0	18.586941193061627	31.180369482442533	32.139331547031446	18.09335777746439	0.0
139.0	16.411941151264106	30.46707613198115	32.3382373946579	20.782745322096844	0.0
140.0	19.65836711059641	32.06427330631153	32.51302837290098	15.764331210191083	0.0
141.0	19.83751846381093	32.570162481536194	31.68389955686854	15.908419497784344	0.0
142.0	18.90547263681592	28.855721393034827	32.21769938187848	20.02110658827077	0.0
143.0	16.658961319155495	31.43781784558484	33.780243488981355	18.12297734627832	0.0
144.0	19.56590122680088	30.528468071720667	34.42906574394463	15.476564957533814	0.0
145.0	18.682399213372662	31.67813831530646	32.612258275975094	17.02720419534579	0.0
146.0	16.51564369977774	30.261583176611385	33.561292528637374	19.661480594973497	0.0
147.0	21.147419235053842	25.529149647233567	33.7913108057928	19.532120311919794	0.0
148.0	21.684165416755945	22.841225626740947	37.17591600599957	18.298692950503536	0.0
149.0	25.97864768683274	7.888493475682087	45.610913404507706	20.52194543297746	0.0
150.0	29.036827195467424	0.0	40.50991501416431	30.45325779036827	0.0
