#Position (bp)	insert size
6876.0	7689.089632829374
20627.0	3317.119275825346
34378.0	376.00964034111973
48129.0	376.8715697036224
61880.0	387.0857142857143
75631.0	385.9247351114359
89382.0	379.7756581457459
103133.0	1795.6203529853549
116884.0	378.1298413869421
130635.0	378.700288184438
144386.0	374.12806748466255
158137.0	375.02930127723516
171888.0	1609.5602301330457
185639.0	384.3349885408709
199390.0	371.7309605817068
213141.0	379.1310661062285
226892.0	380.5315217391304
240643.0	713.4970436067997
254394.0	378.8745427944404
268145.0	379.4917844860527
281896.0	379.13070463672875
295647.0	55931.10388209921
309398.0	381.30417335473516
323149.0	383.18543307086617
336900.0	383.16974030861877
350651.0	372.60302091402014
364402.0	394.2956270328876
378153.0	381.11196207148066
391904.0	382.37084592145015
405655.0	1397.384800965018
419406.0	399.1945227547322
433157.0	375.06059421422987
446908.0	380.2535728868926
460659.0	384.1632574295639
474410.0	379.2430781758958
488161.0	382.05366795366797
501912.0	378.50715900527507
515663.0	381.100796812749
529414.0	379.7667454688731
543165.0	370.41237911025144
556916.0	603.7005766062603
570667.0	379.7691670120182
584418.0	401.79559617781473
598169.0	3653.5566816816818
611920.0	378.92429792429795
625671.0	380.5388818831442
639422.0	382.11028549080953
653173.0	378.265656979124
666924.0	379.11547714514836
680675.0	380.6107328794553
694426.0	381.82746878547107
708177.0	376.631398013751
721928.0	370.9879614767255
735679.0	395.8758503401361
749430.0	383.4519230769231
763181.0	2778.7029375258585
776932.0	400.62784349408554
790683.0	27468.460641399415
804434.0	394.3712284482759
818185.0	387.5664488017429
831936.0	377.7412779302234
845687.0	384.26718146718144
859438.0	1978.29615048119
873189.0	378.62095783872286
886940.0	381.6490945674044
900691.0	374.02865329512895
914442.0	372.18312844425606
928193.0	813.5188118811881
941944.0	393.39415102575293
955695.0	375.0871540685667
969446.0	376.3396449704142
983197.0	1880.6840034965035
996948.0	379.3457943925234
1010699.0	381.7525773195876
1024450.0	380.70753138075315
1038201.0	379.7093441150045
1051952.0	376.40139401394015
1065703.0	381.34746101559375
1079454.0	382.93638253638255
1093205.0	371.2739669421488
1106956.0	384.8697514995716
1120707.0	381.7669270833333
1134458.0	377.73681936041487
1148209.0	384.34455195624736
1161960.0	376.78989139515454
1175711.0	377.5573698146514
1189462.0	2758.164427975915
1203213.0	373.88750536711035
1216964.0	379.219957537155
1230715.0	2007.8620079610791
1244466.0	379.52037351443124
1258217.0	380.41740599915505
1271968.0	1093.4664981036663
1285719.0	377.53051643192487
1299470.0	379.3386313465784
1313221.0	385.4324553950722
1326972.0	380.5360734586795
1340723.0	1402.8558139534885
1354474.0	1572.9867054424594
1368225.0	370.6655216831258
1381976.0	386.65596529284164
1395727.0	387.27131438721136
1409478.0	366.5800464037123
1423229.0	377.2989734816082
1436980.0	384.4681034482759
1450731.0	375.5568645219755
1464482.0	391.3767403767404
1478233.0	1457.5481580115402
1491984.0	389.0543565147882
1505735.0	389.3278116826504
1519486.0	387.52874049027895
1533237.0	377.8636763412489
1546988.0	371.0505282498852
1560739.0	375.6064917741218
1574490.0	384.2208852599914
1588241.0	377.4801801801802
1601992.0	380.6929784304727
1615743.0	381.7891842346471
1629494.0	389.27868852459017
1643245.0	687.087617344658
1656996.0	380.01895306859205
1670747.0	979.120411817368
1684498.0	377.7187066974596
1698249.0	380.1182507809014
1712000.0	888.6380027739251
1725751.0	373.3412366341237
1739502.0	384.5047662278711
1753253.0	374.3075514874142
1767004.0	383.34784540204356
1780755.0	374.8894073728418
1794506.0	374.88532110091745
1808257.0	378.2851201478743
1822008.0	371.82970671712394
1835759.0	385.03872340425534
1849510.0	384.3888380603843
1863261.0	382.967815049864
1877012.0	356.97115384615387
1890763.0	373.5853107344633
1904514.0	417.84078303425775
1918265.0	363.0704960835509
1932016.0	389.9662027833002
1945767.0	375.7650293255132
1959518.0	363.29778357235983
1973269.0	384.3449001051525
1987020.0	552.2940117064386
2000771.0	2685.331444759207
2014522.0	378.2802021129995
2028273.0	386.189800443459
2042024.0	1407.6727357609711
2055775.0	806.11925795053
2069526.0	388.30078667283664
2083277.0	390.05743243243245
2097028.0	391.1713508612874
2110779.0	367.51038575667656
2124530.0	377.7981501632209
2138281.0	392.125
2152032.0	379.86491470723837
2165783.0	1251.5051413881747
2179534.0	378.9343891402715
2193285.0	382.45825852782764
2207036.0	380.04151291512915
2220787.0	381.7820163487738
2234538.0	377.95037660611433
2248289.0	382.25280898876406
2262040.0	375.97119341563786
2275791.0	386.30755232029117
2289542.0	376.2132834424696
2303293.0	375.7758474576271
2317044.0	369.0887605042017
2330795.0	1197.654921020656
2344546.0	382.1238317757009
2358297.0	376.7179356157384
2372048.0	382.00479616306956
2385799.0	376.8044543429844
2399550.0	376.8159765788373
2413301.0	378.8073563218391
2427052.0	377.92520641087907
2440803.0	379.8071850841292
2454554.0	375.7195
2468305.0	2149.946986859991
2482056.0	391.25460557392535
2495807.0	398.6071829405163
2509558.0	406.9131274131274
2523309.0	382.30117647058825
2537060.0	379.8608888888889
2550811.0	379.4499054820416
2564562.0	376.6676829268293
2578313.0	374.2634011090573
2592064.0	385.0416297608503
2605815.0	375.2914358755859
2619566.0	378.3505199306759
2633317.0	380.6401849516604
2647068.0	383.75350949628404
2660819.0	379.5687005123428
2674570.0	391.72015281757405
2688321.0	376.8264150943396
2702072.0	13796.586975149958
2715823.0	381.70588235294116
2729574.0	377.33610341643583
2743325.0	383.36423529411763
2757076.0	383.21229802513466
2770827.0	378.12627834593155
2784578.0	380.45652173913044
2798329.0	376.1621052631579
2812080.0	374.2970917225951
2825831.0	374.5073465859983
2839582.0	388.660737527115
2853333.0	374.8782722513089
2867084.0	372.0533778148457
2880835.0	375.16745182012846
2894586.0	377.7019982623805
2908337.0	381.0892857142857
2922088.0	746.9103713188221
2935839.0	380.91673536685903
2949590.0	379.8789808917197
2963341.0	388.7062036675771
2977092.0	368.5568660488627
2990843.0	370.98447204968943
3004594.0	375.79198635976127
3018345.0	384.64888337468983
3032096.0	379.7584083372809
3045847.0	378.8138126009693
3059598.0	388.6213142375737
3073349.0	374.1939194741167
3087100.0	986.4449447400737
3100851.0	382.6441326530612
3114602.0	1972.0546318289787
3128353.0	379.15795868772784
3142104.0	382.18030743664315
3155855.0	524.0714849921011
3169606.0	376.1123244929797
3183357.0	382.6974935177182
3197108.0	375.57697174188104
3210859.0	857.04158004158
3224610.0	381.8473705021748
3238361.0	389.1470588235294
3252112.0	382.14540182270093
3265863.0	373.9790468364832
3279614.0	376.2679386146827
3293365.0	805.1249021143304
3307116.0	385.2075702075702
3320867.0	383.55003734129946
3334618.0	390.31111111111113
3348369.0	411.15388326097445
3362120.0	382.27555742532604
3375871.0	373.6085256159562
3389622.0	661.854103343465
3403373.0	394.6610655737705
3417124.0	383.5649674204676
3430875.0	373.7415101877747
3444626.0	385.9783105022831
3458377.0	382.43254262416605
3472128.0	379.2053712480253
3485879.0	368.5781448538755
3499630.0	371.8424576604963
3513381.0	478.05298289528577
3527132.0	375.13657587548636
3540883.0	378.2937119675456
3554634.0	381.4890538033395
3568385.0	375.78388845855926
3582136.0	378.03965256797585
3595887.0	381.3044846577498
3609638.0	384.4562354763749
3623389.0	381.95061224489797
3637140.0	378.01088223863195
3650891.0	373.80299251870326
3664642.0	369.8508112386229
3678393.0	382.26151560178306
3692144.0	378.24490566037736
3705895.0	385.7834736036725
3719646.0	384.6265395311879
3733397.0	379.045055364643
3747148.0	382.66960676221976
3760899.0	2420.6681081081083
3774650.0	373.75470972702806
3788401.0	845.2902711323763
3802152.0	380.2556708958093
3815903.0	382.9208633093525
3829654.0	373.76242884250473
3843405.0	374.6995129261896
3857156.0	387.34753612449055
3870907.0	388.57284768211923
3884658.0	5424.559563203176
3898409.0	374.0240963855422
3912160.0	381.4412584627638
3925911.0	378.0071400238001
3939662.0	379.16358360536816
3953413.0	377.15838398283876
3967164.0	382.26327193932826
3980915.0	372.01361295069904
3994666.0	380.03424915318027
4008417.0	390.902394106814
4022168.0	382.85919214798037
4035919.0	371.0424628450106
4049670.0	371.106529209622
4063421.0	373.1208791208791
4077172.0	378.0597582037997
4090923.0	614.9527168234065
4104674.0	392.85252808988764
4118425.0	387.184958618208
4132176.0	373.48013367991086
4145927.0	375.78865041833393
4159678.0	379.255547850208
4173429.0	389.34043296089385
4187180.0	380.84602076124565
4200931.0	616.9964614295825
4214682.0	379.06161616161614
4228433.0	373.4513888888889
4242184.0	373.9968432129078
4255935.0	376.3075558708762
4269686.0	382.7043782837128
4283437.0	380.24818986323413
4297188.0	378.83573183573185
4310939.0	577.5922199865862
4324690.0	348.48192771084337
4338441.0	377.2711953659821
4352192.0	377.7424849699399
4365943.0	378.3398450656787
4379694.0	378.23892570631324
4393445.0	374.94159113796576
4407196.0	377.5331241283124
4420947.0	550.6794117647058
4434698.0	383.6743414993553
4448449.0	376.3138493944181
4462200.0	381.96799037304453
4475951.0	379.4548364153627
4489702.0	374.12987453374024
4503453.0	398.81979599546656
4517204.0	378.64414261460104
4530955.0	533.2114493712774
4544706.0	377.7869962749746
4558457.0	381.2600066159444
4572208.0	378.1441922563418
4585959.0	377.8392101551481
4599710.0	378.44424019607845
4613461.0	375.83087742799734
4627212.0	375.2198162729659
4640963.0	369.42347119123366
4654714.0	382.18178410794604
4668465.0	378.08519553072625
4682216.0	378.73257418909594
4695967.0	379.54175704989154
4709718.0	383.3522917363667
4723469.0	377.0613476366074
4737220.0	386.72355848434927
4750971.0	378.08426359380627
4764722.0	378.60697674418606
4778473.0	380.6512710347297
4792224.0	375.52508591065293
4805975.0	373.1767537826685
4819726.0	377.7044673539519
4833477.0	377.66295264623955
4847228.0	373.1319298245614
4860979.0	375.37029215065115
4874730.0	385.71407241508024
4888481.0	387.9766250400256
4902232.0	375.8755868544601
4915983.0	367.50094446543255
4929734.0	368.8633066055746
4943485.0	372.40966386554624
4957236.0	377.11
4970987.0	389.3719142047754
4984738.0	376.0386958079541
4998489.0	376.63399412628485
5012240.0	381.5055632823366
5025991.0	381.9229397074563
5039742.0	377.8847100175747
5053493.0	375.59231035677175
5067244.0	379.0031634446397
5076613.5	387.0105374077977
5083489.0	0.0
5094746.0	364.5488069414317
5108497.0	363.4451248233632
5122248.0	347.2322775263952
5135999.0	0.0
5149750.0	19.0
5163501.0	0.0
5177252.0	0.0
5191003.0	0.0
5204754.0	19.0
5218505.0	0.0
5232256.0	278.4913793103448
5246007.0	0.0
5255740.0	0.0
5262615.5	318.7920792079208
5273509.0	99.0
5287260.0	0.0
5301011.0	0.0
5314762.0	0.0
5328513.0	0.0
5342264.0	316.3904109589041
5356015.0	0.0
5369766.0	0.0
5383517.0	65.93333333333334
5397268.0	0.0
5411019.0	0.0
5421994.0	0.0
5428869.5	531.5476878612717
5438521.0	307.7437800087298
5452272.0	369.73714169546656
5464002.0	352.0179760319574
5470877.5	654.8699813258637
5479774.0	389.6065954482118
5493417.0	392.70499409482034
