# Position (bp)	A	C	G	T	N
0.0	13.238746631883998	26.278815434618284	53.47729849929003	7.002580704589849	0.002558729617837175
1.0	13.812291063775477	34.14369333926517	25.173033659162975	26.870620729844745	3.612079516318472E-4
2.0	15.669516955487106	34.469416569470376	28.86416953440869	20.99677657370729	1.2036692653886106E-4
3.0	10.882865476567861	46.31210528626915	17.022218559598276	25.78275052498167	6.0152583042144705E-5
4.0	29.345812258265415	20.99569701917285	21.111056340314207	28.547314153668957	1.2022857857358409E-4
5.0	25.433712133727333	17.40297157164818	46.05806897703469	11.105157208070688	9.010951910952572E-5
6.0	20.643746921810997	29.100508126418973	35.529929006450686	14.725755883094887	6.006222446454527E-5
7.0	25.65733554189068	26.979077251769233	33.82122154598414	13.542095445345861	2.7021501008352345E-4
8.0	8.612403282264808	51.97556610903703	25.80143126339821	13.61044926734946	1.500779504874832E-4
9.0	19.883080243249747	35.861933623042106	18.86325813748184	25.391547953484157	1.800427421469857E-4
10.0	15.570887441829212	17.804513750250113	51.58315441744015	15.041204402695904	2.3998778462176274E-4
11.0	15.775703412564726	36.45729855022387	26.04525091540813	21.72162714695	1.1997485327075444E-4
12.0	12.368722592594036	29.877225017295732	40.00453422666395	17.749338233816754	1.7992962952189398E-4
13.0	11.831871681226223	44.8173986719958	26.248905297475762	17.101764386137596	5.9963164627969035E-5
14.0	18.933217030039522	31.58281888609621	35.63664812708233	13.84728598170621	2.9975075724535048E-5
15.0	18.912427812358583	31.972104927190504	33.35556028398551	15.75972716293204	1.7981353336589956E-4
16.0	18.93229397649281	31.375509709959747	31.26152166252346	18.430584755087512	8.989593646394933E-5
17.0	18.144118933624156	32.13359059940198	31.875505593739327	17.84678487323454	0.0
18.0	18.119040764771206	31.503645226875193	33.18233383789652	17.19492025794732	5.9912509761994564E-5
19.0	18.137591868239895	32.22640659459482	32.061547714574886	17.574423870032255	2.9952558143157052E-5
20.0	17.480530354725595	32.95528342355286	32.10316522024741	17.46096106490501	5.9936569128890896E-5
21.0	17.32993993285361	32.738948535591575	32.736010093847234	17.19510143770758	0.0
22.0	17.788752025795784	32.31469031200105	32.32423052760993	17.57232713459324	0.0
23.0	17.633367353064777	32.343068980008404	32.49135498589182	17.532208681035	0.0
24.0	17.265625844806685	32.50296470825709	32.75173587122773	17.479673575708496	0.0
25.0	17.71681056831759	32.1947744538876	31.981604634910614	18.1067802850981	3.0057786093765264E-5
26.0	17.36221315587789	32.569207742941465	32.47118173822756	17.59736728439994	3.007855314940499E-5
27.0	17.401182457346472	32.38787514666336	32.929829747091865	17.281052448442825	6.020045547664614E-5
28.0	17.959004292714255	31.95733130590868	32.38368087821867	17.699953400961682	3.0122196715415425E-5
29.0	17.625799193368245	32.57308536496033	32.39896528782417	17.402150153847266	0.0
30.0	17.585245459498562	32.45403385261268	32.760062533147575	17.200658154741184	0.0
31.0	17.962627252008797	32.17563041753272	32.234629213401725	17.62711311705675	0.0
32.0	17.60791659337943	32.50103206566053	32.411636744317896	17.47935415355807	6.044308407209893E-5
33.0	17.313420465239247	32.574188511402	32.775194661373455	17.337196361985306	0.0
34.0	17.825405692640988	32.026215034131326	32.28079577676951	17.867583496458185	0.0
35.0	17.42276218004029	32.554552681498535	32.37686000708588	17.64582513137529	0.0
36.0	17.311200867387832	32.50923601795206	32.659160145786196	17.520402968873906	0.0
37.0	17.937641316408463	32.01847961612344	32.1872849697948	17.85641190085335	1.8219681993670482E-4
38.0	17.566683232041385	32.52825612196979	32.273392512754576	17.631668133234246	0.0
39.0	17.51315408743509	32.40930426720939	32.81872172057563	17.25875907200739	6.085277249795458E-5
40.0	18.024370965015283	31.99565641843372	32.25959144137764	17.720381175173355	0.0
41.0	17.629658633931925	32.480291729067424	32.47251545876792	17.417412197522143	1.2198071058033238E-4
42.0	17.53453785561488	32.469431486408666	32.71119494904281	17.284835708933645	0.0
43.0	17.90674809414216	32.16057142717385	32.17310594295022	17.759543963744065	3.057198969846235E-5
44.0	17.511181179495814	32.51496181102965	32.42272664656453	17.55106913810785	6.122480216735799E-5
45.0	17.38352578274493	32.54295898134886	32.68949904508352	17.38401619082269	0.0
46.0	17.83935442513193	32.2041439955762	32.089099495234194	17.86703384345908	3.682405985873677E-4
47.0	17.589177630164006	32.417182324855446	32.41942520754346	17.573969042074022	2.4579536307047564E-4
48.0	17.41950209779196	32.442485678136364	32.68464152966701	17.45321688606401	1.5380834065717382E-4
49.0	17.913045460117296	32.011650691163055	32.1924723254506	17.882092344385907	7.391788831376666E-4
50.0	17.550553800493667	32.58362516976677	32.31280013717031	17.552249926295623	7.709662736177808E-4
51.0	17.496778401253252	32.42665362278159	32.74089267235669	17.334965054184313	7.102494241575593E-4
52.0	18.01280784612773	31.988537320965214	32.262302016915704	17.735456037929385	8.967780619636534E-4
53.0	17.60096990567265	32.499891613350755	32.402064920506135	17.49626840250466	8.05157965799367E-4
54.0	17.51533514026459	32.47588863183879	32.79149171065118	17.216199118035615	0.0010853992098293754
55.0	17.86300765795701	32.16369892366265	32.168729698339845	17.802886795148098	0.0016769248923973194
56.0	17.45609995525496	32.617329793945835	32.34201876306553	17.583152233567237	0.0013992541664347533
57.0	17.400990985241076	32.43442078111306	32.765963408578266	17.39622753120763	0.0023972938599700184
58.0	17.81319156457606	31.998691960011882	32.31370016020061	17.87273294630396	0.0016833689074904614
59.0	17.508667649525734	32.45726108205854	32.40232252739826	17.62909545854808	0.0026532824693881437
60.0	17.48627696508765	32.425653674703824	32.68368830417016	17.401880417594118	0.0025006384442527985
61.0	17.936902495834435	32.04195273149457	32.15608128983426	17.862152359434216	0.002911123402521033
62.0	17.643531220375877	32.403146363850674	32.412832981396676	17.537542696353068	0.0029467380237043128
63.0	17.56187501805172	32.363469345981464	32.775268327048195	17.29590254205894	0.003484766859678799
64.0	17.940187323721812	32.08982182207233	32.29911557120971	17.666819568163834	0.004055714832315056
65.0	17.590065248678922	32.443073888784106	32.35888001365238	17.604989667830917	0.0029911810536702894
66.0	17.39558969773368	32.46400683067777	32.81496821452061	17.322408368841465	0.003026888226476822
67.0	17.904782712196823	32.059604100062955	32.21329647410498	17.81938051996517	0.002936193670071599
68.0	17.47926868979384	32.55329440515445	32.35895911908924	17.60433626611952	0.0041415198429383925
69.0	17.353096866598367	32.46761552226104	32.79297995448634	17.383046730652577	0.003260926001674153
70.0	17.909439769986438	32.132080239677784	32.16302604298613	17.79196620312432	0.0034877442253260322
71.0	17.578278699066882	32.39439437595688	32.4498103946478	17.57364217257469	0.003874357753748997
72.0	17.53033860333797	32.33350308721988	32.688809316975465	17.443850005423432	0.0034989870432509786
73.0	17.967565342322107	32.07508332980184	32.22958718570701	17.7250239211734	0.0027402209956369945
74.0	17.557491900863376	32.410494565997986	32.48767175755255	17.54146917540416	0.002872600181931345
75.0	17.49746138361627	32.441311281687945	32.77862114123915	17.280208256066462	0.0023979373901744675
76.0	17.906902935900693	32.10297702181245	32.24158466195012	17.746037368337955	0.0024980119987843006
77.0	17.56534626785233	32.460670336579796	32.39500327212534	17.576894945528736	0.002085177913795537
78.0	17.398901751805163	32.495878114951346	32.70734664354362	17.395110035291882	0.002763454407982913
79.0	17.83580874073855	32.013677562064366	32.3152199733865	17.8323323764748	0.002961347335785243
80.0	17.52841742742068	32.48918928505783	32.38770883786024	17.592072464843007	0.002611984818241328
81.0	17.41659941029788	32.45400342862091	32.70397741995307	17.422253468522403	0.0031662726057325044
82.0	17.937028255771644	32.03875732097837	32.191101005222286	17.830912106823156	0.0022013112045445424
83.0	17.62990591873107	32.43241051379753	32.40499906898406	17.529116144724643	0.003568353762699284
84.0	17.554124896054326	32.34474140526103	32.71621513553086	17.38270799050494	0.0022105726488446833
85.0	17.925041871272025	32.0863768261364	32.236204470591076	17.751366904412308	0.0010099275881919267
86.0	17.609708270633487	32.420606404509755	32.462462531094175	17.506014777628717	0.0012080161338716949
87.0	17.469620320675393	32.396767659052614	32.829162136313386	17.30235580552163	0.0020940784369798547
88.0	17.792619242328954	32.053169575901215	32.33739294897816	17.815932903872298	8.85328919367521E-4
89.0	17.478006983078654	32.45586936174241	32.495964222238584	17.568384742393807	0.001774690546552105
90.0	17.320250134320535	32.47849141979194	32.75019608656996	17.450337637849437	7.247214681275734E-4
91.0	17.944573320234785	32.009939488000796	32.27206459016123	17.77256404117788	8.585604253176261E-4
92.0	17.51493883766739	32.306854484961846	32.577392283117874	17.60008607418933	7.283200635624783E-4
93.0	17.490238958786865	32.42617559052556	32.67749626056353	17.40569084802386	3.9834210017905476E-4
94.0	17.914772772660825	31.930487100218613	32.36778023640058	17.78669361388261	2.662768373767471E-4
95.0	17.570600648776253	32.40002483481842	32.46164455900506	17.56756305673888	1.6690066139394096E-4
96.0	17.537472573898988	32.36547735978291	32.75873266472901	17.337915676581908	4.017250071808345E-4
97.0	17.93095390929039	31.94939449038624	32.36156135266739	17.757989530820694	1.0071683528903045E-4
98.0	17.528564083449247	32.37990087885084	32.56664111025923	17.524826585128594	6.734231208380347E-5
99.0	17.448682778331825	32.50908548102814	32.73782244972464	17.30413911584533	2.701750700682158E-4
100.0	17.859008593616075	31.959741520723806	32.36502981645316	17.81591516285726	3.0490634970861116E-4
101.0	17.59556756951504	32.37892372642569	32.4417013099	17.58367143837481	1.35955784459778E-4
102.0	17.482457376019788	32.27406229290017	32.74004650291846	17.50326328790027	1.7054026131543162E-4
103.0	17.915195833965136	31.92695884452364	32.37703108404463	17.780780008837834	3.4228628756634795E-5
104.0	17.65168247123623	32.31995828047108	32.449369895635904	17.578714520450436	2.748322063495172E-4
105.0	17.543301254243225	32.2331060623825	32.77101819500979	17.45233310206227	2.413863022239265E-4
106.0	17.930098026965464	31.82281836265443	32.441384055881706	17.80556110322131	1.384512770918863E-4
107.0	17.596460201589224	32.29614367662336	32.51889247532252	17.588434156900487	6.948956440466553E-5
108.0	17.38564061033527	32.291310266318035	32.91885389669613	17.403881332765533	3.1389388503322567E-4
109.0	17.920702951712336	31.87060125606121	32.46680492186644	17.74168079154895	2.1007881106597137E-4
110.0	17.54738841699276	32.23709464466245	32.62636794024722	17.588938086071792	2.1091202578188601E-4
111.0	17.455608354015084	32.42739505953238	32.71955124132849	17.39741005203613	3.529308791931718E-5
112.0	17.85304211372364	31.88113352243329	32.373020226891605	17.892733259904713	7.087704675191758E-5
113.0	17.62073504172507	32.17322007330628	32.62727338088015	17.578771504088508	0.0
114.0	17.60935172944362	32.22866821723273	32.66448786633196	17.49749218699169	0.0
115.0	17.935958902265437	31.825219749744665	32.3919290769703	17.8468922710196	0.0
116.0	17.66311529105693	32.25462898033542	32.52488492670533	17.55737080190232	0.0
117.0	17.509020630222054	32.1965800360282	32.92750002263078	17.36679068335913	1.0862775982402304E-4
118.0	18.1501705169177	31.812249947003217	32.32647326507808	17.711106271000997	0.0
119.0	17.555095176511223	32.16419855951827	32.63370972606311	17.64692351338503	7.302452236485533E-5
120.0	17.503966291199653	32.29600503637401	32.84613430061829	17.35389437180804	0.0
121.0	17.970359498507076	31.87810197395916	32.37209805837004	17.779403647750154	3.682141356670254E-5
122.0	17.608355554898054	32.15749510879012	32.547571407965734	17.686393005477417	1.849228686714771E-4
123.0	17.551639184709362	32.118116694676125	32.90438745473538	17.42578237023895	7.429564018324277E-5
124.0	17.924861653339143	31.817623821707336	32.36007780472179	17.897362094563405	7.462566831950084E-5
125.0	17.577982958272887	32.129053783031	32.61102801426017	17.68189775713477	3.748730117672638E-5
126.0	17.49488576963518	32.18989988460971	32.86774253804415	17.447396487676137	7.532003482798411E-5
127.0	17.955431023491386	31.78118895752361	32.507068300229385	17.756236051149788	7.566760582776766E-5
128.0	17.62481974767335	32.08863891534659	32.67171765929289	17.614785669816506	3.800787066985831E-5
129.0	17.543539501176415	32.19355708151819	32.77953029755253	17.48329676647694	7.635327591821494E-5
130.0	17.929192787654298	31.736146640086094	32.54307518012072	17.791508687905047	7.670423384359546E-5
131.0	17.620283078858343	32.0825789265572	32.65222830372359	17.644794072964142	1.1561789672546994E-4
132.0	17.468595748109085	32.14295674052682	33.02942579951476	17.358866782140943	1.5492970839130286E-4
133.0	17.888686938536488	31.659260955157677	32.621341531790826	17.83055482874195	1.5574577305971915E-4
134.0	17.5938663111132	32.12449070294252	32.594345995030864	17.68702288581761	2.7410509580952044E-4
135.0	17.57330629838641	31.89757441699988	33.049631814271805	17.479132991142745	3.5447919916059323E-4
136.0	17.877765662758286	31.527019598190915	32.71851921432843	17.8763784467858	3.170779365677661E-4
137.0	17.62156563345238	31.950336768514486	32.70079929905228	17.72681950955205	4.787894288082013E-4
138.0	17.50561774274435	31.912917754317384	33.15657669705659	17.42444578034385	4.420255378245271E-4
139.0	17.98061052345916	31.43922409690283	32.668776948111784	17.910578342679734	8.100888464942393E-4
140.0	17.764797698725964	31.603577761978315	32.92010917976252	17.710657285052342	8.580744808649391E-4
141.0	17.564358928324534	31.662178308539023	33.252439706389154	17.519991250281166	0.001031806466124762
142.0	17.932555440620497	31.13248244270729	32.94799232770217	17.985257595353524	0.0017121936165245893
143.0	18.025990285090124	31.112445698278734	33.15546524033369	17.704447012912976	0.0016517633844716454
144.0	17.729958307695753	31.138670430866437	33.573550981294474	17.556829247694342	9.910324489876819E-4
145.0	18.496177279253935	30.14451786842213	33.41853771275898	17.939575367032834	0.001191772532114959
146.0	18.529523715411404	29.475221379829048	33.960461809577666	18.034061109799637	7.319853822519164E-4
147.0	19.28756201154118	27.428779236462837	35.04974156344071	18.233476086898985	4.411016562877081E-4
148.0	21.566381450325643	23.31422044695928	37.07741320703731	18.041766087591064	2.188080867092686E-4
149.0	25.665571691516437	9.867326000228976	44.222685066946134	20.24419707204232	2.2016926613180216E-4
150.0	29.928829472662784	0.0	38.57517981130467	31.495990716032544	0.0
