#Insert size (bp)	insert size
2.0	1.0
3.0	2.0
4.0	1.0
6.0	1.0
7.0	1.0
8.0	2.0
9.0	7.0
10.0	1.0
12.0	1.0
14.0	4.0
15.0	3.0
16.0	1.0
17.0	3.0
19.0	49.0
20.0	42.0
21.0	11.0
22.0	9.0
23.0	2.0
24.0	9.0
25.0	1.0
26.0	2.0
27.0	7.0
28.0	4.0
29.0	3.0
30.0	1.0
31.0	7.0
32.0	7.0
33.0	6.0
34.0	11.0
35.0	24.0
36.0	20.0
37.0	4.0
38.0	4.0
39.0	3.0
40.0	13.0
41.0	10.0
42.0	16.0
43.0	19.0
44.0	15.0
45.0	14.0
46.0	19.0
47.0	8.0
48.0	7.0
49.0	2.0
50.0	10.0
51.0	10.0
52.0	22.0
53.0	12.0
54.0	23.0
55.0	22.0
56.0	13.0
57.0	23.0
58.0	14.0
59.0	10.0
60.0	10.0
61.0	8.0
62.0	14.0
63.0	31.0
64.0	27.0
65.0	16.0
66.0	18.0
67.0	15.0
68.0	14.0
69.0	14.0
70.0	10.0
71.0	11.0
72.0	15.0
73.0	31.0
74.0	23.0
75.0	23.0
76.0	18.0
77.0	29.0
78.0	10.0
79.0	10.0
80.0	12.0
81.0	24.0
82.0	23.0
83.0	27.0
84.0	28.0
85.0	23.0
86.0	24.0
87.0	21.0
88.0	13.0
89.0	14.0
90.0	11.0
91.0	16.0
92.0	18.0
93.0	19.0
94.0	26.0
95.0	32.0
96.0	31.0
97.0	18.0
98.0	20.0
99.0	18.0
100.0	15.0
101.0	20.0
102.0	18.0
103.0	20.0
104.0	29.0
105.0	29.0
106.0	23.0
107.0	37.0
108.0	21.0
109.0	29.0
110.0	17.0
111.0	25.0
112.0	22.0
113.0	28.0
114.0	33.0
115.0	32.0
116.0	38.0
117.0	25.0
118.0	27.0
119.0	30.0
120.0	22.0
121.0	27.0
122.0	36.0
123.0	30.0
124.0	33.0
125.0	34.0
126.0	56.0
127.0	43.0
128.0	32.0
129.0	40.0
130.0	39.0
131.0	31.0
132.0	34.0
133.0	37.0
134.0	31.0
135.0	41.0
136.0	42.0
137.0	44.0
138.0	31.0
139.0	43.0
140.0	35.0
141.0	28.0
142.0	45.0
143.0	33.0
144.0	43.0
145.0	26.0
146.0	46.0
147.0	38.0
148.0	59.0
149.0	61.0
150.0	41.0
151.0	48.0
152.0	28.0
153.0	38.0
154.0	35.0
155.0	51.0
156.0	56.0
157.0	59.0
158.0	41.0
159.0	40.0
160.0	66.0
161.0	43.0
162.0	46.0
163.0	52.0
164.0	34.0
165.0	54.0
166.0	69.0
167.0	62.0
168.0	47.0
169.0	44.0
170.0	58.0
171.0	57.0
172.0	64.0
173.0	57.0
174.0	42.0
175.0	37.0
176.0	58.0
177.0	77.0
178.0	67.0
179.0	66.0
180.0	67.0
181.0	59.0
182.0	59.0
183.0	62.0
184.0	96.0
185.0	52.0
186.0	64.0
187.0	78.0
188.0	87.0
189.0	76.0
190.0	86.0
191.0	72.0
192.0	61.0
193.0	75.0
194.0	56.0
195.0	73.0
196.0	62.0
197.0	78.0
198.0	79.0
199.0	68.0
200.0	64.0
201.0	71.0
202.0	83.0
203.0	90.0
204.0	68.0
205.0	49.0
206.0	75.0
207.0	114.0
208.0	94.0
209.0	76.0
210.0	121.0
211.0	81.0
212.0	75.0
213.0	87.0
214.0	98.0
215.0	78.0
216.0	93.0
217.0	78.0
218.0	88.0
219.0	84.0
220.0	120.0
221.0	103.0
222.0	87.0
223.0	104.0
224.0	62.0
225.0	91.0
226.0	110.0
227.0	95.0
228.0	130.0
229.0	97.0
230.0	100.0
231.0	123.0
232.0	106.0
233.0	124.0
234.0	81.0
235.0	90.0
236.0	99.0
237.0	95.0
238.0	105.0
239.0	103.0
240.0	99.0
241.0	109.0
242.0	152.0
243.0	123.0
244.0	120.0
245.0	111.0
246.0	127.0
247.0	123.0
248.0	115.0
249.0	121.0
250.0	150.0
251.0	152.0
252.0	136.0
253.0	118.0
254.0	125.0
255.0	125.0
256.0	121.0
257.0	139.0
258.0	112.0
259.0	133.0
260.0	142.0
261.0	150.0
262.0	137.0
263.0	149.0
264.0	126.0
265.0	140.0
266.0	124.0
267.0	133.0
268.0	154.0
269.0	147.0
270.0	146.0
271.0	169.0
272.0	160.0
273.0	133.0
274.0	150.0
275.0	182.0
276.0	147.0
277.0	154.0
278.0	160.0
279.0	144.0
280.0	139.0
281.0	176.0
282.0	183.0
283.0	204.0
284.0	160.0
285.0	159.0
286.0	169.0
287.0	166.0
288.0	177.0
289.0	159.0
290.0	149.0
291.0	161.0
292.0	176.0
293.0	170.0
294.0	175.0
295.0	190.0
296.0	189.0
297.0	175.0
298.0	164.0
299.0	151.0
300.0	187.0
301.0	195.0
302.0	165.0
303.0	202.0
304.0	179.0
305.0	175.0
306.0	211.0
307.0	187.0
308.0	163.0
309.0	173.0
310.0	183.0
311.0	166.0
312.0	207.0
313.0	194.0
314.0	173.0
315.0	208.0
316.0	172.0
317.0	194.0
318.0	171.0
319.0	176.0
320.0	159.0
321.0	201.0
322.0	203.0
323.0	193.0
324.0	217.0
325.0	205.0
326.0	174.0
327.0	162.0
328.0	181.0
329.0	211.0
330.0	224.0
331.0	181.0
332.0	213.0
333.0	189.0
334.0	195.0
335.0	197.0
336.0	173.0
337.0	218.0
338.0	174.0
339.0	181.0
340.0	173.0
341.0	178.0
342.0	175.0
343.0	225.0
344.0	175.0
345.0	191.0
346.0	204.0
347.0	199.0
348.0	207.0
349.0	183.0
350.0	161.0
351.0	178.0
352.0	176.0
353.0	168.0
354.0	191.0
355.0	188.0
356.0	160.0
357.0	175.0
358.0	183.0
359.0	178.0
360.0	143.0
361.0	200.0
362.0	176.0
363.0	188.0
364.0	193.0
365.0	181.0
366.0	170.0
367.0	209.0
368.0	181.0
369.0	181.0
370.0	173.0
371.0	165.0
372.0	170.0
373.0	185.0
374.0	158.0
375.0	163.0
376.0	176.0
377.0	177.0
378.0	187.0
379.0	222.0
380.0	170.0
381.0	175.0
382.0	157.0
383.0	188.0
384.0	175.0
385.0	163.0
386.0	171.0
387.0	172.0
388.0	170.0
389.0	168.0
390.0	201.0
391.0	169.0
392.0	156.0
393.0	160.0
394.0	153.0
395.0	164.0
396.0	195.0
397.0	161.0
398.0	180.0
399.0	166.0
400.0	186.0
401.0	154.0
402.0	191.0
403.0	185.0
404.0	148.0
405.0	191.0
406.0	168.0
407.0	152.0
408.0	188.0
409.0	150.0
410.0	182.0
411.0	153.0
412.0	172.0
413.0	166.0
414.0	147.0
415.0	164.0
416.0	156.0
417.0	157.0
418.0	143.0
419.0	140.0
420.0	154.0
421.0	149.0
422.0	170.0
423.0	154.0
424.0	137.0
425.0	140.0
426.0	162.0
427.0	140.0
428.0	162.0
429.0	145.0
430.0	173.0
431.0	149.0
432.0	122.0
433.0	161.0
434.0	132.0
435.0	141.0
436.0	150.0
437.0	121.0
438.0	141.0
439.0	132.0
440.0	128.0
441.0	115.0
442.0	165.0
443.0	129.0
444.0	136.0
445.0	153.0
446.0	129.0
447.0	129.0
448.0	111.0
449.0	146.0
450.0	110.0
451.0	123.0
452.0	130.0
453.0	122.0
454.0	116.0
455.0	136.0
456.0	121.0
457.0	116.0
458.0	136.0
459.0	145.0
460.0	119.0
461.0	134.0
462.0	152.0
463.0	100.0
464.0	125.0
465.0	145.0
466.0	139.0
467.0	124.0
468.0	131.0
469.0	117.0
470.0	108.0
471.0	116.0
472.0	123.0
473.0	124.0
474.0	104.0
475.0	85.0
476.0	118.0
477.0	119.0
478.0	119.0
479.0	98.0
480.0	125.0
481.0	120.0
482.0	121.0
483.0	92.0
484.0	117.0
485.0	126.0
486.0	124.0
487.0	116.0
488.0	112.0
489.0	92.0
490.0	111.0
491.0	85.0
492.0	86.0
493.0	108.0
494.0	117.0
495.0	84.0
496.0	114.0
497.0	87.0
498.0	96.0
499.0	91.0
500.0	99.0
501.0	85.0
502.0	109.0
503.0	89.0
504.0	108.0
505.0	117.0
506.0	100.0
507.0	99.0
508.0	103.0
509.0	92.0
510.0	115.0
511.0	95.0
512.0	97.0
513.0	86.0
514.0	103.0
515.0	100.0
516.0	113.0
517.0	86.0
518.0	101.0
519.0	102.0
520.0	125.0
521.0	104.0
522.0	108.0
523.0	92.0
524.0	104.0
525.0	111.0
526.0	85.0
527.0	81.0
528.0	87.0
529.0	88.0
530.0	81.0
531.0	75.0
532.0	92.0
533.0	99.0
534.0	118.0
535.0	82.0
536.0	95.0
537.0	92.0
538.0	56.0
539.0	85.0
540.0	100.0
541.0	83.0
542.0	74.0
543.0	87.0
544.0	96.0
545.0	80.0
546.0	87.0
547.0	85.0
548.0	82.0
549.0	86.0
550.0	83.0
551.0	70.0
552.0	76.0
553.0	80.0
554.0	94.0
555.0	66.0
556.0	65.0
557.0	80.0
558.0	59.0
559.0	81.0
560.0	71.0
561.0	78.0
562.0	74.0
563.0	75.0
564.0	68.0
565.0	80.0
566.0	64.0
567.0	70.0
568.0	73.0
569.0	61.0
570.0	59.0
571.0	66.0
572.0	55.0
573.0	63.0
574.0	82.0
575.0	71.0
576.0	65.0
577.0	80.0
578.0	71.0
579.0	78.0
580.0	75.0
581.0	78.0
582.0	53.0
583.0	72.0
584.0	46.0
585.0	76.0
586.0	57.0
587.0	57.0
588.0	68.0
589.0	65.0
590.0	87.0
591.0	59.0
592.0	62.0
593.0	54.0
594.0	61.0
595.0	56.0
596.0	71.0
597.0	58.0
598.0	75.0
599.0	59.0
600.0	53.0
601.0	65.0
602.0	59.0
603.0	55.0
604.0	58.0
605.0	54.0
606.0	56.0
607.0	56.0
608.0	49.0
609.0	55.0
610.0	62.0
611.0	52.0
612.0	67.0
613.0	59.0
614.0	52.0
615.0	52.0
616.0	57.0
617.0	54.0
618.0	67.0
619.0	39.0
620.0	32.0
621.0	53.0
622.0	49.0
623.0	49.0
624.0	50.0
625.0	52.0
626.0	50.0
627.0	50.0
628.0	44.0
629.0	45.0
630.0	37.0
631.0	57.0
632.0	36.0
633.0	52.0
634.0	41.0
635.0	50.0
636.0	42.0
637.0	42.0
638.0	47.0
639.0	33.0
640.0	45.0
641.0	41.0
642.0	49.0
643.0	40.0
644.0	37.0
645.0	46.0
646.0	28.0
647.0	31.0
648.0	38.0
649.0	51.0
650.0	46.0
651.0	43.0
652.0	56.0
653.0	30.0
654.0	30.0
655.0	41.0
656.0	25.0
657.0	38.0
658.0	40.0
659.0	40.0
660.0	31.0
661.0	42.0
662.0	37.0
663.0	28.0
664.0	30.0
665.0	39.0
666.0	24.0
667.0	44.0
668.0	24.0
669.0	41.0
670.0	26.0
671.0	33.0
672.0	33.0
673.0	34.0
674.0	34.0
675.0	31.0
676.0	35.0
677.0	36.0
678.0	29.0
679.0	32.0
680.0	32.0
681.0	46.0
682.0	26.0
683.0	25.0
684.0	34.0
685.0	20.0
686.0	27.0
687.0	27.0
688.0	20.0
689.0	43.0
690.0	34.0
691.0	19.0
692.0	30.0
693.0	18.0
694.0	23.0
695.0	28.0
696.0	28.0
697.0	30.0
698.0	34.0
699.0	21.0
700.0	21.0
701.0	21.0
702.0	27.0
703.0	27.0
704.0	37.0
705.0	23.0
706.0	26.0
707.0	34.0
708.0	18.0
709.0	22.0
710.0	27.0
711.0	22.0
712.0	16.0
713.0	25.0
714.0	29.0
715.0	25.0
716.0	22.0
717.0	42.0
718.0	22.0
719.0	18.0
720.0	23.0
721.0	12.0
722.0	24.0
723.0	16.0
724.0	11.0
725.0	18.0
726.0	23.0
727.0	21.0
728.0	13.0
729.0	14.0
730.0	23.0
731.0	23.0
732.0	18.0
733.0	27.0
734.0	18.0
735.0	23.0
736.0	23.0
737.0	13.0
738.0	14.0
739.0	16.0
740.0	23.0
741.0	10.0
742.0	16.0
743.0	14.0
744.0	16.0
745.0	10.0
746.0	27.0
747.0	12.0
748.0	20.0
749.0	11.0
750.0	19.0
751.0	19.0
752.0	15.0
753.0	11.0
754.0	8.0
755.0	14.0
756.0	19.0
757.0	8.0
758.0	10.0
759.0	21.0
760.0	17.0
761.0	12.0
762.0	19.0
763.0	18.0
764.0	20.0
765.0	12.0
766.0	10.0
767.0	11.0
768.0	11.0
769.0	14.0
770.0	12.0
771.0	7.0
772.0	16.0
773.0	16.0
774.0	9.0
775.0	15.0
776.0	12.0
777.0	7.0
778.0	7.0
779.0	7.0
780.0	6.0
781.0	9.0
782.0	10.0
783.0	10.0
784.0	5.0
785.0	9.0
786.0	10.0
787.0	13.0
788.0	13.0
789.0	7.0
790.0	17.0
791.0	11.0
792.0	12.0
793.0	10.0
794.0	8.0
795.0	8.0
796.0	7.0
797.0	2.0
798.0	4.0
799.0	8.0
800.0	5.0
801.0	7.0
802.0	7.0
803.0	9.0
804.0	7.0
805.0	8.0
806.0	7.0
807.0	9.0
808.0	9.0
809.0	11.0
810.0	3.0
811.0	8.0
812.0	7.0
813.0	2.0
814.0	4.0
815.0	9.0
816.0	14.0
817.0	10.0
818.0	13.0
819.0	10.0
820.0	9.0
821.0	8.0
822.0	4.0
823.0	6.0
824.0	2.0
825.0	2.0
826.0	4.0
827.0	3.0
828.0	2.0
829.0	8.0
830.0	7.0
831.0	11.0
832.0	5.0
833.0	5.0
834.0	5.0
835.0	2.0
836.0	5.0
837.0	3.0
838.0	2.0
839.0	6.0
840.0	4.0
841.0	4.0
842.0	4.0
843.0	4.0
844.0	4.0
845.0	5.0
846.0	2.0
847.0	4.0
848.0	2.0
849.0	3.0
850.0	3.0
851.0	13.0
852.0	7.0
853.0	3.0
854.0	6.0
855.0	3.0
856.0	4.0
857.0	4.0
858.0	6.0
859.0	3.0
860.0	3.0
861.0	6.0
862.0	3.0
863.0	6.0
864.0	1.0
865.0	2.0
866.0	1.0
867.0	3.0
868.0	2.0
869.0	4.0
870.0	7.0
871.0	4.0
873.0	1.0
874.0	2.0
875.0	2.0
876.0	5.0
877.0	6.0
878.0	6.0
879.0	2.0
880.0	2.0
881.0	1.0
882.0	2.0
883.0	2.0
884.0	2.0
885.0	4.0
886.0	4.0
887.0	3.0
889.0	4.0
890.0	2.0
891.0	1.0
892.0	1.0
894.0	3.0
895.0	3.0
896.0	1.0
897.0	1.0
898.0	2.0
899.0	3.0
902.0	1.0
903.0	1.0
904.0	1.0
905.0	1.0
906.0	3.0
907.0	1.0
908.0	1.0
910.0	4.0
912.0	1.0
914.0	1.0
915.0	1.0
916.0	1.0
917.0	1.0
918.0	2.0
919.0	3.0
920.0	1.0
921.0	1.0
922.0	1.0
923.0	2.0
924.0	3.0
925.0	2.0
928.0	3.0
929.0	1.0
930.0	1.0
931.0	1.0
932.0	3.0
934.0	1.0
938.0	4.0
939.0	1.0
940.0	2.0
941.0	2.0
947.0	1.0
948.0	2.0
949.0	1.0
950.0	1.0
951.0	2.0
953.0	2.0
954.0	1.0
955.0	3.0
961.0	3.0
970.0	1.0
975.0	1.0
