#Coverage	Number of genomic locations
0.0	863.0
1.0	394.0
2.0	241.0
3.0	124.0
4.0	6.0
5.0	13.0
6.0	85.0
7.0	239.0
8.0	33.0
9.0	31.0
10.0	56.0
11.0	48.0
12.0	109.0
13.0	117.0
14.0	44.0
15.0	30.0
16.0	49.0
17.0	22.0
18.0	22.0
19.0	23.0
20.0	26.0
21.0	37.0
22.0	17.0
23.0	36.0
24.0	13.0
25.0	21.0
26.0	30.0
27.0	52.0
28.0	23.0
29.0	51.0
30.0	36.0
31.0	40.0
32.0	16.0
33.0	30.0
34.0	28.0
35.0	19.0
36.0	11.0
37.0	12.0
38.0	2.0
39.0	9.0
40.0	14.0
41.0	11.0
42.0	14.0
43.0	18.0
44.0	17.0
45.0	10.0
46.0	27.0
47.0	36.0
48.0	7.0
49.0	7.0
52.0	5.0
53.0	9.0
54.0	19.0
55.0	11.0
56.0	4.0
57.0	8.0
58.0	19.0
59.0	19.0
60.0	15.0
61.0	7.0
62.0	4.0
63.0	12.0
64.0	8.0
65.0	13.0
66.0	11.0
67.0	8.0
68.0	7.0
69.0	11.0
70.0	30.0
71.0	30.0
72.0	22.0
73.0	34.0
74.0	25.0
75.0	16.0
76.0	18.0
77.0	17.0
78.0	15.0
79.0	37.0
80.0	38.0
81.0	65.0
82.0	64.0
83.0	49.0
84.0	52.0
85.0	62.0
86.0	79.0
87.0	71.0
88.0	72.0
89.0	63.0
90.0	68.0
91.0	46.0
92.0	64.0
93.0	78.0
94.0	73.0
95.0	68.0
96.0	138.0
97.0	127.0
98.0	137.0
99.0	185.0
100.0	154.0
101.0	170.0
102.0	150.0
103.0	199.0
104.0	260.0
105.0	271.0
106.0	313.0
107.0	376.0
108.0	403.0
109.0	466.0
110.0	425.0
111.0	474.0
112.0	561.0
113.0	627.0
114.0	711.0
115.0	748.0
116.0	858.0
117.0	906.0
118.0	956.0
119.0	1194.0
120.0	1226.0
121.0	1310.0
122.0	1314.0
123.0	1471.0
124.0	1527.0
125.0	1648.0
126.0	1734.0
127.0	1837.0
128.0	1925.0
129.0	2071.0
130.0	2337.0
131.0	2321.0
132.0	2566.0
133.0	2812.0
134.0	2968.0
135.0	3022.0
136.0	3187.0
137.0	3237.0
138.0	3194.0
139.0	3413.0
140.0	3528.0
141.0	3671.0
142.0	3640.0
143.0	3595.0
144.0	3575.0
145.0	3783.0
146.0	3616.0
147.0	3690.0
148.0	3519.0
149.0	3502.0
150.0	3520.0
151.0	3394.0
152.0	3360.0
153.0	3185.0
154.0	3182.0
155.0	3279.0
156.0	2991.0
157.0	2888.0
158.0	2722.0
159.0	2794.0
160.0	2500.0
161.0	2380.0
162.0	2232.0
163.0	2142.0
164.0	2070.0
165.0	1940.0
166.0	1868.0
167.0	1709.0
168.0	1626.0
169.0	1491.0
170.0	1347.0
171.0	1316.0
172.0	1294.0
173.0	1075.0
174.0	972.0
175.0	903.0
176.0	786.0
177.0	677.0
178.0	630.0
179.0	592.0
180.0	515.0
181.0	466.0
182.0	416.0
183.0	363.0
184.0	377.0
185.0	262.0
186.0	230.0
187.0	194.0
188.0	176.0
189.0	158.0
190.0	151.0
191.0	144.0
192.0	132.0
193.0	114.0
194.0	99.0
195.0	84.0
196.0	76.0
197.0	63.0
198.0	63.0
199.0	43.0
200.0	41.0
201.0	41.0
202.0	33.0
203.0	29.0
204.0	34.0
205.0	27.0
206.0	20.0
207.0	23.0
208.0	28.0
209.0	32.0
210.0	21.0
211.0	19.0
212.0	29.0
213.0	15.0
214.0	12.0
215.0	13.0
216.0	14.0
217.0	26.0
218.0	35.0
219.0	31.0
220.0	29.0
221.0	38.0
222.0	35.0
223.0	43.0
224.0	49.0
225.0	49.0
226.0	51.0
227.0	30.0
228.0	27.0
229.0	30.0
230.0	24.0
231.0	26.0
232.0	34.0
233.0	36.0
234.0	30.0
235.0	30.0
236.0	19.0
237.0	26.0
238.0	27.0
239.0	18.0
240.0	18.0
241.0	33.0
242.0	17.0
243.0	19.0
244.0	12.0
245.0	24.0
246.0	14.0
247.0	15.0
248.0	12.0
249.0	9.0
250.0	12.0
251.0	5.0
252.0	10.0
253.0	8.0
254.0	8.0
255.0	7.0
256.0	5.0
257.0	6.0
258.0	5.0
259.0	7.0
260.0	10.0
261.0	7.0
262.0	4.0
263.0	1.0
264.0	6.0
265.0	4.0
266.0	4.0
267.0	1.0
268.0	1.0
269.0	3.0
270.0	2.0
271.0	3.0
272.0	1.0
273.0	5.0
274.0	3.0
275.0	2.0
277.0	5.0
278.0	4.0
280.0	3.0
281.0	1.0
283.0	3.0
284.0	9.0
285.0	4.0
286.0	14.0
287.0	2.0
288.0	4.0
289.0	3.0
290.0	2.0
291.0	2.0
294.0	4.0
295.0	2.0
296.0	1.0
297.0	2.0
298.0	1.0
301.0	3.0
303.0	1.0
304.0	1.0
305.0	2.0
307.0	5.0
308.0	2.0
310.0	2.0
311.0	2.0
314.0	1.0
315.0	1.0
316.0	2.0
320.0	1.0
321.0	1.0
322.0	1.0
323.0	1.0
327.0	2.0
328.0	3.0
329.0	6.0
330.0	4.0
336.0	1.0
337.0	1.0
338.0	2.0
340.0	1.0
341.0	3.0
344.0	1.0
345.0	1.0
346.0	4.0
347.0	3.0
348.0	8.0
349.0	2.0
350.0	1.0
351.0	2.0
352.0	5.0
353.0	4.0
354.0	6.0
355.0	4.0
356.0	1.0
357.0	1.0
358.0	4.0
359.0	3.0
360.0	4.0
361.0	3.0
362.0	4.0
363.0	4.0
364.0	5.0
365.0	5.0
366.0	3.0
367.0	4.0
368.0	3.0
371.0	1.0
372.0	3.0
374.0	1.0
375.0	4.0
376.0	4.0
377.0	2.0
379.0	1.0
381.0	1.0
382.0	1.0
384.0	3.0
386.0	1.0
387.0	2.0
388.0	1.0
389.0	2.0
390.0	4.0
391.0	2.0
392.0	2.0
393.0	1.0
395.0	1.0
396.0	3.0
397.0	2.0
401.0	2.0
402.0	1.0
403.0	1.0
404.0	1.0
405.0	1.0
406.0	1.0
407.0	2.0
408.0	3.0
409.0	6.0
410.0	10.0
411.0	6.0
412.0	3.0
413.0	2.0
414.0	3.0
415.0	2.0
416.0	3.0
417.0	2.0
419.0	2.0
420.0	2.0
421.0	4.0
422.0	4.0
423.0	2.0
424.0	2.0
425.0	5.0
426.0	2.0
427.0	1.0
428.0	1.0
429.0	6.0
431.0	5.0
432.0	8.0
434.0	2.0
435.0	5.0
436.0	3.0
437.0	3.0
438.0	4.0
439.0	3.0
440.0	5.0
441.0	5.0
442.0	7.0
443.0	10.0
444.0	4.0
445.0	7.0
446.0	4.0
447.0	8.0
448.0	6.0
449.0	2.0
450.0	9.0
451.0	14.0
452.0	9.0
453.0	6.0
454.0	2.0
455.0	3.0
456.0	8.0
457.0	6.0
458.0	3.0
459.0	5.0
460.0	5.0
461.0	10.0
462.0	5.0
463.0	6.0
464.0	5.0
465.0	10.0
466.0	14.0
467.0	5.0
468.0	10.0
469.0	7.0
470.0	2.0
471.0	5.0
472.0	1.0
473.0	6.0
474.0	9.0
475.0	10.0
476.0	4.0
477.0	8.0
478.0	7.0
479.0	4.0
480.0	10.0
481.0	10.0
482.0	18.0
483.0	16.0
484.0	4.0
485.0	5.0
486.0	5.0
487.0	14.0
488.0	8.0
489.0	6.0
490.0	5.0
491.0	6.0
492.0	8.0
493.0	3.0
494.0	4.0
495.0	9.0
496.0	5.0
497.0	3.0
498.0	6.0
499.0	5.0
500.0	4.0
501.0	9.0
502.0	9.0
503.0	9.0
504.0	3.0
505.0	4.0
506.0	12.0
507.0	8.0
508.0	14.0
509.0	13.0
510.0	15.0
511.0	17.0
512.0	8.0
513.0	8.0
514.0	17.0
515.0	13.0
516.0	15.0
517.0	11.0
518.0	16.0
519.0	12.0
520.0	18.0
521.0	8.0
522.0	12.0
523.0	9.0
524.0	19.0
525.0	15.0
526.0	24.0
527.0	30.0
528.0	30.0
529.0	20.0
530.0	17.0
531.0	26.0
532.0	8.0
533.0	21.0
534.0	22.0
535.0	25.0
536.0	17.0
537.0	17.0
538.0	14.0
539.0	21.0
540.0	11.0
541.0	11.0
542.0	8.0
543.0	13.0
544.0	12.0
545.0	8.0
546.0	9.0
547.0	15.0
548.0	13.0
549.0	8.0
550.0	11.0
551.0	11.0
552.0	9.0
553.0	14.0
554.0	11.0
555.0	10.0
556.0	9.0
557.0	12.0
558.0	8.0
559.0	12.0
560.0	12.0
561.0	13.0
562.0	17.0
563.0	4.0
564.0	13.0
565.0	7.0
566.0	7.0
567.0	12.0
568.0	6.0
569.0	7.0
570.0	7.0
571.0	3.0
572.0	9.0
573.0	12.0
574.0	11.0
575.0	9.0
576.0	9.0
577.0	5.0
578.0	4.0
579.0	6.0
580.0	10.0
581.0	10.0
582.0	11.0
583.0	11.0
584.0	10.0
585.0	11.0
586.0	8.0
587.0	12.0
588.0	7.0
589.0	8.0
590.0	5.0
591.0	1.0
592.0	14.0
593.0	11.0
594.0	5.0
595.0	7.0
596.0	10.0
597.0	10.0
598.0	7.0
599.0	11.0
600.0	11.0
601.0	7.0
602.0	5.0
603.0	2.0
604.0	2.0
605.0	2.0
606.0	7.0
607.0	8.0
608.0	1.0
609.0	4.0
610.0	4.0
611.0	5.0
612.0	6.0
613.0	4.0
614.0	9.0
615.0	6.0
616.0	12.0
617.0	4.0
618.0	7.0
619.0	7.0
620.0	6.0
621.0	11.0
622.0	9.0
623.0	4.0
624.0	10.0
625.0	9.0
626.0	3.0
627.0	5.0
628.0	6.0
629.0	5.0
630.0	4.0
631.0	4.0
632.0	3.0
633.0	4.0
634.0	2.0
635.0	2.0
636.0	6.0
637.0	6.0
638.0	6.0
639.0	8.0
640.0	6.0
641.0	5.0
642.0	9.0
643.0	4.0
644.0	3.0
645.0	4.0
646.0	8.0
647.0	3.0
648.0	6.0
649.0	6.0
650.0	1.0
651.0	2.0
652.0	6.0
653.0	4.0
654.0	3.0
655.0	1.0
656.0	2.0
657.0	1.0
658.0	1.0
659.0	3.0
660.0	3.0
661.0	4.0
662.0	3.0
663.0	4.0
664.0	3.0
665.0	1.0
666.0	4.0
667.0	1.0
668.0	2.0
669.0	4.0
671.0	4.0
672.0	3.0
673.0	3.0
674.0	2.0
675.0	6.0
676.0	4.0
677.0	8.0
678.0	3.0
679.0	7.0
680.0	3.0
681.0	6.0
682.0	1.0
683.0	2.0
684.0	3.0
685.0	2.0
686.0	1.0
687.0	4.0
688.0	4.0
689.0	6.0
690.0	2.0
691.0	2.0
692.0	4.0
693.0	6.0
694.0	3.0
695.0	2.0
696.0	1.0
697.0	5.0
698.0	2.0
699.0	1.0
700.0	2.0
701.0	1.0
702.0	2.0
703.0	2.0
704.0	6.0
705.0	3.0
706.0	2.0
707.0	2.0
708.0	6.0
709.0	3.0
710.0	3.0
711.0	5.0
712.0	1.0
713.0	8.0
714.0	2.0
715.0	8.0
716.0	3.0
717.0	1.0
718.0	5.0
719.0	2.0
720.0	1.0
721.0	2.0
722.0	1.0
723.0	6.0
724.0	4.0
725.0	2.0
726.0	2.0
727.0	8.0
728.0	6.0
729.0	2.0
730.0	1.0
731.0	2.0
732.0	4.0
733.0	4.0
734.0	3.0
735.0	1.0
737.0	1.0
738.0	6.0
739.0	2.0
740.0	1.0
741.0	1.0
742.0	6.0
743.0	1.0
744.0	1.0
745.0	3.0
746.0	7.0
747.0	7.0
748.0	4.0
749.0	1.0
750.0	5.0
751.0	2.0
752.0	5.0
753.0	5.0
754.0	4.0
755.0	3.0
756.0	6.0
757.0	5.0
758.0	5.0
759.0	1.0
760.0	8.0
761.0	11.0
762.0	12.0
763.0	8.0
764.0	2.0
765.0	8.0
766.0	5.0
767.0	7.0
768.0	14.0
769.0	6.0
770.0	9.0
771.0	11.0
772.0	6.0
773.0	5.0
774.0	9.0
775.0	9.0
776.0	2.0
777.0	9.0
778.0	7.0
779.0	11.0
780.0	13.0
781.0	4.0
782.0	8.0
783.0	13.0
784.0	7.0
785.0	6.0
786.0	16.0
787.0	7.0
788.0	12.0
789.0	7.0
790.0	10.0
791.0	9.0
792.0	5.0
793.0	15.0
794.0	10.0
795.0	12.0
796.0	15.0
797.0	12.0
798.0	10.0
799.0	8.0
800.0	14.0
801.0	16.0
802.0	12.0
803.0	11.0
804.0	9.0
805.0	11.0
806.0	12.0
807.0	10.0
808.0	13.0
809.0	12.0
810.0	15.0
811.0	12.0
812.0	19.0
813.0	19.0
814.0	17.0
815.0	18.0
816.0	14.0
817.0	12.0
818.0	10.0
819.0	7.0
820.0	6.0
821.0	12.0
822.0	14.0
823.0	22.0
824.0	11.0
825.0	22.0
826.0	11.0
827.0	7.0
828.0	13.0
829.0	9.0
830.0	14.0
831.0	12.0
832.0	8.0
833.0	9.0
834.0	6.0
835.0	4.0
836.0	6.0
837.0	11.0
838.0	13.0
839.0	7.0
840.0	12.0
841.0	6.0
842.0	14.0
843.0	12.0
844.0	5.0
845.0	6.0
846.0	5.0
847.0	6.0
848.0	5.0
849.0	9.0
850.0	11.0
851.0	12.0
852.0	6.0
853.0	6.0
854.0	6.0
855.0	10.0
856.0	8.0
857.0	11.0
858.0	4.0
859.0	7.0
860.0	11.0
861.0	8.0
862.0	7.0
863.0	6.0
864.0	11.0
865.0	2.0
866.0	6.0
867.0	5.0
868.0	6.0
869.0	5.0
870.0	4.0
871.0	6.0
872.0	10.0
873.0	7.0
874.0	7.0
875.0	5.0
876.0	9.0
877.0	9.0
878.0	7.0
879.0	4.0
880.0	3.0
881.0	4.0
882.0	3.0
883.0	7.0
884.0	7.0
885.0	6.0
886.0	12.0
887.0	7.0
888.0	3.0
889.0	4.0
890.0	12.0
891.0	3.0
892.0	3.0
893.0	3.0
894.0	5.0
895.0	6.0
896.0	6.0
897.0	4.0
898.0	3.0
899.0	2.0
900.0	8.0
901.0	2.0
902.0	8.0
903.0	3.0
904.0	9.0
905.0	4.0
906.0	3.0
907.0	2.0
908.0	4.0
909.0	3.0
910.0	3.0
911.0	5.0
912.0	2.0
913.0	4.0
914.0	5.0
915.0	3.0
916.0	8.0
917.0	7.0
918.0	3.0
919.0	3.0
920.0	4.0
921.0	3.0
922.0	2.0
923.0	6.0
924.0	2.0
925.0	7.0
926.0	3.0
927.0	4.0
928.0	4.0
929.0	4.0
930.0	2.0
931.0	1.0
932.0	2.0
933.0	3.0
934.0	4.0
935.0	5.0
936.0	5.0
937.0	1.0
938.0	3.0
939.0	4.0
940.0	2.0
941.0	5.0
942.0	3.0
943.0	3.0
944.0	4.0
945.0	1.0
946.0	5.0
947.0	3.0
948.0	1.0
950.0	1.0
951.0	1.0
953.0	1.0
954.0	2.0
955.0	2.0
956.0	3.0
957.0	1.0
958.0	1.0
959.0	3.0
961.0	1.0
962.0	5.0
964.0	3.0
965.0	2.0
966.0	2.0
967.0	4.0
968.0	2.0
969.0	3.0
974.0	1.0
975.0	2.0
977.0	7.0
978.0	1.0
979.0	3.0
980.0	4.0
981.0	2.0
983.0	1.0
984.0	4.0
986.0	3.0
987.0	2.0
988.0	2.0
989.0	4.0
990.0	1.0
991.0	3.0
992.0	1.0
993.0	1.0
995.0	1.0
996.0	2.0
997.0	1.0
998.0	1.0
999.0	1.0
1003.0	1.0
1004.0	5.0
1005.0	2.0
1006.0	2.0
1007.0	2.0
1008.0	1.0
1009.0	2.0
1011.0	4.0
1013.0	2.0
1015.0	2.0
1017.0	3.0
1019.0	2.0
1020.0	2.0
1021.0	2.0
1022.0	1.0
1023.0	1.0
1024.0	1.0
1025.0	1.0
1026.0	1.0
1030.0	7.0
1032.0	3.0
1033.0	2.0
1034.0	1.0
1035.0	3.0
1037.0	3.0
1038.0	4.0
1040.0	2.0
1042.0	2.0
1043.0	1.0
1044.0	2.0
1046.0	1.0
1048.0	3.0
1049.0	3.0
1050.0	2.0
1051.0	1.0
1052.0	3.0
1053.0	7.0
1054.0	1.0
1055.0	4.0
1056.0	3.0
1057.0	8.0
1058.0	1.0
1059.0	3.0
1060.0	6.0
1061.0	1.0
1062.0	2.0
1063.0	1.0
1064.0	1.0
1065.0	4.0
1066.0	1.0
1067.0	5.0
1068.0	1.0
1069.0	1.0
1070.0	3.0
1071.0	4.0
1072.0	2.0
1073.0	1.0
1074.0	1.0
1075.0	1.0
1076.0	1.0
1078.0	3.0
1079.0	1.0
1080.0	2.0
1083.0	1.0
1084.0	1.0
1085.0	1.0
1086.0	1.0
1087.0	1.0
1088.0	2.0
1089.0	3.0
1091.0	1.0
1092.0	2.0
1093.0	2.0
1094.0	2.0
1095.0	1.0
1096.0	1.0
1097.0	2.0
1098.0	4.0
1099.0	2.0
1100.0	1.0
1101.0	2.0
1102.0	1.0
1103.0	3.0
1104.0	3.0
1105.0	1.0
1106.0	4.0
1107.0	5.0
1108.0	1.0
1109.0	2.0
1110.0	1.0
1111.0	3.0
1112.0	3.0
1113.0	2.0
1115.0	1.0
1117.0	1.0
1121.0	1.0
1122.0	2.0
1127.0	1.0
1129.0	2.0
1130.0	1.0
1131.0	1.0
1132.0	2.0
1134.0	3.0
1135.0	2.0
1136.0	1.0
1137.0	1.0
1139.0	1.0
1140.0	1.0
1141.0	2.0
1142.0	2.0
1143.0	1.0
1144.0	1.0
1145.0	1.0
1146.0	1.0
1148.0	1.0
1150.0	1.0
1152.0	1.0
1155.0	1.0
1156.0	1.0
1157.0	2.0
1160.0	3.0
1163.0	1.0
1167.0	1.0
1172.0	1.0
1181.0	1.0
1183.0	1.0
1186.0	2.0
1193.0	1.0
1207.0	1.0
1209.0	1.0
1213.0	1.0
1217.0	1.0
