#Position (bp)	Coverage	Std
94.0	174.49732620320856	67.56628751497415
281.0	195.71122994652407	20.87254420534979
468.0	193.01069518716577	9.893010550586247
655.0	142.524064171123	25.05480623569102
842.0	173.58288770053477	18.992821610473577
1029.0	212.35828877005346	30.822330262015388
1216.0	377.60427807486633	206.48395983332267
1403.0	194.68449197860963	18.50220394445323
1590.0	215.02673796791444	11.75894243853281
1777.0	202.8235294117647	20.965466895326568
1964.0	210.05347593582889	14.971809517019066
2151.0	213.88235294117646	23.248138330388507
2338.0	184.52941176470588	18.440828916374617
2525.0	196.58823529411765	18.089793854857188
2712.0	189.83957219251337	19.97886583902857
2899.0	205.13903743315507	11.501220581586702
3086.0	224.09625668449198	78.58484294128833
3273.0	523.0213903743315	48.83268389145514
3460.0	420.96256684491976	104.48652140386442
3647.0	188.86096256684493	21.540535100280458
3834.0	188.93582887700535	26.61821578852922
4021.0	203.10695187165774	13.351881038742366
4208.0	215.1283422459893	28.329421980206725
4395.0	200.63101604278074	19.914791750889158
4582.0	220.4866310160428	19.668781420485786
4769.0	213.07486631016042	13.699603803943507
4956.0	191.9572192513369	22.16057104613759
5143.0	209.51871657754012	28.30118759436319
5330.0	212.40641711229947	18.406433425404515
5517.0	215.1283422459893	15.37933887301794
5704.0	185.53475935828877	24.331709466486302
5891.0	191.0	14.273493627029708
6078.0	185.83957219251337	19.497017460103347
6265.0	191.4385026737968	17.834653523692637
6452.0	184.79144385026737	19.995454028808243
6639.0	196.2139037433155	24.358288183050856
6826.0	215.9625668449198	23.660025178428036
7013.0	205.14973262032086	10.850466364210234
7200.0	204.86631016042782	20.68480027863085
7387.0	199.32085561497325	19.417176364443762
7574.0	169.0855614973262	23.87478476538756
7761.0	202.98930481283423	23.131685332248537
7948.0	199.81283422459893	28.117876400290836
8135.0	106.89304812834224	56.890785697916
8322.0	194.58823529411765	17.594055875182224
8509.0	188.2192513368984	11.257558364088444
8696.0	206.14438502673798	12.989712095379854
8883.0	194.0427807486631	14.613743439865278
9070.0	198.13368983957218	14.28865897840195
9257.0	232.68449197860963	29.604523429480007
9444.0	267.3101604278075	86.4263774352341
9631.0	354.58288770053474	117.40411948789219
9818.0	112.75401069518716	55.039752284606095
10005.0	26.807486631016044	13.00699112715228
10192.0	8.144385026737968	1.952648003250696
10379.0	36.27807486631016	21.58108698624843
10566.0	137.12299465240642	49.93969625490414
10753.0	231.63636363636363	48.054781573591235
10940.0	204.7058823529412	24.124676163629637
11127.0	202.524064171123	20.59982866861927
11314.0	197.57754010695186	16.857693145321402
11501.0	202.13903743315507	13.568995801415271
11688.0	209.5133689839572	19.28203286595707
11875.0	200.9625668449198	24.246946993439686
12062.0	211.13903743315507	18.002970640193283
12249.0	217.96791443850267	25.298432662660428
12436.0	216.89304812834226	21.28480163752209
12623.0	215.20855614973263	14.28678758382162
12810.0	179.2673796791444	22.83537924919453
12997.0	120.65775401069519	64.65254729442418
13184.0	187.85561497326202	99.73370961828603
13371.0	79.57754010695187	36.74380154354824
13558.0	171.63101604278074	16.471657719288334
13745.0	196.57754010695186	19.66320704335755
13932.0	201.40106951871658	14.41311791093225
14119.0	218.89304812834226	21.63726237292168
14306.0	206.3101604278075	14.981807149157412
14493.0	212.81283422459893	21.71977585293198
14680.0	207.72192513368984	20.09030415040096
14867.0	203.97860962566844	21.211312691492232
15054.0	197.6042780748663	17.409967026725276
15241.0	183.1283422459893	13.880120821185077
15428.0	207.72192513368984	26.302538459467407
15615.0	216.80748663101605	21.831023404497035
15802.0	245.01069518716577	12.909185056522025
15989.0	213.475935828877	18.049249321495914
16176.0	192.55614973262033	42.07435486015671
16363.0	175.9572192513369	35.81353969755643
16550.0	200.3048128342246	15.287441981997647
16737.0	203.89304812834226	21.644799056660407
16924.0	184.048128342246	46.421343975272706
17111.0	228.55080213903744	19.083128029782397
17298.0	210.85026737967914	23.451964787761693
17485.0	200.98930481283423	22.721871015827283
17672.0	223.96791443850267	25.337191281436198
17859.0	155.33155080213905	38.741429964857055
18046.0	190.55080213903744	19.293677443784905
18233.0	135.8181818181818	36.671471083716405
18420.0	170.33689839572193	14.515158957868529
18607.0	180.24064171122996	18.87490482321859
18794.0	205.8181818181818	20.636528539471584
18981.0	207.85026737967914	20.382308570762895
19168.0	192.88770053475935	22.258568019245537
19355.0	188.93048128342247	22.121927563943924
19542.0	192.09625668449198	13.17285330409174
19729.0	206.7860962566845	23.59336895874626
19916.0	231.28877005347593	14.65321048576414
20103.0	246.94652406417111	25.945335376662378
20290.0	211.1283422459893	17.552213931687948
20477.0	208.05882352941177	14.38229006033725
20664.0	210.951871657754	22.974293935139418
20851.0	213.2941176470588	18.99239926777348
21038.0	194.77005347593584	24.114920936314643
21225.0	182.35828877005346	16.609545609305403
21412.0	218.57754010695186	20.31753279897523
21599.0	189.96791443850267	32.115350253813695
21786.0	188.76470588235293	24.61598107051947
21973.0	179.02139037433156	24.972712380443657
22160.0	209.1657754010695	12.845648881514858
22347.0	185.12299465240642	13.298908322371686
22534.0	152.524064171123	14.355680460964786
22721.0	137.70053475935828	33.4747889810556
22908.0	186.1657754010695	12.900482932551208
23095.0	198.89304812834226	21.159314202972368
23282.0	197.6898395721925	20.76015311165239
23469.0	198.7433155080214	24.697528508709144
23656.0	122.28877005347593	47.07338678399405
23843.0	42.55614973262032	15.749204207041071
24030.0	10.51336898395722	3.7601911431674697
24217.0	16.56149732620321	9.817859966996412
24404.0	108.1283422459893	39.00315358153508
24591.0	184.7326203208556	28.31167254224014
24778.0	105.47058823529412	35.407709363257894
24965.0	23.67379679144385	18.247848016115526
25152.0	5.732620320855615	3.7509357121360454
25339.0	25.62566844919786	14.976452104789665
25526.0	122.39572192513369	38.22652717262116
25713.0	335.620320855615	121.48660276922067
25900.0	172.22994652406416	17.957019392275104
26087.0	213.66310160427807	22.65245438886424
26274.0	193.8342245989305	20.334107696893888
26461.0	194.1818181818182	14.859232532127917
26648.0	189.9625668449198	21.702534414210707
26835.0	219.79144385026737	21.22668585798003
27022.0	227.64171122994654	19.452808658542885
27209.0	221.86096256684493	24.029838848402964
27396.0	201.7807486631016	23.88083159454578
27583.0	189.97860962566844	26.4410351961868
27770.0	184.27272727272728	20.014166106030594
27957.0	195.7379679144385	18.34459223234795
28144.0	206.76470588235293	22.07001498634122
28331.0	219.59893048128342	22.403208326387315
28518.0	220.77540106951872	25.591087185102353
28705.0	196.7326203208556	24.98116937874231
28892.0	178.53475935828877	15.430541282731324
29079.0	178.74866310160428	17.755469143111323
29266.0	184.29946524064172	13.845789336579701
29453.0	184.10160427807486	12.543400591375486
29640.0	173.94117647058823	20.355135735291487
29827.0	178.5668449197861	19.88442542120716
30014.0	209.1283422459893	16.196322286709925
30201.0	215.475935828877	17.787064939005027
30388.0	203.06417112299465	14.323982357858371
30575.0	207.0855614973262	10.259207420575565
30762.0	208.86631016042782	22.41991093686837
30949.0	192.3957219251337	13.683785635006654
31136.0	210.05882352941177	13.846947963881282
31323.0	222.7326203208556	21.732328859260708
31510.0	205.67914438502675	19.24580654373095
31697.0	194.0855614973262	11.66373785493583
31884.0	192.50802139037432	18.990146614736716
32071.0	196.70053475935828	22.57619303555427
32258.0	219.41711229946523	15.097898001515741
32445.0	213.475935828877	18.674670425686813
32632.0	215.97860962566844	23.89336828763033
32819.0	225.20320855614975	12.657140615326645
33006.0	189.97860962566844	23.921551824896913
33193.0	181.97860962566844	22.066622507239337
33380.0	202.55614973262033	20.39673351220517
33567.0	172.24598930481284	17.08331268204477
33754.0	196.7860962566845	23.962872351554623
33941.0	203.40106951871658	18.98592216990547
34128.0	190.33689839572193	17.42731275746558
34315.0	201.22459893048128	12.064443714445943
34502.0	202.10160427807486	14.276865097259543
34689.0	209.45454545454547	18.279762925714447
34876.0	217.24598930481284	14.0406209774765
35063.0	208.4385026737968	18.615731372832382
35250.0	208.28877005347593	15.812741089028906
35437.0	191.7058823529412	20.468836362433663
35624.0	189.44385026737967	20.58385744134886
35811.0	172.9144385026738	19.775072084213264
35998.0	175.32620320855614	15.611595854802612
36185.0	224.09625668449198	20.950667800416852
36372.0	211.62566844919786	18.74883240571376
36559.0	162.79144385026737	28.737610676249325
36746.0	189.81283422459893	21.757044467418318
36933.0	177.81283422459893	19.605466879184583
37120.0	198.46524064171123	19.16031437787035
37307.0	176.6898395721925	17.21847658269673
37494.0	173.6524064171123	17.44326172707232
37681.0	168.55614973262033	21.435639272390343
37868.0	191.47058823529412	17.005189519327264
38055.0	200.7058823529412	22.507515084835973
38242.0	203.58823529411765	17.823855912012828
38429.0	161.84491978609626	22.351590164632604
38616.0	174.64171122994654	28.77145793045338
38803.0	119.58288770053476	31.16790821780949
38990.0	120.39572192513369	27.168222236010244
39177.0	178.06951871657753	19.697308374984903
39364.0	196.7058823529412	20.946838746596946
39551.0	204.6524064171123	22.542888417011167
39738.0	239.8181818181818	22.857732517222246
39925.0	221.62032085561498	18.34167692168485
40112.0	209.18716577540107	11.835548736908674
40299.0	226.3101604278075	18.212500848751468
40486.0	206.08021390374333	16.90552547079944
40673.0	202.90374331550802	24.330720441845745
40860.0	205.16042780748663	20.885094344421855
41047.0	208.7326203208556	24.92362665775994
41234.0	176.54545454545453	26.067477227072757
41421.0	190.40106951871658	17.140189504689985
41608.0	194.13903743315507	11.588303156781734
41795.0	193.15508021390374	11.455563998514647
41982.0	188.13903743315507	13.655031784954941
42169.0	184.85026737967914	22.723989067599508
42356.0	194.86096256684493	22.40905565616424
42543.0	188.36363636363637	18.649884230691185
42730.0	180.59358288770053	17.181167404137117
42917.0	172.8181818181818	21.289700253840973
43104.0	217.99465240641712	23.623155503357864
43291.0	211.25133689839572	15.711469294107271
43478.0	232.02139037433156	18.710287713185018
43665.0	196.0427807486631	14.600197786368055
43852.0	199.6524064171123	19.53223032299105
44039.0	176.99465240641712	20.864728572299295
44226.0	194.79679144385025	19.916939824646985
44413.0	190.7807486631016	20.024583821374428
44600.0	193.8235294117647	19.605194116958895
44787.0	196.4385026737968	20.371023774608503
44974.0	206.94652406417111	23.469629937682488
45161.0	223.7860962566845	20.576841767197966
45348.0	210.84491978609626	24.813529171533066
45535.0	174.89304812834226	23.717477028080765
45722.0	203.5133689839572	30.596214508432073
45909.0	186.03208556149733	10.948591587688838
46096.0	184.91978609625667	20.030992030132428
46283.0	183.27807486631016	15.908495023217643
46470.0	169.71657754010695	19.36947264610563
46657.0	188.84491978609626	21.123522636060287
46844.0	200.10160427807486	16.010858614792966
47031.0	185.41176470588235	19.9270058337254
47218.0	207.8716577540107	25.19039796693613
47405.0	186.83957219251337	29.095086598446837
47592.0	188.9090909090909	22.17395977218794
47779.0	205.1283422459893	16.400730386761758
47966.0	195.89839572192514	28.51671805373387
48153.0	198.63101604278074	19.963871110899806
48340.0	187.01069518716577	25.64191922205456
48527.0	192.20320855614975	13.057667241769979
48714.0	181.75935828877004	18.60524335271922
48901.0	198.31550802139037	18.774912149014366
49088.0	191.1764705882353	16.099789084213228
49275.0	202.47058823529412	17.59891829442044
49462.0	177.80213903743316	65.16544144988424
49649.0	0.0	0.0
49836.0	0.0	0.0
50023.0	0.0	0.0
50210.0	193.6898395721925	46.67162565961495
50397.0	157.40641711229947	26.978105600990226
50584.0	172.72727272727272	19.265385545425836
50771.0	168.67379679144386	23.29145720236553
50958.0	80.9144385026738	28.6432043437918
51145.0	22.144385026737968	13.974193174073061
51332.0	11.88770053475936	6.870459122660563
51519.0	48.1283422459893	28.727746560771056
51706.0	157.58823529411765	33.40178355095768
51893.0	217.67914438502675	45.70797798346478
52080.0	187.3475935828877	13.201442151004319
52267.0	150.03208556149733	9.610043765585674
52454.0	123.29411764705883	16.14539552911118
52641.0	175.86096256684493	30.818860119047788
52828.0	211.09625668449198	14.254373566572536
53015.0	216.8181818181818	20.365904189992037
53202.0	233.72727272727272	22.224787433642362
53389.0	199.10160427807486	16.8797255217565
53576.0	185.01069518716577	7.837589392576689
53763.0	194.93582887700535	22.347402916497987
53950.0	181.0909090909091	11.862176442226886
54137.0	190.19786096256684	21.980788889707817
54324.0	185.49197860962568	24.28507166722696
54511.0	166.8288770053476	36.06581921304466
54698.0	218.46524064171123	19.80047533594617
54885.0	234.06951871657753	12.179144091525503
55072.0	202.63636363636363	21.86651286846485
55259.0	200.01069518716577	11.852028865780479
55446.0	199.19786096256684	18.12051161464456
55633.0	219.62566844919786	19.008441693494408
55820.0	203.35828877005346	20.03246028925657
56007.0	199.19251336898395	19.27440462885411
56194.0	184.15508021390374	14.8594124728212
56381.0	213.44919786096256	24.914613541342277
56568.0	216.86096256684493	27.14715297114047
56755.0	187.28877005347593	13.164528583820502
56942.0	174.28342245989305	15.628884543868137
57129.0	168.27272727272728	15.164516703308381
57316.0	175.72192513368984	20.426338245452776
57503.0	189.13368983957218	12.489995996796797
57690.0	191.2620320855615	13.680268002503619
57877.0	203.86096256684493	38.32809388358183
58064.0	287.1711229946524	17.017135120241026
58251.0	271.06417112299465	17.421788558513228
58438.0	266.2085561497326	18.32446714796033
58625.0	252.3903743315508	24.972926517000996
58812.0	247.40106951871658	19.127352534348848
58999.0	269.94117647058823	25.824997217490967
59186.0	308.7967914438503	28.118732219008045
59373.0	421.951871657754	155.9246870171314
59560.0	602.6042780748663	141.9823179470798
59747.0	332.03743315508024	19.23051830358728
59934.0	320.75935828877004	30.35705522838211
60121.0	336.4438502673797	25.565894728368598
60308.0	315.5080213903743	26.85403205168924
60495.0	354.3850267379679	29.912617837333286
60682.0	336.58288770053474	26.452358547533702
60869.0	359.7754010695187	34.177344968427725
61056.0	319.903743315508	40.613082373701275
61243.0	318.98930481283423	36.072787379197734
61430.0	330.6363636363636	24.74738683336518
61617.0	306.71122994652404	26.011618136418743
61804.0	301.1016042780749	15.961350377782875
61991.0	258.3475935828877	33.921346583098604
62178.0	236.89304812834226	29.713336280888665
62365.0	273.14973262032083	14.691843566403627
62552.0	286.36898395721926	18.278153875348345
62739.0	293.60427807486633	20.27115650613599
62926.0	263.80748663101605	29.75488096391037
63113.0	427.0855614973262	122.1135178018655
63300.0	633.0106951871658	29.374586127474757
63487.0	341.24064171122996	85.08671261190908
63674.0	460.80213903743316	146.83535105980306
63861.0	620.4117647058823	72.9960075093116
64048.0	523.8983957219251	153.12907421186867
64235.0	568.7860962566845	85.21573754379918
64422.0	742.4598930481284	38.67636180623513
64609.0	736.5775401069519	39.015285637414266
64796.0	586.2459893048128	185.94365485476692
64983.0	409.14973262032083	169.80822778828744
65170.0	177.36363636363637	15.039875696380133
65357.0	192.03208556149733	9.608930783502426
65544.0	210.87700534759358	25.106830568123655
65731.0	231.49197860962568	20.980255551223685
65918.0	220.51871657754012	18.23626873365836
66105.0	196.64171122994654	20.282892346140663
66292.0	175.89304812834226	23.258027192283645
66479.0	217.05347593582889	18.005792294418196
66666.0	206.47058823529412	16.673332000533065
66853.0	221.81283422459893	20.660484383800426
67040.0	227.83957219251337	21.95303689417484
67227.0	207.88770053475935	22.803273993285178
67414.0	195.57219251336898	22.98360261805826
67601.0	201.87700534759358	32.04041565420335
67788.0	209.3048128342246	19.599055963295875
67975.0	222.07486631016042	18.89486815991976
68162.0	197.31550802139037	15.023155033672952
68349.0	182.48128342245988	17.03158437463063
68536.0	198.01604278074868	8.69660945672404
68723.0	184.40106951871658	13.790254638499329
68910.0	190.44385026737967	18.323737563302178
69097.0	191.03208556149733	10.78471883860703
69284.0	197.3903743315508	19.277178882514082
69471.0	188.40106951871658	15.49348664252978
69658.0	198.50267379679144	19.353453173338856
69845.0	138.67379679144386	54.33993813950608
70032.0	196.06417112299465	17.904679279645165
70219.0	192.0855614973262	18.947436438568296
70406.0	212.92513368983958	22.924778178762296
70593.0	198.24598930481284	17.923634801344797
70780.0	175.41711229946523	22.144035060712266
70967.0	201.36898395721926	28.40153268440863
71154.0	306.2299465240642	21.8825254435152
71341.0	235.0909090909091	35.40348029660788
71528.0	230.19786096256684	25.11023823405745
71715.0	203.84491978609626	28.252490307159675
71902.0	250.79144385026737	23.28560180319377
72089.0	207.67914438502675	48.50844791081835
72276.0	172.02139037433156	24.29894036113094
72463.0	167.10160427807486	18.99493318311534
72650.0	197.42780748663102	21.92622535432789
72837.0	196.37433155080214	16.325237180021514
73024.0	172.72727272727272	43.2222214584985
73211.0	84.76470588235294	15.708746158823535
73398.0	37.49732620320856	25.269986001447823
73585.0	37.13368983957219	11.180339887498949
73772.0	72.1336898395722	23.846770204743898
73959.0	51.49197860962567	11.212101941497137
74146.0	62.25133689839572	26.172913295510906
74333.0	57.18716577540107	9.5813432793859
74520.0	22.898395721925134	15.327442098518018
74624.0	2.9047619047619047	2.1491969707422394
