#Position (bp)	insert size
94.0	298.2874493927126
281.0	354.13829787234044
468.0	362.2733333333333
655.0	346.49557522123894
842.0	349.8727272727273
1029.0	317.27777777777777
1216.0	255.8804347826087
1403.0	329.6942148760331
1590.0	364.5424836601307
1777.0	338.67664670658684
1964.0	361.7469879518072
2151.0	370.81111111111113
2338.0	308.96153846153845
2525.0	339.016
2712.0	330.3857142857143
2899.0	300.35593220338984
3086.0	288.2567049808429
3273.0	262.63428571428574
3460.0	303.9391304347826
3647.0	353.7062937062937
3834.0	346.9714285714286
4021.0	334.4758064516129
4208.0	329.46285714285716
4395.0	339.93617021276594
4582.0	330.87333333333333
4769.0	350.76521739130436
4956.0	338.231884057971
5143.0	350.537037037037
5330.0	358.36054421768705
5517.0	345.02941176470586
5704.0	356.92105263157896
5891.0	338.5546875
6078.0	346.2096774193548
6265.0	334.3
6452.0	351.76978417266184
6639.0	360.9106145251397
6826.0	359.73571428571427
7013.0	350.0681818181818
7200.0	353.640625
7387.0	343.8231707317073
7574.0	354.9296875
7761.0	341.7867647058824
7948.0	365.6350364963504
8135.0	360.1007751937984
8322.0	339.5851851851852
8509.0	321.25233644859816
8696.0	323.530303030303
8883.0	351.4971098265896
9070.0	346.5234375
9257.0	352.96629213483146
9444.0	304.08068459657704
9631.0	0.0
9818.0	0.0
10005.0	0.0
10192.0	544.5
10379.0	403.6744186046512
10566.0	338.44444444444446
10753.0	327.8521126760563
10940.0	331.9754098360656
11127.0	339.5038167938931
11314.0	343.0792682926829
11501.0	335.496
11688.0	344.536231884058
11875.0	328.80575539568343
12062.0	347.00621118012424
12249.0	342.92763157894734
12436.0	350.8355263157895
12623.0	360.4375
12810.0	348.3525179856115
12997.0	334.33009708737865
13184.0	328.5813953488372
13371.0	344.544
13558.0	330.3103448275862
13745.0	322.0886075949367
13932.0	336.5131578947368
14119.0	348.1283783783784
14306.0	322.6938775510204
14493.0	332.65671641791045
14680.0	357.44654088050316
14867.0	335.90076335877865
15054.0	342.29357798165137
15241.0	356.7410071942446
15428.0	351.85393258426967
15615.0	344.93939393939394
15802.0	344.30285714285714
15989.0	344.491935483871
16176.0	345.0
16363.0	342.8151260504202
16550.0	373.55357142857144
16737.0	371.57142857142856
16924.0	366.46315789473687
17111.0	347.9310344827586
17298.0	347.771186440678
17485.0	337.1616766467066
17672.0	385.51785714285717
17859.0	360.0877192982456
18046.0	376.29787234042556
18233.0	323.65384615384613
18420.0	344.09655172413795
18607.0	350.37692307692305
18794.0	330.64864864864865
18981.0	358.50993377483445
19168.0	353.1651376146789
19355.0	343.6171875
19542.0	361.1788079470199
19729.0	369.98823529411766
19916.0	351.35
20103.0	342.5491329479769
20290.0	363.2834645669291
20477.0	330.46875
20664.0	326.23030303030305
20851.0	323.3259259259259
21038.0	333.525
21225.0	368.48
21412.0	361.2280701754386
21599.0	326.4646464646465
21786.0	381.19018404907973
21973.0	326.1641791044776
22160.0	339.31451612903226
22347.0	341.5086206896552
22534.0	361.18095238095236
22721.0	339.5648854961832
22908.0	341.25
23095.0	342.72185430463577
23282.0	346.96992481203006
23469.0	335.9770992366412
23656.0	0.0
23843.0	0.0
24030.0	582.1666666666666
24217.0	465.6170212765957
24404.0	370.4674556213018
24591.0	346.6025641025641
24778.0	0.0
24965.0	0.0
25152.0	633.8571428571429
25339.0	465.8235294117647
25526.0	332.58653846153845
25713.0	322.49342105263156
25900.0	330.78767123287673
26087.0	350.04635761589407
26274.0	356.8976377952756
26461.0	338.4108527131783
26648.0	353.0
26835.0	362.3101265822785
27022.0	333.9583333333333
27209.0	342.3313253012048
27396.0	355.34313725490193
27583.0	351.125
27770.0	341.14285714285717
27957.0	354.75892857142856
28144.0	370.42051282051284
28331.0	353.87068965517244
28518.0	346.10869565217394
28705.0	289.3032786885246
28892.0	351.79831932773106
29079.0	325.5652173913044
29266.0	348.06299212598424
29453.0	345.96923076923076
29640.0	347.9561403508772
29827.0	352.8380281690141
30014.0	349.2739726027397
30201.0	353.16339869281046
30388.0	366.9925373134328
30575.0	346.0314960629921
30762.0	347.32394366197184
30949.0	336.4318181818182
31136.0	351.08383233532936
31323.0	338.16541353383457
31510.0	358.15909090909093
31697.0	345.9830508474576
31884.0	335.24183006535947
32071.0	340.32214765100673
32258.0	321.88275862068963
32445.0	347.25342465753425
32632.0	342.3072289156627
32819.0	346.80575539568343
33006.0	361.3628318584071
33193.0	331.90909090909093
33380.0	347.938202247191
33567.0	357.8965517241379
33754.0	357.12418300653593
33941.0	357.1296296296296
34128.0	351.84415584415586
34315.0	349.6474820143885
34502.0	323.4890510948905
34689.0	350.5655737704918
34876.0	337.92528735632186
35063.0	348.984
35250.0	350.3840579710145
35437.0	344.99310344827586
35624.0	360.89166666666665
35811.0	324.14953271028037
35998.0	356.16
36185.0	325.55
36372.0	363.0508474576271
36559.0	327.0081300813008
36746.0	330.34507042253523
36933.0	347.0149253731343
37120.0	321.10833333333335
37307.0	327.53125
37494.0	323.1869918699187
37681.0	329.4353741496599
37868.0	328.6929133858268
38055.0	324.7925925925926
38242.0	331.57894736842104
38429.0	331.20454545454544
38616.0	337.7631578947368
38803.0	351.54545454545456
38990.0	325.0921985815603
39177.0	362.82142857142856
39364.0	344.8529411764706
39551.0	336.4259259259259
39738.0	347.2083333333333
39925.0	350.6350364963504
40112.0	349.76162790697674
40299.0	359.57342657342656
40486.0	357.9406779661017
40673.0	347.27329192546586
40860.0	359.5806451612903
41047.0	347.6546762589928
41234.0	332.7383177570093
41421.0	349.14666666666665
41608.0	324.43382352941177
41795.0	351.2079207920792
41982.0	342.47286821705427
42169.0	347.97037037037035
42356.0	340.3263888888889
42543.0	325.92783505154637
42730.0	347.7482014388489
42917.0	348.5
43104.0	331.11229946524065
43291.0	350.60215053763443
43478.0	345.96894409937886
43665.0	334.8285714285714
43852.0	335.87704918032784
44039.0	338.0390625
44226.0	349.7857142857143
44413.0	332.2888888888889
44600.0	344.56310679611653
44787.0	352.5632911392405
44974.0	346.5933333333333
45161.0	331.05405405405406
45348.0	338.3939393939394
45535.0	346.4957264957265
45722.0	364.22222222222223
45909.0	368.7130434782609
46096.0	330.22033898305085
46283.0	349.70454545454544
46470.0	342.1782945736434
46657.0	329.655737704918
46844.0	354.1320754716981
47031.0	330.968992248062
47218.0	341.4765100671141
47405.0	339.9830508474576
47592.0	351.1842105263158
47779.0	360.8993288590604
47966.0	346.13793103448273
48153.0	341.63576158940396
48340.0	347.65346534653463
48527.0	341.5032258064516
48714.0	315.8796296296296
48901.0	333.4344827586207
49088.0	321.2477064220183
49275.0	267.9264705882353
49462.0	733.5333333333333
49649.0	0.0
49836.0	0.0
50023.0	0.0
50210.0	328.63398692810455
50397.0	365.9925925925926
50584.0	345.1459854014599
50771.0	325.864406779661
50958.0	0.0
51145.0	712.0
51332.0	535.3913043478261
51519.0	386.1929824561403
51706.0	352.5104895104895
51893.0	326.03937007874015
52080.0	319.6601941747573
52267.0	289.025
52454.0	333.9021739130435
52641.0	366.8378378378378
52828.0	355.5189873417722
53015.0	353.09859154929575
53202.0	335.1617647058824
53389.0	349.44615384615383
53576.0	321.844262295082
53763.0	327.68888888888887
53950.0	335.0458015267176
54137.0	342.609756097561
54324.0	369.50375939849624
54511.0	340.4569536423841
54698.0	345.56849315068496
54885.0	347.59627329192546
55072.0	348.9296875
55259.0	355.6015625
55446.0	356.76073619631904
55633.0	332.5590551181102
55820.0	301.27777777777777
56007.0	358.4159292035398
56194.0	347.2671232876712
56381.0	340.44444444444446
56568.0	348.7844827586207
56755.0	345.8861788617886
56942.0	342.0840336134454
57129.0	325.2795698924731
57316.0	345.15384615384613
57503.0	359.2974683544304
57690.0	344.72
57877.0	322.5430107526882
58064.0	339.1219512195122
58251.0	341.0416666666667
58438.0	329.5405405405405
58625.0	323.66265060240966
58812.0	321.2390243902439
58999.0	332.7916666666667
59186.0	334.4848484848485
59373.0	284.1907894736842
59560.0	382.9915611814346
59747.0	342.6909871244635
59934.0	335.0687830687831
60121.0	356.44223107569724
60308.0	329.7674418604651
60495.0	349.73553719008265
60682.0	347.59191176470586
60869.0	347.08482142857144
61056.0	331.679012345679
61243.0	336.22477064220186
61430.0	335.03930131004364
61617.0	347.62857142857143
61804.0	338.6214953271028
61991.0	341.7083333333333
62178.0	411.64397905759165
62365.0	362.0
62552.0	357.4640883977901
62739.0	343.0949720670391
62926.0	634.6958525345622
63113.0	326.2676056338028
63300.0	357.3276836158192
63487.0	340.02358490566036
63674.0	327.14519427402865
63861.0	343.4256926952141
64048.0	341.89473684210526
64235.0	345.4869976359338
64422.0	347.5441412520064
64609.0	313.05479452054794
64796.0	259.4854368932039
64983.0	314.80645161290323
65170.0	330.2604166666667
65357.0	334.5964912280702
65544.0	370.06779661016947
65731.0	351.4642857142857
65918.0	352.0
66105.0	370.1118421052632
66292.0	335.9384615384615
66479.0	333.0748299319728
66666.0	357.0206896551724
66853.0	338.01360544217687
67040.0	327.0223463687151
67227.0	342.9527559055118
67414.0	366.140350877193
67601.0	343.2012987012987
67788.0	338.301775147929
67975.0	323.1578947368421
68162.0	359.75
68349.0	357.443661971831
68536.0	361.2421875
68723.0	328.2135922330097
68910.0	344.2517006802721
69097.0	353.6764705882353
69284.0	345.63492063492066
69471.0	333.42962962962963
69658.0	324.02836879432624
69845.0	362.176
70032.0	365.1388888888889
70219.0	345.3533834586466
70406.0	361.3030303030303
70593.0	371.7730496453901
70780.0	373.21487603305786
70967.0	345.9835164835165
71154.0	341.59583333333336
71341.0	319.9130434782609
71528.0	330.0169491525424
71715.0	307.49723756906076
71902.0	355.48979591836735
72089.0	292.0495867768595
72276.0	341.2857142857143
72463.0	363.5326086956522
72650.0	349.67539267015707
72837.0	331.13274336283183
73024.0	298.38461538461536
73211.0	357.92727272727274
73398.0	396.625
73585.0	343.9736842105263
73772.0	318.6
73959.0	297.54285714285714
74146.0	274.6875
74333.0	126.32142857142857
74520.0	0.0
74624.0	0.0
