#Position (bp)	Coverage	Std
6876.0	66.01687150025452	13.091247927813022
20627.0	63.47516544251327	13.042949698349856
34378.0	62.064358955712315	11.459670551986251
48129.0	63.81041378808814	14.648538047645369
61880.0	42.19038615373427	35.55585391644304
75631.0	69.02079848738273	10.96057021045119
89382.0	62.862264562577266	15.194338974674674
103133.0	65.84590211620973	16.214447186948977
116884.0	63.828012508181224	14.159505662658715
130635.0	67.19256781324995	13.458679832427634
144386.0	63.21496618427751	13.25446427483423
158137.0	66.62482728528835	14.836009982613378
171888.0	64.55617773252854	13.614320402442493
185639.0	64.22740164351684	12.678185312122656
199390.0	63.431968584102975	12.835525273215072
213141.0	61.53377936150098	14.741552124129745
226892.0	64.56243182314013	14.03529838501157
240643.0	63.10304705112355	11.464479739071729
254394.0	63.98167406006836	15.636571346189513
268145.0	61.31408624827285	12.803227085745897
281896.0	67.21285724674568	13.039439399606497
295647.0	64.76830775943567	29.388500306381122
309398.0	60.661042833248494	14.52759367929469
323149.0	60.86946403897898	14.268990907555073
336900.0	64.35801032652171	12.985461458641725
350651.0	63.548469202239836	14.050947741228432
364402.0	62.24041887862701	11.80589874367079
378153.0	64.55043269580395	14.947577657015954
391904.0	63.68867718711366	14.792413742420742
405655.0	62.98363755363246	14.77014394672957
419406.0	65.04821467529634	12.081174070678804
433157.0	58.04974183695731	11.817719643138155
446908.0	59.304850556323174	11.989114035489612
460659.0	60.45713039051705	13.535391435864922
474410.0	58.84444767653262	15.53617626345828
488161.0	63.189658933895714	10.535536410290133
501912.0	63.35582866700604	11.997781774470548
515663.0	59.91811504617846	15.24078909517067
529414.0	62.50294524034616	13.066682855955424
543165.0	63.521343902261656	14.24660478660104
556916.0	60.1080648680096	11.25014887707631
570667.0	60.880663224492764	16.06884459778847
584418.0	58.91913315395244	23.448188427733726
598169.0	63.51167187840884	13.599732744083378
611920.0	60.662351828957895	13.429659561769329
625671.0	56.84946549341866	14.181195984133256
639422.0	58.43611373718275	12.603489133242336
653173.0	61.03228856083194	10.850254364777804
666924.0	61.94865827939786	14.508000345705113
680675.0	62.32397643807723	12.39316060522596
694426.0	60.939568031415895	14.741347397838986
708177.0	63.264417133299396	12.063497071860748
721928.0	60.58068504108792	12.889073235013354
735679.0	58.41604246963857	15.77777046574562
749430.0	57.34513853537924	12.663426615476276
763181.0	59.78583375754491	19.099572972498656
776932.0	56.01032652170751	24.97178685835255
790683.0	58.12886335539233	24.574236482213077
804434.0	45.85462875427242	28.07653916506029
818185.0	58.02639808013963	16.257381422936966
831936.0	63.05119627663443	11.452748251545215
845687.0	63.21489346229365	11.254466061382592
859438.0	57.60737400916297	13.054642020290848
873189.0	56.99927278016144	14.155216525995836
886940.0	60.397134753836085	13.241825345366921
900691.0	57.22587448185587	10.768006652816814
914442.0	57.769980365064356	13.97798949208039
928193.0	57.20914842556905	11.110000631326303
941944.0	56.20107628536106	20.319078603026757
955695.0	56.86742782343102	13.848878414886231
969446.0	57.92436913679005	13.654898671418644
983197.0	56.020653043415024	11.162063700796995
996948.0	55.904443313213584	14.991326607867235
1010699.0	60.38142680532325	12.18993744610711
1024450.0	57.939131699512764	14.954448081320663
1038201.0	55.61042833248491	12.97361430073146
1051952.0	61.27845247618355	12.752076150547843
1065703.0	59.63522652897971	13.309036901257619
1079454.0	59.158897534724744	12.555399742196588
1093205.0	55.65646134826558	13.65816826382241
1106956.0	57.46709330230529	11.745882169748006
1120707.0	55.74161879136063	13.898669202466568
1134458.0	56.913460839211695	13.704261296724285
1148209.0	57.04145153079776	10.442503893789706
1161960.0	58.892589629845105	14.50401482613173
1175711.0	54.379317867791436	11.233922002728034
1189462.0	55.27176205366882	10.622385162505411
1203213.0	56.72881972220202	13.709415614953354
1216964.0	57.71507526725329	13.392479956319098
1230715.0	54.177950694494946	11.037836303682434
1244466.0	56.37459093884081	13.024598712585428
1258217.0	57.671369354956006	13.4467736834123
1271968.0	57.32630354156061	12.172436319351126
1285719.0	58.408770271253	11.935583291079281
1299470.0	55.24063704457858	12.227624418656095
1313221.0	54.9466220638499	13.985541637055997
1326972.0	57.319976728965166	10.71899623224548
1340723.0	57.47894698567377	11.81115804204791
1354474.0	58.259326594429496	11.370109843883386
1368225.0	58.56897680168715	13.370494598519231
1381976.0	57.70453057959421	13.681862729726255
1395727.0	58.086830048723726	9.423970168135634
1409478.0	53.34113882626718	16.83226052988282
1423229.0	59.195476692604174	10.953189747563705
1436980.0	57.254526943495016	11.599691052837196
1450731.0	54.56374081884954	12.257687010374443
1464482.0	58.60991927859792	12.724722055042369
1478233.0	57.13366300632681	9.856430667887434
1491984.0	57.834412042760526	13.737225573094324
1505735.0	57.3013599010981	11.49978894621886
1519486.0	52.41458802996146	11.494709839813494
1533237.0	54.75929023343757	13.566686324220631
1546988.0	57.158970256708606	10.519596736427443
1560739.0	56.06952221656607	9.919870219733264
1574490.0	56.6649698203767	12.406206909974479
1588241.0	57.91215184350229	28.46833718524738
1601992.0	51.77310741037015	13.697830934933203
1615743.0	55.62904516035197	12.731681041039083
1629494.0	49.73405570503964	20.252450066401718
1643245.0	54.32943058686641	11.786645987499783
1656996.0	54.25198167406007	11.13544382718622
1670747.0	54.13948076503527	10.3271059076537
1684498.0	53.12609992000582	11.392693692268287
1698249.0	55.85884662933605	14.277038567815453
1712000.0	55.19620391244273	10.929238688421387
1725751.0	53.313722638353575	11.669524636870493
1739502.0	54.95949385499237	13.938312728038621
1753253.0	53.78990618864083	13.814840900399032
1767004.0	54.3890626136281	11.590916978843515
1780755.0	53.60701039924369	13.55669097766784
1794506.0	51.45407606719511	12.235359476766796
1808257.0	54.405279616027926	11.925187370073436
1822008.0	53.9408770271253	15.613197746093805
1835759.0	55.74845465784306	13.297661235804945
1849510.0	57.514798923714636	12.252337454845517
1863261.0	54.22376554432405	9.902675256617218
1877012.0	36.21714784379318	28.695049423060745
1890763.0	15.924005526870774	25.753334493032146
1904514.0	180.9970183986619	163.99740127705448
1918265.0	59.549196422078396	60.12203307585109
1932016.0	49.65878845174896	17.71114146615158
1945767.0	83.9008072140208	115.00179337337497
1959518.0	186.2632535815577	202.71425422924435
1973269.0	51.23460111991855	24.756403205489104
1987020.0	54.15227983419388	11.330517502016436
2000771.0	53.174023707366736	10.457653613001384
2014522.0	54.68460475601774	12.798276032002004
2028273.0	54.41873318304123	12.067321401218473
2042024.0	54.72816522434732	12.415775444666004
2055775.0	53.97912879063341	13.831943733343035
2069526.0	56.423387390008	11.961276696405983
2083277.0	52.969311322812885	18.668126460125407
2097028.0	54.453567013308124	12.055509987866904
2110779.0	51.251472620173075	10.294507001752628
2124530.0	46.261944585848305	18.806212370821928
2138281.0	50.89993455021453	12.806688561353312
2152032.0	56.802632535815576	14.241593825527225
2165783.0	58.37502727074395	12.373848928248057
2179534.0	54.86822776525344	13.970524359129387
2193285.0	55.117300559959276	10.04395112057144
2207036.0	53.44047705621409	11.219292239811788
2220787.0	52.12253654279689	9.553583731346396
2234538.0	54.58933895716675	11.906078646996017
2248289.0	56.42229656025016	11.239976263105337
2262040.0	55.90247981964948	13.60439212638163
2275791.0	57.458657552178025	12.775965431464853
2289542.0	56.05265071631154	12.177997137567314
2303293.0	59.833103047051125	14.710554280621427
2317044.0	55.88015417060578	13.75574400223596
2330795.0	42.60366518798633	23.43604799395298
2344546.0	52.92793251399898	13.98717427816241
2358297.0	50.00276343538652	10.294916714537383
2372048.0	54.028943349574575	9.955737982896514
2385799.0	54.212639080794126	10.197646815897075
2399550.0	53.369282234019344	11.707181764417115
2413301.0	57.36615518871355	12.400941948501089
2427052.0	55.145880299614575	10.428336395871384
2440803.0	58.35415606137735	11.583881634522957
2454554.0	49.610864664388046	19.514684777605588
2468305.0	55.46432986691877	24.585359368541738
2482056.0	52.57552178023416	17.40113935736616
2495807.0	21.536324630935933	27.934735172047482
2509558.0	49.84401134462948	20.094202190570158
2523309.0	54.8912806341357	14.237362619672448
2537060.0	58.69711293724093	13.064217128493512
2550811.0	51.05235982837612	15.80833174257979
2564562.0	54.858337575449056	13.318819519206961
2578313.0	58.324921823867356	11.352728516425175
2592064.0	57.528325212711806	13.165562979921715
2605815.0	57.61413715366155	12.696395484307432
2619566.0	56.57748527379827	13.077144498681692
2633317.0	57.340993382299466	11.341811185549552
2647068.0	58.87331830412334	14.245890136812246
2660819.0	54.231183186677335	10.772405674688967
2674570.0	50.89164424405498	16.34996731399309
2688321.0	54.9313504472402	14.897716867254623
2702072.0	56.027634353865174	9.43490996237427
2715823.0	56.42113300850847	11.015445882782474
2729574.0	51.34368409570213	11.312075726063771
2743325.0	56.40949749109156	12.106549486529357
2757076.0	54.047632899425494	9.016222582274484
2770827.0	56.009817467820525	9.848267080181323
2784578.0	57.8912806341357	15.15239292230463
2798329.0	55.732964875281795	14.01517768134262
2812080.0	58.28063413569922	12.4039352769841
2825831.0	57.31437713620828	11.599067240363944
2839582.0	55.05221438440841	16.55655405630878
2853333.0	56.911279179696024	14.975205552011442
2867084.0	55.712093665915205	13.227909949382498
2880835.0	55.827430732310376	12.919521764178523
2894586.0	57.912442731437714	14.422779919707542
2908337.0	54.114391680605046	10.860577744053167
2922088.0	58.84175696312995	14.577917258220426
2935839.0	59.38818994982183	11.651254316472391
2949590.0	59.58541197003854	13.88969291219095
2963341.0	61.22820158533925	11.220416787744515
2977092.0	57.16129736019199	10.77000551019125
2990843.0	57.24580030543233	11.740742287113012
3004594.0	56.84219329503309	14.667356131997463
3018345.0	58.20318522289288	12.044598721997192
3032096.0	53.231328630645045	20.978201526278255
3045847.0	62.229583303032506	11.376094822730327
3059598.0	55.90727947058396	20.314142562375253
3073349.0	59.19787651807141	10.75679334238091
3087100.0	60.027925241800595	14.376719337345598
3100851.0	58.026761690058905	11.46921716297441
3114602.0	60.9885099265508	14.224651225754675
3128353.0	61.87208203039779	15.30683436382528
3142104.0	57.143262308195766	10.467579141110543
3155855.0	61.077667078757905	10.488858101834348
3169606.0	60.75550869027707	14.142500716694611
3183357.0	59.54861464620755	12.973370464592014
3197108.0	59.97738346302087	15.032304679809391
3210859.0	59.05745036724602	10.626249087066823
3224610.0	60.130026907134024	10.82974260308628
3238361.0	56.29954185150171	21.105248926563263
3252112.0	60.25059995636681	13.123366467356993
3265863.0	62.51094465857029	14.454475414248948
3279614.0	59.11199185513781	10.954298461733755
3293365.0	60.64468038688096	13.734377218914876
3307116.0	57.61595520325795	18.67695940055564
3320867.0	63.472765617046036	12.858428182818583
3334618.0	58.73412842702349	24.012464038601887
3348369.0	50.267326012653626	25.57838540103062
3362120.0	60.564977092575084	13.119082256374083
3375871.0	62.10122900152716	10.64973779646452
3389622.0	60.64409861101011	13.423349571647096
3403373.0	57.344920369427676	20.802148963462237
3417124.0	61.10348338302669	10.84931264656504
3430875.0	62.00458148498291	10.827170443355376
3444626.0	66.98581921314813	15.857427378182217
3458377.0	64.84655661406443	15.6703667987572
3472128.0	61.61370082175842	13.643091801137382
3485879.0	62.890698858264855	15.572277241493241
3499630.0	63.966256999490945	15.525418363877577
3513381.0	61.417860519234964	12.876999037454448
3527132.0	59.5225801759872	13.207021753807927
3540883.0	57.01308995709403	10.806581219717561
3554634.0	65.41117009672024	13.569923580340916
3568385.0	63.868954985091996	16.09289627289473
3582136.0	63.980365064358956	15.34506975329213
3595887.0	62.206384990182535	11.992543680125369
3609638.0	64.08232128572467	11.446800174612537
3623389.0	64.14195331248636	10.431819076619725
3637140.0	59.418151407170384	12.294095715824598
3650891.0	61.16616973311032	13.500032994193102
3664642.0	62.15220711221002	12.738307966731023
3678393.0	67.55239618936804	13.637099210409609
3692144.0	63.80794124063704	14.170163805963345
3705895.0	60.854119700385425	14.692115737818881
3719646.0	61.42156934041161	13.379343626145587
3733397.0	61.23096502072576	11.000284273172738
3747148.0	64.7075121809323	14.157923713200647
3760899.0	63.58861173732819	15.03604376734984
3774650.0	60.774198240127994	15.696836066458516
3788401.0	61.563086320994834	20.1999963278995
3802152.0	63.08850265435241	11.609745792542764
3815903.0	62.87695440331612	14.70201186194896
3829654.0	65.82103119773107	16.058056349783406
3843405.0	61.56621336630063	13.684214508359055
3857156.0	64.52905243255036	13.339257343954909
3870907.0	65.93535015635227	15.194006335445623
3884658.0	71.10246527525271	33.44950183711326
3898409.0	63.69085884662934	15.035934945469354
3912160.0	62.01069013162679	10.183720669715326
3925911.0	61.84372045669406	16.399760636503906
3939662.0	67.42084212057306	14.567257918787915
3953413.0	65.4544396771144	14.409480129118032
3967164.0	68.11453712457276	13.650866516201575
3980915.0	65.63122681986765	15.100254019124208
3994666.0	65.58533924805468	13.815662067461732
4008417.0	66.37495454876009	12.686333539941359
4022168.0	64.96552977965239	15.276985932383443
4035919.0	67.36673696458439	13.137018947118833
4049670.0	60.80066904225147	15.221349385942634
4063421.0	61.711366446076646	13.686921874999273
4077172.0	68.85804668751364	15.727806611451392
4090923.0	100.26681695876664	121.66818149932833
4104674.0	66.04945094902189	10.459725684352279
4118425.0	66.1658788451749	11.328363977747804
4132176.0	67.54774198240128	15.345908552955931
4145927.0	68.67805977747074	15.010029856438635
4159678.0	67.92655079630572	16.541077007413858
4173429.0	64.77834339320776	21.474398880684472
4187180.0	66.09955639589847	16.67608828795271
4200931.0	65.26274452767072	11.898841555744006
4214682.0	69.43153225219984	13.099519498721119
4228433.0	65.77703439749837	17.511617636192298
4242184.0	68.20623954621482	11.873432594275112
4255935.0	66.67442367827795	14.765606170789795
4269686.0	68.23249218238674	12.581200154928585
4283437.0	60.749545487600905	24.82231232772894
4297188.0	66.58563013599012	13.737477025805822
4310939.0	36.885462875427244	36.66001045839576
4324690.0	3.3215038906261363	26.378891222267278
4338441.0	43.23416478801542	33.96503268904058
4352192.0	69.86655515962475	16.972653789441505
4365943.0	70.82088575376336	15.246745194865714
4379694.0	66.60730128717911	13.716707402256937
4393445.0	68.36121009381137	12.591464511605256
4407196.0	71.57668533197585	14.429711226075248
4420947.0	69.03010690131627	13.486446033025224
4434698.0	70.77957966693332	14.933333051968527
4448449.0	67.35706494073159	13.25959599854578
4462200.0	73.393644098611	24.346497598485662
4475951.0	66.01556250454513	11.402124177105216
4489702.0	70.2169296778416	12.700693445308778
4503453.0	64.59421133008509	24.24760014949856
4517204.0	69.96400261799143	16.443053523082924
4530955.0	71.93011417351465	17.25040484064141
4544706.0	70.26107192204203	12.164915318870644
4558457.0	73.6071558432114	15.283598842268022
4572208.0	76.90560686495527	15.736769575125843
4585959.0	69.5905752308923	16.245001692649414
4599710.0	75.72445640317068	16.18125327664961
4613461.0	71.7120936659152	15.943985561559884
4627212.0	68.83652098029235	16.332974419190652
4640963.0	66.33793905897753	12.04807896808958
4654714.0	63.32310377427096	23.753302975066276
4668465.0	68.89928005235983	16.200537684856414
4682216.0	67.38622645625773	14.268055668233659
4695967.0	41.95389426223547	35.74043762373215
4709718.0	69.6807504908734	14.869326335866605
4723469.0	69.03345211257363	10.78879419303318
4737220.0	70.78859719293142	15.494686279078465
4750971.0	65.25147262017308	11.37504000701006
4764722.0	68.15082539451676	17.25515103016103
4778473.0	67.4246963857174	14.947833074423453
4792224.0	67.20893025961749	13.431018665049855
4805975.0	71.32244927641626	12.952083001435206
4819726.0	69.48149225510872	14.747110712951367
4833477.0	69.0305432332194	12.417362651047162
4847228.0	66.38629917824159	13.820561735915087
4860979.0	65.42149661842775	12.894415236642596
4874730.0	63.75798123772817	14.672125033538311
4888481.0	70.76038106319541	21.83310799579431
4902232.0	61.79594211330085	14.882349559544657
4915983.0	62.380335975565416	12.054728784744192
4929734.0	61.01367173296487	10.658778338471942
4943485.0	68.27554359682932	13.332457307657858
4957236.0	63.941167915060724	16.910042310508985
4970987.0	58.93607737619082	23.82069775996302
4984738.0	66.1755508690277	12.084026951589307
4998489.0	66.66547887426368	15.891970403095115
5012240.0	69.58381208639372	13.558485213001513
5025991.0	68.32324921823867	11.960702142977901
5039742.0	65.72271107555814	14.555129425632112
5053493.0	68.44891280634135	13.310386466931082
5067244.0	66.33430295978474	14.107462833530601
5076613.5	62.94306335204491	14.303882078023607
5083489.0	0.0	0.0
5094746.0	40.82430368700458	86.00207847065461
5108497.0	56.09941095193077	91.9822711225273
5122248.0	23.949312777252562	68.3404118901588
5135999.0	0.008508472111119192	0.13016997441185377
5149750.0	0.0	0.0
5163501.0	0.0	0.0
5177252.0	0.0	0.0
5191003.0	0.0	0.0
5204754.0	0.5138535379245146	3.8863948794348646
5218505.0	0.0	0.0
5232256.0	3.02072576539888	20.952687803063405
5246007.0	0.0	0.0
5255740.0	0.0	0.0
5262615.5	76.3862618218019	91.80826672866259
5273509.0	0.3566286088284488	4.615355386648553
5287260.0	0.0	0.0
5301011.0	0.0	0.0
5314762.0	0.0	0.0
5328513.0	0.0	0.0
5342264.0	5.64475310886481	33.06138966942681
5356015.0	0.0	0.0
5369766.0	0.0	0.0
5383517.0	0.18689549850919934	2.544777527084014
5397268.0	0.0	0.0
5411019.0	0.008290306159552032	0.22302878055827727
5421994.0	0.0	0.0
5428869.5	37.33933717579251	73.37638353000483
5438521.0	53.69027707075849	97.39062865704548
5452272.0	221.24172787433642	78.3708034768804
5464002.0	151.03491605726646	124.38645386967397
5470877.5	355.11479465611086	91.87108839418045
5479774.0	324.0946840229802	40.06542627581894
5493417.0	303.91444403398594	44.54124241174486
