#Coverage	Number of genomic locations
0.0	1598.0
1.0	294.0
2.0	273.0
3.0	121.0
4.0	126.0
5.0	61.0
6.0	59.0
7.0	143.0
8.0	47.0
9.0	84.0
10.0	62.0
11.0	66.0
12.0	45.0
13.0	35.0
14.0	52.0
15.0	48.0
16.0	21.0
17.0	37.0
18.0	34.0
19.0	20.0
20.0	21.0
21.0	8.0
22.0	13.0
24.0	16.0
25.0	8.0
26.0	36.0
27.0	38.0
28.0	52.0
29.0	74.0
30.0	92.0
31.0	69.0
32.0	86.0
33.0	75.0
34.0	86.0
35.0	75.0
36.0	96.0
37.0	129.0
38.0	203.0
39.0	202.0
40.0	249.0
41.0	247.0
42.0	299.0
43.0	268.0
44.0	397.0
45.0	384.0
46.0	528.0
47.0	503.0
48.0	472.0
49.0	590.0
50.0	672.0
51.0	649.0
52.0	627.0
53.0	795.0
54.0	774.0
55.0	959.0
56.0	1020.0
57.0	1148.0
58.0	1228.0
59.0	1284.0
60.0	1350.0
61.0	1458.0
62.0	1656.0
63.0	1680.0
64.0	1717.0
65.0	1773.0
66.0	1822.0
67.0	1872.0
68.0	1893.0
69.0	2005.0
70.0	2097.0
71.0	2094.0
72.0	2015.0
73.0	2130.0
74.0	2237.0
75.0	2352.0
76.0	2393.0
77.0	2281.0
78.0	2323.0
79.0	2161.0
80.0	2230.0
81.0	2246.0
82.0	2153.0
83.0	2178.0
84.0	2377.0
85.0	2361.0
86.0	2261.0
87.0	2332.0
88.0	2317.0
89.0	2465.0
90.0	2489.0
91.0	2683.0
92.0	2520.0
93.0	2545.0
94.0	2631.0
95.0	2600.0
96.0	2499.0
97.0	2361.0
98.0	2400.0
99.0	2432.0
100.0	2389.0
101.0	2272.0
102.0	2068.0
103.0	2175.0
104.0	2003.0
105.0	1796.0
106.0	1711.0
107.0	1728.0
108.0	1780.0
109.0	1765.0
110.0	1803.0
111.0	1629.0
112.0	1687.0
113.0	1460.0
114.0	1533.0
115.0	1378.0
116.0	1350.0
117.0	1247.0
118.0	1211.0
119.0	1270.0
120.0	1208.0
121.0	1218.0
122.0	1194.0
123.0	1000.0
124.0	1015.0
125.0	1004.0
126.0	912.0
127.0	865.0
128.0	774.0
129.0	842.0
130.0	831.0
131.0	747.0
132.0	701.0
133.0	620.0
134.0	627.0
135.0	596.0
136.0	546.0
137.0	521.0
138.0	584.0
139.0	466.0
140.0	407.0
141.0	431.0
142.0	432.0
143.0	413.0
144.0	387.0
145.0	388.0
146.0	349.0
147.0	336.0
148.0	327.0
149.0	298.0
150.0	280.0
151.0	259.0
152.0	212.0
153.0	237.0
154.0	218.0
155.0	213.0
156.0	183.0
157.0	226.0
158.0	207.0
159.0	205.0
160.0	211.0
161.0	156.0
162.0	150.0
163.0	145.0
164.0	122.0
165.0	120.0
166.0	122.0
167.0	121.0
168.0	106.0
169.0	94.0
170.0	104.0
171.0	90.0
172.0	69.0
173.0	62.0
174.0	43.0
175.0	52.0
176.0	39.0
177.0	31.0
178.0	30.0
179.0	42.0
180.0	30.0
181.0	25.0
182.0	46.0
183.0	43.0
184.0	41.0
185.0	37.0
186.0	47.0
187.0	26.0
188.0	54.0
189.0	41.0
190.0	47.0
191.0	37.0
192.0	27.0
193.0	37.0
194.0	29.0
195.0	37.0
196.0	22.0
197.0	36.0
198.0	26.0
199.0	28.0
200.0	22.0
201.0	32.0
202.0	24.0
203.0	15.0
204.0	23.0
205.0	25.0
206.0	22.0
207.0	16.0
208.0	23.0
209.0	23.0
210.0	19.0
211.0	34.0
212.0	23.0
213.0	22.0
214.0	18.0
215.0	26.0
216.0	26.0
217.0	32.0
218.0	21.0
219.0	25.0
220.0	23.0
221.0	38.0
222.0	19.0
223.0	21.0
224.0	13.0
225.0	20.0
226.0	12.0
227.0	19.0
228.0	18.0
229.0	22.0
230.0	13.0
231.0	16.0
232.0	22.0
233.0	26.0
234.0	10.0
235.0	17.0
236.0	21.0
237.0	17.0
238.0	15.0
239.0	26.0
240.0	20.0
241.0	21.0
242.0	18.0
243.0	18.0
244.0	23.0
245.0	17.0
246.0	24.0
247.0	8.0
248.0	22.0
249.0	9.0
250.0	13.0
251.0	16.0
252.0	17.0
253.0	13.0
254.0	13.0
255.0	13.0
256.0	9.0
257.0	11.0
258.0	3.0
259.0	10.0
260.0	6.0
261.0	17.0
262.0	16.0
263.0	16.0
264.0	12.0
265.0	22.0
266.0	24.0
267.0	12.0
268.0	20.0
269.0	27.0
270.0	19.0
271.0	29.0
272.0	21.0
273.0	18.0
274.0	21.0
275.0	20.0
276.0	21.0
277.0	16.0
278.0	14.0
279.0	10.0
280.0	14.0
281.0	6.0
282.0	10.0
283.0	10.0
284.0	15.0
285.0	17.0
286.0	12.0
287.0	23.0
288.0	25.0
289.0	15.0
290.0	11.0
291.0	16.0
292.0	26.0
293.0	19.0
294.0	11.0
295.0	20.0
296.0	21.0
297.0	11.0
298.0	16.0
299.0	9.0
300.0	7.0
301.0	7.0
302.0	7.0
303.0	8.0
304.0	10.0
305.0	3.0
306.0	7.0
307.0	9.0
308.0	7.0
309.0	11.0
310.0	9.0
311.0	11.0
312.0	9.0
313.0	11.0
314.0	10.0
315.0	16.0
316.0	7.0
317.0	13.0
318.0	14.0
319.0	7.0
320.0	10.0
321.0	12.0
322.0	8.0
323.0	15.0
324.0	7.0
325.0	9.0
326.0	10.0
327.0	8.0
328.0	14.0
329.0	5.0
330.0	13.0
331.0	9.0
332.0	6.0
333.0	9.0
334.0	12.0
335.0	7.0
336.0	9.0
337.0	12.0
338.0	3.0
339.0	5.0
340.0	16.0
341.0	6.0
342.0	8.0
343.0	3.0
344.0	10.0
345.0	11.0
346.0	3.0
347.0	8.0
348.0	6.0
349.0	5.0
350.0	8.0
351.0	8.0
352.0	8.0
353.0	6.0
354.0	12.0
355.0	8.0
356.0	15.0
357.0	27.0
358.0	12.0
359.0	7.0
360.0	10.0
361.0	8.0
362.0	8.0
363.0	6.0
364.0	7.0
365.0	6.0
366.0	5.0
367.0	10.0
368.0	7.0
369.0	11.0
370.0	17.0
371.0	9.0
372.0	16.0
373.0	5.0
374.0	7.0
375.0	12.0
376.0	7.0
377.0	10.0
378.0	14.0
379.0	10.0
380.0	6.0
381.0	7.0
382.0	6.0
383.0	7.0
384.0	12.0
385.0	3.0
386.0	4.0
387.0	7.0
388.0	11.0
389.0	7.0
391.0	5.0
392.0	6.0
393.0	10.0
394.0	11.0
395.0	4.0
396.0	3.0
397.0	10.0
398.0	2.0
399.0	5.0
400.0	4.0
401.0	4.0
402.0	3.0
403.0	5.0
404.0	7.0
405.0	9.0
406.0	13.0
407.0	7.0
408.0	8.0
409.0	13.0
410.0	4.0
411.0	4.0
412.0	11.0
413.0	6.0
414.0	3.0
415.0	7.0
416.0	5.0
417.0	4.0
418.0	3.0
419.0	4.0
420.0	3.0
421.0	4.0
422.0	4.0
423.0	5.0
424.0	5.0
425.0	4.0
426.0	2.0
427.0	2.0
429.0	2.0
430.0	2.0
431.0	2.0
432.0	1.0
433.0	5.0
434.0	2.0
435.0	2.0
436.0	3.0
437.0	5.0
438.0	2.0
439.0	3.0
440.0	2.0
441.0	8.0
442.0	3.0
443.0	7.0
444.0	5.0
445.0	4.0
447.0	1.0
448.0	2.0
450.0	1.0
451.0	2.0
452.0	1.0
453.0	3.0
454.0	6.0
455.0	1.0
456.0	2.0
457.0	2.0
458.0	5.0
459.0	1.0
460.0	1.0
461.0	2.0
462.0	5.0
463.0	3.0
464.0	1.0
465.0	3.0
466.0	2.0
467.0	2.0
468.0	3.0
469.0	7.0
470.0	2.0
471.0	1.0
472.0	1.0
473.0	2.0
474.0	3.0
475.0	1.0
476.0	1.0
477.0	3.0
478.0	2.0
479.0	1.0
480.0	7.0
481.0	5.0
482.0	5.0
483.0	2.0
484.0	6.0
485.0	1.0
486.0	5.0
487.0	2.0
488.0	3.0
489.0	7.0
490.0	8.0
491.0	5.0
492.0	3.0
493.0	3.0
494.0	3.0
495.0	1.0
496.0	4.0
497.0	1.0
499.0	1.0
500.0	3.0
502.0	2.0
503.0	2.0
506.0	2.0
508.0	1.0
509.0	2.0
510.0	5.0
511.0	2.0
512.0	2.0
513.0	4.0
514.0	7.0
516.0	2.0
517.0	1.0
518.0	2.0
519.0	4.0
520.0	1.0
521.0	1.0
522.0	1.0
524.0	1.0
525.0	5.0
532.0	1.0
533.0	1.0
534.0	1.0
536.0	2.0
544.0	1.0
547.0	1.0
553.0	1.0
554.0	1.0
555.0	1.0
556.0	3.0
558.0	1.0
560.0	2.0
563.0	2.0
564.0	1.0
565.0	2.0
585.0	1.0
586.0	1.0
588.0	1.0
589.0	2.0
597.0	1.0
599.0	1.0
601.0	1.0
603.0	1.0
604.0	1.0
605.0	1.0
607.0	1.0
608.0	2.0
609.0	2.0
615.0	1.0
617.0	1.0
625.0	2.0
632.0	1.0
635.0	1.0
648.0	1.0
650.0	1.0
651.0	1.0
653.0	1.0
664.0	1.0
668.0	1.0
672.0	1.0
673.0	2.0
675.0	2.0
676.0	2.0
677.0	1.0
680.0	1.0
682.0	1.0
687.0	1.0
688.0	1.0
689.0	1.0
694.0	2.0
696.0	2.0
698.0	1.0
699.0	2.0
700.0	1.0
701.0	2.0
703.0	2.0
704.0	1.0
705.0	1.0
706.0	3.0
710.0	1.0
711.0	1.0
712.0	3.0
714.0	1.0
740.0	1.0
743.0	1.0
744.0	2.0
748.0	3.0
749.0	2.0
753.0	1.0
774.0	2.0
775.0	1.0
778.0	2.0
779.0	2.0
781.0	2.0
782.0	3.0
783.0	4.0
784.0	1.0
786.0	2.0
789.0	3.0
790.0	1.0
792.0	2.0
793.0	1.0
794.0	2.0
796.0	2.0
797.0	4.0
798.0	8.0
799.0	2.0
800.0	2.0
801.0	4.0
802.0	2.0
803.0	2.0
804.0	3.0
805.0	1.0
807.0	1.0
809.0	1.0
