#Position (bp)	insert size
6876.0	16756.318192245926
20627.0	13572.056224899598
34378.0	19615.146272855134
48129.0	12996.085404101326
61880.0	33841.22832260507
75631.0	8661.941890719861
89382.0	10807.110213078618
103133.0	11648.920194309507
116884.0	23805.152803308825
130635.0	17311.224994060347
144386.0	20960.61800486618
158137.0	15511.250551605786
171888.0	14627.346314325452
185639.0	10448.000238265427
199390.0	11262.131131849725
213141.0	15162.364948453609
226892.0	9875.592772253214
240643.0	11725.607008466604
254394.0	12554.391499409681
268145.0	10702.17899447223
281896.0	7095.082479141835
295647.0	30872.82007759457
309398.0	9359.454118229038
323149.0	13978.224324324325
336900.0	16283.68344237544
350651.0	12132.644510828977
364402.0	18430.93968575773
378153.0	10724.447029702971
391904.0	15325.256359102244
405655.0	10731.509290953545
419406.0	12530.501213003396
433157.0	10141.552970297029
446908.0	10356.612071005917
460659.0	12486.182018618325
474410.0	7997.253842077372
488161.0	10845.07896051974
501912.0	20328.363701578193
515663.0	16005.575268817205
529414.0	5716.741839023175
543165.0	7923.782165921511
556916.0	12103.323678861789
570667.0	6655.941262848752
584418.0	15832.76050535567
598169.0	8641.060407752328
611920.0	11565.60362567369
625671.0	11303.428862305931
639422.0	11880.550845253576
653173.0	8893.749416947396
666924.0	14642.255513307984
680675.0	9893.159786304032
694426.0	10461.899875156056
708177.0	12648.840425531915
721928.0	10483.278646500898
735679.0	8319.419416941693
749430.0	4958.282338308458
763181.0	6759.966334500404
776932.0	15625.803801348866
790683.0	7039.648600883653
804434.0	9941.741234756097
818185.0	7300.0925559015
831936.0	9339.654778110536
845687.0	15178.890706126687
859438.0	11798.568622315348
873189.0	8383.759559979047
886940.0	11019.61046373365
900691.0	9841.400637619554
914442.0	10464.261085100523
928193.0	8372.365606529693
941944.0	5312.57481910275
955695.0	8212.212306872669
969446.0	19251.827488687784
983197.0	7192.869945355192
996948.0	9924.145967741935
1010699.0	6993.604276589836
1024450.0	10967.191123439667
1038201.0	9781.603120567375
1051952.0	8067.478678339452
1065703.0	10405.676661264182
1079454.0	8120.483976992605
1093205.0	10682.530451866405
1106956.0	6254.922141823445
1120707.0	4874.180355630821
1134458.0	9777.518610421836
1148209.0	7590.680631120784
1161960.0	13578.082267926626
1175711.0	6627.588944428109
1189462.0	12211.350710900473
1203213.0	8618.054369484771
1216964.0	9576.079616036137
1230715.0	14244.7486678508
1244466.0	6475.558445353595
1258217.0	13378.774067890929
1271968.0	8996.1757489301
1285719.0	6452.637529137529
1299470.0	7303.549956559514
1313221.0	8051.17189384801
1326972.0	8364.30906990179
1340723.0	11300.403633004926
1354474.0	11864.981881940386
1368225.0	8443.083857442349
1381976.0	3721.77442002442
1395727.0	5184.171010248902
1409478.0	3942.56245912361
1423229.0	5397.202115158637
1436980.0	7620.755771905424
1450731.0	10702.490698383654
1464482.0	8485.836973239004
1478233.0	10100.998467198038
1491984.0	11514.334100057504
1505735.0	3980.485375275938
1519486.0	7784.149438202247
1533237.0	8880.395506946497
1546988.0	5582.884422110553
1560739.0	13807.123595505618
1574490.0	8687.237028301886
1588241.0	6941.991137894363
1601992.0	6984.417119131268
1615743.0	2721.931152647975
1629494.0	2318.8401360544217
1643245.0	6721.651582278481
1656996.0	5052.160663952396
1670747.0	10157.992033142129
1684498.0	17758.27081308714
1698249.0	7768.04375
1712000.0	12039.912503977092
1725751.0	6175.745198463508
1739502.0	5518.767397521449
1753253.0	6039.017186505411
1767004.0	6490.17875569044
1780755.0	5662.821519795658
1794506.0	5516.658831211231
1808257.0	4418.896529354525
1822008.0	4858.3557476785145
1835759.0	5659.380162601626
1849510.0	6581.860443037975
1863261.0	10549.36765163297
1877012.0	6563.163127912999
1890763.0	901.5147347740668
1904514.0	4205.516570771001
1918265.0	4581.433301189329
1932016.0	7246.656650911546
1945767.0	4973.938972162741
1959518.0	8599.488672533233
1973269.0	9549.63300589391
1987020.0	4627.943431803897
2000771.0	3426.5684887459806
2014522.0	3240.857980456026
2028273.0	4095.5429662635265
2042024.0	3189.2352155028398
2055775.0	3725.0805687203792
2069526.0	6162.629468760441
2083277.0	5324.234738372093
2097028.0	5012.896551724138
2110779.0	4627.16822742475
2124530.0	4512.038638102525
2138281.0	2864.532125768968
2152032.0	6099.338677354709
2165783.0	2455.0592312539384
2179534.0	6637.171039182283
2193285.0	3632.969799796403
2207036.0	4562.374749498998
2220787.0	7443.357142857143
2234538.0	4960.395420369105
2248289.0	4555.790189873418
2262040.0	1967.74395029431
2275791.0	4572.997754250882
2289542.0	5093.539943938332
2303293.0	4074.539965095986
2317044.0	4614.997814207651
2330795.0	5447.851476342938
2344546.0	4074.366425746625
2358297.0	5044.02778561354
2372048.0	4519.579857851683
2385799.0	4767.812680115274
2399550.0	6936.589599341383
2413301.0	4404.549228458282
2427052.0	5835.623642943306
2440803.0	4572.377789446049
2454554.0	2615.508280638362
2468305.0	5520.486521682511
2482056.0	3019.797160528535
2495807.0	4892.522310619163
2509558.0	3586.5633299284987
2523309.0	1372.0050251256282
2537060.0	6152.585843373494
2550811.0	2624.0282450015866
2564562.0	1222.4316440777843
2578313.0	1579.0896168108777
2592064.0	3790.53561767358
2605815.0	3858.3657107616405
2619566.0	1731.636150921322
2633317.0	2620.758431824733
2647068.0	4034.021138669673
2660819.0	5408.716776221778
2674570.0	1510.9938151041667
2688321.0	3500.726524390244
2702072.0	7923.441736694678
2715823.0	1959.4570135746606
2729574.0	4164.844602609727
2743325.0	1721.6031654676258
2757076.0	4713.841329479769
2770827.0	3532.3886724602935
2784578.0	2078.6803693774204
2798329.0	2359.3897649509076
2812080.0	3101.3499276411
2825831.0	2665.7419354838707
2839582.0	2297.297042573936
2853333.0	2537.1724137931033
2867084.0	2235.158899494666
2880835.0	3514.7124892826523
2894586.0	3551.2610695802186
2908337.0	4385.64947016174
2922088.0	2934.6006835659355
2935839.0	2943.312429696288
2949590.0	3975.4740678441267
2963341.0	4083.709883398112
2977092.0	900.1220102123085
2990843.0	2986.85667752443
3004594.0	2533.800981461287
3018345.0	3339.872912317328
3032096.0	3771.0154671717173
3045847.0	3004.1195480819756
3059598.0	4016.1604644239355
3073349.0	2227.785325308111
3087100.0	1766.8106412005457
3100851.0	3106.8785563751317
3114602.0	3297.918961447679
3128353.0	4328.259810207745
3142104.0	2235.6645619573796
3155855.0	1816.8374176548089
3169606.0	1592.32683982684
3183357.0	3159.494853523357
3197108.0	3043.5024810655523
3210859.0	494.7479266147273
3224610.0	2067.0874841972186
3238361.0	1067.0745732255166
3252112.0	2837.409377570606
3265863.0	2588.732213179312
3279614.0	1745.0039950062421
3293365.0	1060.2505603985055
3307116.0	1161.2661596958176
3320867.0	1731.9446920052424
3334618.0	2039.6604767184035
3348369.0	1905.6474587245064
3362120.0	2384.4553640339595
3375871.0	1969.7595488336324
3389622.0	2117.8647872618117
3403373.0	1848.9936899862826
3417124.0	2429.3510611735333
3430875.0	1883.054763117677
3444626.0	1182.8145966709346
3458377.0	2153.1558859975216
3472128.0	656.559979581419
3485879.0	1843.2889872429055
3499630.0	699.2239596469104
3513381.0	2673.7455006337136
3527132.0	1088.887493721748
3540883.0	1234.1906758756784
3554634.0	455.5950772200772
3568385.0	1382.2059767843912
3582136.0	2353.8383128295254
3595887.0	1479.1588574292157
3609638.0	1693.522872602066
3623389.0	1548.6526207605343
3637140.0	874.3347047434656
3650891.0	1383.4033942558747
3664642.0	867.8120418848167
3678393.0	1404.6282413955682
3692144.0	1688.5947855750487
3705895.0	2566.65778401122
3719646.0	966.4829426781156
3733397.0	1348.0796502008982
3747148.0	1033.8982689115485
3760899.0	1313.4752747252746
3774650.0	1862.9512695562964
3788401.0	1533.3765541740675
3802152.0	1233.3181927421292
3815903.0	1469.7104840559762
3829654.0	587.2198033707865
3843405.0	1970.3229798592574
3857156.0	932.7777517564402
3870907.0	1557.471192923739
3884658.0	8568.335495414896
3898409.0	711.0840925017519
3912160.0	1660.1145555824655
3925911.0	1509.4334998810373
3939662.0	875.7259014847984
3953413.0	2207.3236284889317
3967164.0	719.1185626001374
3980915.0	1105.0155886458817
3994666.0	876.0336661249129
4008417.0	1556.4579860328904
4022168.0	1049.1110866211152
4035919.0	1084.804219009244
4049670.0	1853.149077141505
4063421.0	696.8651865415427
4077172.0	870.6560163154317
4090923.0	1132.3722719141324
4104674.0	1041.354427549195
4118425.0	1124.9857487393115
4132176.0	967.9369947693771
4145927.0	405.2597254004577
4159678.0	604.5224303135889
4173429.0	408.4288803459875
4187180.0	635.3602511366097
4200931.0	495.31811196487376
4214682.0	1260.1067210650633
4228433.0	716.9086819613135
4242184.0	588.3483072916666
4255935.0	1053.279569892473
4269686.0	702.920474137931
4283437.0	536.1734646038443
4297188.0	1017.2999567474048
4310939.0	646.2467476149176
4324690.0	367.02777777777777
4338441.0	777.4186204553178
4352192.0	537.042971280501
4365943.0	967.7691821247892
4379694.0	634.4810671256455
4393445.0	644.1018638925011
4407196.0	1033.2646939602757
4420947.0	645.2900859358625
4434698.0	793.3714996888613
4448449.0	924.4625588361147
4462200.0	489.2772755938617
4475951.0	771.8867512024486
4489702.0	672.3090757005438
4503453.0	456.2204301075269
4517204.0	966.972300849171
4530955.0	657.9060693641618
4544706.0	821.4436950745963
4558457.0	406.7007956448911
4572208.0	575.3555333998006
4585959.0	401.92476616510777
4599710.0	483.94466079114574
4613461.0	434.8801268498943
4627212.0	491.0038570848559
4640963.0	637.5807552320291
4654714.0	403.75862931465736
4668465.0	407.06147291539867
4682216.0	402.4738321799308
4695967.0	473.3468483816014
4709718.0	503.90511568669075
4723469.0	441.0870525850641
4737220.0	483.17894516534113
4750971.0	462.0352063418046
4764722.0	460.69998044201054
4778473.0	408.3593988237857
4792224.0	464.57484895949875
4805975.0	404.44796663190823
4819726.0	420.31691224983507
4833477.0	465.7410814449181
4847228.0	416.3652213810507
4860979.0	514.2707473635946
4874730.0	403.5991514068781
4888481.0	429.9706881903144
4902232.0	435.11876270038385
4915983.0	411.4467080745342
4929734.0	403.0
4943485.0	404.9635278514589
4957236.0	403.7092279579717
4970987.0	404.55571565802114
4984738.0	432.711671024483
4998489.0	419.97085610200367
5012240.0	408.8257110352674
5025991.0	405.87068221070814
5039742.0	407.35863933318313
5053493.0	406.1434987648776
5067244.0	409.24715083798884
5076613.5	402.4450587422253
5083489.0	38.0
5094746.0	396.50948275862066
5108497.0	386.9462012320329
5122248.0	388.18129330254044
5135999.0	0.0
5149750.0	19.0
5163501.0	19.0
5177252.0	19.5
5191003.0	19.0
5204754.0	0.0
5218505.0	0.0
5232256.0	331.02366863905326
5246007.0	0.0
5255740.0	0.0
5262615.5	1380.7991612301958
5273509.0	1313.332219079455
5287260.0	458.76272814601344
5301011.0	414.5364253923635
5314762.0	415.81382580484154
5328513.0	445.8406067677946
5342264.0	412.433488372093
5356015.0	431.07287985865725
5369766.0	415.20599953128664
5383517.0	419.50343370311674
5397268.0	413.56682769726245
5411019.0	413.3569450853715
5421994.0	415.3116343490305
5428869.5	343.9050522648084
5438521.0	344.2565333333333
5452272.0	393.9292696320703
5464002.0	380.0964866959442
5470877.5	365.4158110882957
5479774.0	95.2
5493417.0	21.0
