# Position (bp)	A	C	G	T	N
0.0	25.04509820532857	19.635635939483524	49.53233610829719	5.77315905282484	0.013770694065877562
1.0	15.19654782227629	29.305640039505786	19.616421063647483	35.87645285141508	0.0049382231553610784
2.0	14.324024252613635	31.101450535342686	25.693441917304355	28.881050611038134	3.268370119383756E-5
3.0	15.767213978813114	30.75641937092467	36.83359910286048	16.64273489089625	3.265650548612964E-5
4.0	20.883665514586045	32.19888670982539	30.54623754952224	16.37121022606633	0.0
5.0	18.64214188639279	33.40856471869487	31.325762645956218	16.62349818125683	3.256769929070808E-5
6.0	18.05552842765379	30.183360743365274	35.043400302356744	16.71771052662419	0.0
7.0	18.5901101982684	33.632007922147466	29.875266516890193	17.902192449105602	4.2291358834372077E-4
8.0	17.615497374982077	32.942260008927235	31.625443476694738	17.816799139395943	0.0
9.0	17.98855287198293	32.06027512611463	33.94234592703674	16.0088260748657	0.0
10.0	17.93906435421173	32.67843278291782	31.769033219684083	17.61346964318637	0.0
11.0	16.885648068686237	33.773469998926046	31.537539831146116	17.803342101241597	0.0
12.0	16.979247471117947	33.00829945491858	33.46718225852063	16.54527081544285	0.0
13.0	18.217087805717586	31.71580414757223	31.599479211738934	18.46762883497125	0.0
14.0	17.30153449562093	32.773504222284345	31.748099251297262	18.17686203079746	0.0
15.0	17.073252851347895	32.743736423116395	33.38383691228888	16.799044316890534	1.2949635629627473E-4
16.0	18.71622745503628	31.441628551032018	31.72362060451278	18.11849102861407	3.236080485204964E-5
17.0	17.822294624638186	32.58755681957867	31.793020815407054	17.797095392195807	3.2348180285466226E-5
18.0	17.54934725308267	32.077589841618014	33.86507784592224	16.507985059377077	0.0
19.0	18.660328522199503	31.528293648831507	31.607375025086604	18.203873533140655	1.2927074173289368E-4
20.0	17.754157203180377	32.773590330928556	31.558720999731843	17.91353146615922	0.0
21.0	17.250985025798986	32.73095859047799	33.25246183771995	16.765303834995017	2.907110080630313E-4
22.0	18.37599164508939	31.541176159053318	31.531455889675915	18.544045737581143	0.007330568600236
23.0	17.456786057894092	32.62902840465167	31.727201699500867	18.185272714358586	0.0017111235947801044
24.0	17.11480551239993	32.639984815819176	33.45619909353281	16.788946019656155	6.455859192546324E-5
25.0	18.460033123396915	31.444927511911384	31.724946719867198	18.366962316004436	0.003130328820066118
26.0	17.445703905188743	32.6887497136367	31.697335772664648	18.134331006934026	0.03387960157588547
27.0	17.186745868488497	32.52802304303276	33.42652839470485	16.82292379126027	0.03577890251362115
28.0	18.505310986834868	31.43677120902892	31.6977642211515	18.33705742717211	0.023096155812602437
29.0	17.55858160529853	32.70301022501219	31.706632712298656	17.99581504673886	0.0359604106517639
30.0	17.30347022811784	32.513508483743855	33.403441232411076	16.735457556445674	0.04412249928155799
31.0	18.522617383377856	31.453803690440633	31.682561206828147	18.324406027173502	0.016611692179860436
32.0	17.53301065921323	32.740799997419465	31.62697753484929	18.088986447364388	0.010225361153627181
33.0	17.183839710657505	32.6076114986029	33.42612921186299	16.772064720125265	0.010354858751339518
34.0	18.417970104667535	31.47065228086192	31.743894393697687	18.367483220772854	0.0
35.0	17.451682268469305	32.799694147670536	31.703303882679172	18.04409371083082	0.001225990350165428
36.0	17.13963330270209	32.595591423939865	33.44138160679807	16.82194169394224	0.001451972617732393
37.0	18.44653614968116	31.446022742857398	31.781399054569885	18.322556953145092	0.0034850997464589938
38.0	17.50498771386175	32.793565122987246	31.681680906366523	18.019701711797598	6.454498688768591E-5
39.0	17.209017404023545	32.620376430916444	33.41737768706324	16.752324775268495	9.037027282785367E-4
40.0	18.47215295900532	31.472409569137067	31.81965633609149	18.234845073650334	9.360621157908838E-4
41.0	17.523442551665294	32.76136746254212	31.716294683858465	17.998863019699588	3.2282234537536006E-5
42.0	17.220279268714776	32.604306038423985	33.422326774358524	16.753087918502715	0.0
43.0	18.401646040571077	31.504517763973226	31.748698531363438	18.344879340085495	2.583240067603393E-4
44.0	17.452304337660358	32.78467228245495	31.7743729388072	17.988650441077496	0.0
45.0	17.12229681391034	32.682668440933234	33.45776884902531	16.73726589613112	0.0
46.0	18.43412303046787	31.452012509908634	31.789245122240363	18.324490129485692	1.2920789744510765E-4
47.0	17.521180999210102	32.75880394592525	31.716238416073168	18.003776638791475	0.0
48.0	17.14709808994907	32.61228770570301	33.4402693896858	16.800344814662118	0.0
49.0	18.421358764003262	31.524289124795292	31.7983439732492	18.25587888203976	1.2925591248857702E-4
50.0	17.49873393830668	32.74838643790189	31.77005281747608	17.982826806315344	0.0
51.0	17.15485080054225	32.66536900837746	33.412643053250754	16.766587647853207	5.494899763331436E-4
52.0	18.418519155495268	31.521092575087707	31.81126661485603	18.248442771446562	6.788831144312447E-4
53.0	17.43124190073175	32.853768277510355	31.739625823506433	17.975363998251463	0.0
54.0	17.125644520544622	32.64222298753563	33.45362766640312	16.778213790839846	2.910346767817385E-4
55.0	18.364076448447364	31.555133529928852	31.88537648861598	18.194119857721592	0.0012936752862094862
56.0	17.42573507981338	32.84813768782354	31.745465402557222	17.980661829805857	0.0
57.0	17.157473204541713	32.63948408288142	33.44929303086748	16.752973165877695	7.765158317018413E-4
58.0	18.417355956248326	31.510983383593416	31.864545981420978	18.207114678737284	0.0
59.0	17.426603093557592	32.79781446939843	31.773241814293335	18.002243528333445	9.709441720047019E-5
60.0	17.18668417664011	32.60943382728765	33.44771787147002	16.755808055386243	3.5606921597119333E-4
61.0	18.449542130916402	31.537491521692328	31.80821461004641	18.204525109550257	2.266277946039922E-4
62.0	17.558068632851196	32.73160664781373	31.766842728876828	17.942510523416725	9.714670415234158E-4
63.0	17.231979038633753	32.637708759434965	33.41022190482205	16.71996074601995	1.2955108928175258E-4
64.0	18.344868735470072	31.59535146022416	31.833142597264867	18.226216108446494	4.210985944052841E-4
65.0	17.48470262657692	32.81308062712833	31.78325564910205	17.9188963018375	6.479535520975715E-5
66.0	17.154578241807382	32.63537707266016	33.44972958609985	16.760315099432603	0.0
67.0	18.375577399670277	31.62210538562828	31.83169178386966	18.170398570651226	2.2686018056125855E-4
68.0	17.480685046733516	32.82901870151002	31.803069323137912	17.887226928618546	0.0
69.0	17.165736287635287	32.677766805018535	33.43379568059458	16.72082079985579	0.001880426895810733
70.0	18.36434045180504	31.581797569757907	31.863592026481548	18.189524120827237	7.458311282673889E-4
71.0	17.51424981464051	32.75242134952086	31.819072274956067	17.914256560882563	0.0
72.0	17.148588071715302	32.664584389016525	33.46597364106404	16.720853898204133	0.0
73.0	18.373725797617595	31.666735887405544	31.788542756352516	18.169665222549003	0.001330336075339852
74.0	17.486165889892458	32.80466603252553	31.778811313155703	17.930356764426307	0.0
75.0	17.155995077772427	32.636309900383644	33.49124019425335	16.715870548401202	5.842791893710526E-4
76.0	18.351914369442817	31.641916843451117	31.801201419989855	18.20493489981565	3.246730055824276E-5
77.0	17.468832910627825	32.85188204080705	31.790983220593823	17.888139457096745	1.6237087456200455E-4
78.0	17.148642551794097	32.590580186774794	33.52344721651902	16.73707019337177	2.5985154031872744E-4
79.0	18.338991079182126	31.659303312680855	31.828921980935526	18.171224214047648	0.0015594131538448795
80.0	17.458744855799928	32.82078443669283	31.77330913616431	17.946511692139225	6.498792037030117E-4
81.0	17.171562542963034	32.63279416453537	33.45141159260043	16.744231699901164	0.0
82.0	18.351893732894737	31.580701085407092	31.836375912538077	18.230704189913897	3.2507924619324074E-4
83.0	17.453093988903312	32.81443870158855	31.813402126215085	17.917276863169448	0.001788320123608687
84.0	17.170212627566784	32.61224901296319	33.513428253644065	16.703947496796605	1.6260902935418198E-4
85.0	18.38267942804743	31.61131895395539	31.81944010271387	18.186366340714294	1.9517456901389026E-4
86.0	17.524779986516773	32.785425359400904	31.802164864998527	17.887532178842786	9.761024100619239E-5
87.0	17.155967930641143	32.622192425916495	33.479902952275104	16.74099290041543	9.437907518269675E-4
88.0	18.375451263537908	31.62861783959921	31.846005605596485	18.149925291266403	0.0
89.0	17.477186724050693	32.76860992212261	31.868614545665295	17.884839924486478	7.488836749219695E-4
90.0	17.147228793863533	32.61606184406624	33.50723937217955	16.72618055048931	0.0032894394013611114
91.0	18.354244811874878	31.64080341255523	31.799195075850122	18.204942262948403	8.144367713641426E-4
92.0	17.462227596672488	32.76647437908969	31.812954793030983	17.9578870329222	4.561982846292786E-4
93.0	17.097383367523406	32.63998211295306	33.49730879470377	16.76477164355496	5.540812648175997E-4
94.0	18.367678274581962	31.63292484973239	31.837367691641123	18.160399118330055	0.001630065714469213
95.0	17.4520449401269	32.775326431591786	31.885928540985052	17.88670008729626	0.0
96.0	17.171988010462954	32.645523511476924	33.45236103132982	16.72980125408026	3.261926500314939E-4
97.0	18.380820875507442	31.546321316961155	31.883496678819423	18.188023390194832	0.0013377385171462186
98.0	17.436097278222846	32.7876005971369	31.85051081054089	17.925595488705117	1.9582539424547495E-4
99.0	17.181093200729183	32.67366425172502	33.449956123626905	16.695286423918894	0.0
100.0	18.348881498684655	31.626300651272633	31.879899892630142	18.144624061819957	2.938955926110729E-4
101.0	17.47919345845404	32.787170124161456	31.830194971805543	17.903408780966462	3.266461249806871E-5
102.0	17.15300323614444	32.63192908713541	33.439200740287646	16.7758342613069	3.267512560318282E-5
103.0	18.345264484565767	31.627770307416448	31.866927188708736	18.16003801930905	0.0
104.0	17.483044953963166	32.77873121359974	31.855967362088116	17.88225647034898	0.0
105.0	17.195653418150002	32.60982968528982	33.43692305176488	16.756972437307343	6.214074879602299E-4
106.0	18.30550418165216	31.644325153022983	31.825966844502346	18.22420382082251	0.0
107.0	17.382218863636588	32.80362517791576	31.896217958389393	17.917807089401176	1.309106570765883E-4
108.0	17.111249920610135	32.697690589698105	33.488741043677194	16.702318446014562	0.0
109.0	18.307165456109654	31.58094848853123	31.955266537047173	18.156488523369337	1.309949426127531E-4
110.0	17.433392071552518	32.74804776501568	31.940094223572796	17.877745225513156	7.207143458518139E-4
111.0	17.155922141671013	32.67780648286308	33.44835395107128	16.716508206074913	0.001409218319707066
112.0	18.307825613154055	31.65822638318854	31.887223781109302	18.146134107564194	5.901149839046138E-4
113.0	17.428720886948792	32.816974161270274	31.918710572446667	17.834872856133195	7.21523201070478E-4
114.0	17.127017987757064	32.670190770094905	33.43450476088613	16.768286481261903	0.0
115.0	18.35030676235985	31.60021543766437	31.885824602101664	18.16227471190464	0.001378485969474413
116.0	17.418484604809215	32.75102617640482	31.92371505902587	17.906478644596717	2.955151633755581E-4
117.0	17.16530751352994	32.63600154393227	33.445251997667675	16.752584854681484	8.54090188638958E-4
118.0	18.355232608389173	31.560983480816457	31.951032995316712	18.132685189719044	6.572575861492165E-5
119.0	17.402740860920293	32.88927901582809	31.85046741262006	17.85751271063156	0.0
120.0	17.09711053003766	32.68104001184074	33.46058841909649	16.761261039025115	0.0
121.0	18.323509512740255	31.623214139983517	32.01217425413114	18.04070720978047	3.94883364616871E-4
122.0	17.391635013536465	32.8524428029556	31.93430723021475	17.821186948758967	4.280045342141887E-4
123.0	17.174660501126887	32.6408410572772	33.43186865529261	16.75203686147761	5.929248256965713E-4
124.0	18.271005368009195	31.69745494141593	31.945455120701112	18.085095864840067	9.887050336950677E-4
125.0	17.426964758299	32.824756966862026	31.93064034392956	17.817176298193633	4.616327157786722E-4
126.0	17.168803693754153	32.61930827234376	33.45260696188457	16.759215083841276	6.598817623858157E-5
127.0	18.330652245461984	31.57881358478009	31.946925353958065	18.14248642317569	0.0011223926241638589
128.0	17.333564100929554	32.840816269908245	31.9403602286581	17.884962133085303	2.9726741879727587E-4
129.0	17.142099872864566	32.677937557234905	33.465139543284046	16.714823026616482	0.0
130.0	18.28745473561898	31.614584728340965	31.982089672661356	18.115870863378696	0.0
131.0	17.46703245615109	32.79048382619065	31.91696344873614	17.824362148795935	0.0011581201261755335
132.0	17.194134599847956	32.653455852553115	33.40215989129024	16.75024965630869	0.0
133.0	18.330925717314955	31.611158968921877	31.98121396859055	18.07670134517262	0.0
134.0	17.41523879810716	32.79116268136592	32.01479075223235	17.77758106285075	0.001226705443820372
135.0	17.10900889064074	32.73425358565288	33.41827153415643	16.738465989549947	0.0
136.0	18.323729864927152	31.631938771579577	31.96862468503147	18.075540643392536	1.6603506926318948E-4
137.0	17.370061133234824	32.78302121948739	31.98168196493131	17.865235682346476	0.0
138.0	17.10925061890122	32.717437080316444	33.39944260635088	16.773004796193383	8.648982380692278E-4
139.0	18.277273571769616	31.610919883518758	31.983797040822378	18.12734359236626	6.659115229995851E-4
140.0	17.418116723809067	32.803903747468254	31.92728700416178	17.850325906654415	3.666179064851042E-4
141.0	17.11669677102399	32.6847880212693	33.459658158681336	16.738656798311485	2.0025071389379503E-4
142.0	18.32803187425683	31.609272997181392	31.973145363802185	18.08918214940022	3.676153593707495E-4
143.0	17.424617377031076	32.82574612943005	31.88342360340734	17.86537628147531	8.366086562224442E-4
144.0	17.087882598371902	32.692455324203124	33.48310470933368	16.73645679789178	1.0057019950780944E-4
145.0	18.21065173078442	31.672170156131056	32.04082832977917	18.07611451963359	2.352636717601252E-4
146.0	17.216027704037977	32.94606859517103	32.016288948255756	17.821614752535233	0.0
147.0	16.755987229146733	32.93960272306278	33.48445985262362	16.819372728134297	5.774670325769534E-4
148.0	17.253509720525	32.128873202063	32.26289355771835	18.354723519693653	0.0
149.0	11.660572695056477	35.53687939269671	33.68198357294395	19.11845317814941	0.0021111611534495632
150.0	0.0	42.635752160828105	37.29118259966592	20.073065239505976	0.0
