#Coverage	Number of genomic locations
0.0	158116.0
1.0	174.0
2.0	298.0
3.0	265.0
4.0	310.0
5.0	195.0
6.0	293.0
7.0	100.0
8.0	322.0
9.0	45.0
10.0	154.0
11.0	106.0
12.0	179.0
13.0	104.0
14.0	113.0
15.0	53.0
16.0	148.0
17.0	83.0
18.0	85.0
19.0	82.0
20.0	112.0
21.0	109.0
22.0	73.0
23.0	73.0
24.0	107.0
25.0	88.0
26.0	93.0
27.0	52.0
28.0	47.0
29.0	17.0
30.0	12.0
31.0	16.0
32.0	34.0
33.0	36.0
34.0	8.0
35.0	20.0
36.0	35.0
37.0	34.0
38.0	35.0
39.0	29.0
40.0	55.0
41.0	59.0
42.0	57.0
43.0	101.0
44.0	68.0
45.0	77.0
46.0	108.0
47.0	113.0
48.0	146.0
49.0	144.0
50.0	108.0
51.0	47.0
52.0	84.0
53.0	77.0
54.0	99.0
55.0	72.0
56.0	63.0
57.0	61.0
58.0	24.0
59.0	16.0
60.0	21.0
61.0	42.0
62.0	24.0
63.0	22.0
64.0	13.0
65.0	27.0
66.0	27.0
67.0	28.0
68.0	18.0
69.0	36.0
70.0	22.0
71.0	13.0
72.0	14.0
73.0	6.0
74.0	10.0
75.0	16.0
76.0	5.0
77.0	9.0
78.0	8.0
79.0	11.0
80.0	7.0
81.0	35.0
82.0	8.0
83.0	7.0
84.0	5.0
85.0	11.0
86.0	20.0
87.0	8.0
88.0	4.0
89.0	3.0
90.0	5.0
91.0	27.0
92.0	9.0
93.0	8.0
94.0	3.0
95.0	16.0
96.0	9.0
97.0	3.0
98.0	20.0
99.0	10.0
100.0	5.0
101.0	13.0
102.0	13.0
103.0	27.0
104.0	12.0
105.0	17.0
106.0	18.0
107.0	17.0
108.0	22.0
109.0	19.0
110.0	30.0
111.0	22.0
112.0	11.0
113.0	13.0
114.0	24.0
115.0	16.0
116.0	23.0
117.0	5.0
118.0	5.0
119.0	10.0
120.0	4.0
121.0	16.0
122.0	9.0
123.0	12.0
124.0	26.0
125.0	23.0
126.0	4.0
127.0	12.0
128.0	11.0
129.0	14.0
130.0	10.0
131.0	11.0
132.0	6.0
133.0	10.0
134.0	10.0
135.0	29.0
136.0	18.0
137.0	17.0
138.0	7.0
139.0	28.0
140.0	23.0
141.0	13.0
142.0	23.0
143.0	35.0
144.0	16.0
145.0	33.0
146.0	26.0
147.0	23.0
148.0	26.0
149.0	28.0
150.0	17.0
151.0	19.0
152.0	32.0
153.0	20.0
154.0	16.0
155.0	17.0
156.0	20.0
157.0	23.0
158.0	40.0
159.0	41.0
160.0	18.0
161.0	22.0
162.0	15.0
163.0	20.0
164.0	15.0
165.0	36.0
166.0	23.0
167.0	52.0
168.0	23.0
169.0	30.0
170.0	21.0
171.0	24.0
172.0	25.0
173.0	23.0
174.0	6.0
175.0	16.0
176.0	12.0
177.0	21.0
178.0	15.0
179.0	16.0
180.0	24.0
181.0	11.0
182.0	25.0
183.0	16.0
184.0	16.0
185.0	24.0
186.0	27.0
187.0	28.0
188.0	26.0
189.0	12.0
190.0	22.0
191.0	23.0
192.0	15.0
193.0	18.0
194.0	22.0
195.0	9.0
196.0	17.0
197.0	17.0
198.0	7.0
199.0	18.0
200.0	25.0
201.0	8.0
202.0	14.0
203.0	14.0
204.0	13.0
205.0	6.0
206.0	12.0
207.0	3.0
208.0	6.0
209.0	12.0
210.0	14.0
211.0	7.0
212.0	2.0
213.0	6.0
214.0	4.0
215.0	8.0
216.0	7.0
217.0	1.0
218.0	4.0
219.0	2.0
220.0	1.0
221.0	9.0
222.0	4.0
223.0	4.0
224.0	7.0
225.0	6.0
226.0	7.0
227.0	10.0
228.0	14.0
229.0	12.0
230.0	4.0
231.0	4.0
232.0	5.0
234.0	1.0
236.0	1.0
237.0	3.0
243.0	3.0
245.0	1.0
246.0	2.0
247.0	4.0
248.0	3.0
249.0	1.0
250.0	1.0
251.0	9.0
253.0	1.0
254.0	3.0
255.0	1.0
257.0	2.0
258.0	1.0
259.0	2.0
261.0	1.0
265.0	4.0
266.0	4.0
268.0	3.0
269.0	3.0
271.0	3.0
272.0	3.0
273.0	2.0
274.0	5.0
275.0	2.0
276.0	1.0
277.0	2.0
278.0	6.0
279.0	5.0
280.0	5.0
281.0	21.0
282.0	12.0
283.0	16.0
284.0	10.0
285.0	8.0
286.0	8.0
287.0	8.0
288.0	15.0
289.0	6.0
290.0	10.0
291.0	4.0
292.0	7.0
293.0	7.0
294.0	5.0
295.0	9.0
296.0	7.0
297.0	6.0
298.0	8.0
299.0	5.0
300.0	19.0
301.0	6.0
302.0	2.0
303.0	4.0
304.0	4.0
305.0	5.0
306.0	5.0
307.0	7.0
308.0	1.0
309.0	6.0
310.0	6.0
311.0	1.0
312.0	8.0
313.0	7.0
314.0	8.0
315.0	6.0
316.0	6.0
317.0	10.0
318.0	8.0
319.0	8.0
320.0	4.0
321.0	5.0
322.0	8.0
323.0	5.0
324.0	6.0
325.0	4.0
326.0	11.0
327.0	4.0
328.0	11.0
329.0	17.0
330.0	6.0
331.0	7.0
332.0	7.0
333.0	6.0
334.0	5.0
335.0	7.0
336.0	3.0
337.0	4.0
338.0	4.0
339.0	4.0
340.0	2.0
341.0	3.0
342.0	1.0
343.0	3.0
344.0	7.0
345.0	5.0
346.0	5.0
347.0	1.0
348.0	5.0
349.0	11.0
350.0	6.0
351.0	4.0
352.0	4.0
353.0	10.0
354.0	11.0
355.0	5.0
356.0	9.0
357.0	9.0
358.0	9.0
359.0	5.0
360.0	10.0
361.0	9.0
362.0	8.0
363.0	8.0
364.0	11.0
365.0	3.0
366.0	6.0
367.0	19.0
368.0	13.0
369.0	8.0
370.0	5.0
371.0	3.0
372.0	3.0
373.0	1.0
374.0	4.0
375.0	2.0
377.0	3.0
378.0	3.0
379.0	3.0
380.0	4.0
381.0	10.0
382.0	14.0
383.0	7.0
384.0	8.0
385.0	4.0
386.0	6.0
387.0	4.0
388.0	5.0
389.0	3.0
390.0	1.0
392.0	2.0
395.0	1.0
397.0	4.0
398.0	2.0
399.0	5.0
400.0	1.0
401.0	1.0
404.0	6.0
405.0	2.0
406.0	1.0
407.0	1.0
408.0	3.0
409.0	4.0
410.0	4.0
411.0	2.0
412.0	2.0
413.0	3.0
414.0	3.0
415.0	1.0
416.0	1.0
418.0	1.0
419.0	2.0
420.0	3.0
421.0	5.0
422.0	2.0
423.0	2.0
424.0	4.0
425.0	3.0
426.0	3.0
427.0	1.0
428.0	4.0
429.0	1.0
430.0	4.0
431.0	1.0
433.0	1.0
434.0	3.0
435.0	1.0
466.0	2.0
467.0	1.0
470.0	1.0
471.0	2.0
472.0	1.0
477.0	1.0
481.0	1.0
