# Position (bp)	A	C	G	T	N
0.0	12.206767697737181	27.278389038820844	54.515258459622174	5.978824994810047	0.020759809009757112
1.0	12.036461570333541	32.711829293557074	26.248187279883982	29.0035218562254	0.0
2.0	15.049342105263158	37.212171052631575	28.248355263157894	19.490131578947366	0.0
3.0	9.726195341234165	43.420514916223944	17.695136902329384	29.1581528402125	0.0
4.0	28.221727695731335	21.747926360509812	21.950232652235485	28.080113291523368	0.0
5.0	27.73275350859854	17.631943071753312	44.87052777228701	9.76477564736114	0.0
6.0	20.303567908535385	29.233195347920365	36.38872462054012	14.07451212300414	0.0
7.0	29.694835680751176	27.4452269170579	30.614241001564945	12.24569640062598	0.0
8.0	7.617567042363	50.835600466381656	26.680917217256123	14.865915273999223	0.0
9.0	21.12648981161092	33.33333333333333	18.723567858515956	26.81660899653979	0.0
10.0	14.419047619047621	18.895238095238096	50.34285714285714	16.34285714285714	0.0
11.0	14.90047393364929	36.170616113744074	28.22748815165877	20.701421800947866	0.0
12.0	13.241405364563658	33.09406875708349	36.17302606724594	17.491499811106912	0.0
13.0	11.530516431924882	43.64319248826291	25.80281690140845	19.023474178403756	0.0
14.0	21.831379117811277	31.30467150567653	31.434952540480175	15.428996836032011	0.0
15.0	20.883977900552487	30.939226519337016	33.00184162062615	15.174953959484347	0.0
16.0	21.120058565153734	29.53879941434846	30.83821376281113	18.502928257686676	0.0
17.0	22.076978939724036	32.280319535221494	28.286129266521424	17.356572258533042	0.0
18.0	18.54983807124865	31.917956099316303	31.054336092119467	18.47786973731558	0.0
19.0	19.094664990120354	32.85432010059278	31.97413328543201	16.07688162385486	0.0
20.0	16.380236305048335	32.08020050125313	32.74257071249552	18.796992481203006	0.0
21.0	17.400606168657514	32.64396505615974	32.35870921732929	17.59671955785345	0.0
22.0	18.41078396594537	30.418588151826885	33.3628946434906	17.807733238737143	0.0
23.0	17.112488928255093	31.390611160318866	31.74490699734278	19.75199291408326	0.0
24.0	17.09643235605793	33.274461321087955	31.17273048392794	18.456375838926174	0.0
25.0	18.053596614950635	33.392101551480955	28.596614950634695	19.957686882933707	0.0
26.0	17.511439633931715	31.8549806406195	33.10454065469905	17.529039070749736	0.0
27.0	19.00333391823127	33.33918231268644	30.900157922442535	16.757325846639763	0.0
28.0	17.74982529699511	33.31586303284417	29.82180293501048	19.112508735150243	0.0
29.0	16.994602124325265	35.67821695977712	30.820128852516106	16.507052063381508	0.0
30.0	17.237185056472633	33.8488271068636	33.37966985230235	15.534317984361426	0.0
31.0	18.48652384243262	29.872149274360748	34.72702142363511	16.914305459571526	0.0
32.0	19.28104575163399	29.549363605091163	32.04334365325077	19.12624699002408	0.0
33.0	17.152658662092623	33.722126929674104	32.00686106346484	17.084048027444254	0.03430531732418524
34.0	16.803559206023273	33.50444900752909	31.19438740588638	18.480492813141684	0.017111567419575632
35.0	19.21106557377049	31.403688524590162	31.471994535519126	17.91325136612022	0.0
36.0	19.57708049113233	32.07708049113233	31.08799454297408	17.257844474761256	0.0
37.0	17.440677966101696	31.11864406779661	34.37288135593221	17.06779661016949	0.0
38.0	17.821615241949083	33.73798684876075	32.254257292193564	16.186140617096612	0.0
39.0	19.230119871686647	34.13810568968428	30.37312172885362	16.25865270977545	0.0
40.0	19.12384161752317	29.587194608256105	32.805391743892166	18.48357203032856	0.0
41.0	17.813288477712362	34.38183347350715	30.967199327165684	16.8376787216148	0.0
42.0	18.842530282637952	30.85464333781965	33.49596231493944	16.806864064602962	0.0
43.0	18.637510513036165	32.060555088309506	31.00084104289319	18.301093355761143	0.0
44.0	16.67508842849924	34.83240693953175	32.39009600808489	16.102408623884116	0.0
45.0	16.697556866048863	33.17607413647852	32.75484414490312	17.371524852569504	0.0
46.0	16.15126050420168	32.4873949579832	32.621848739495796	18.73949579831933	0.0
47.0	17.41848285183308	31.204595370839666	33.637438756546715	17.739483020780536	0.0
48.0	15.876219307097209	32.34106962663976	34.25832492431887	17.524386141944166	0.0
49.0	17.904665656055247	30.99208354387738	33.93970018527876	17.163550614788615	0.0
50.0	18.714141073236583	34.32332095848802	30.89773877826527	16.064799190010127	0.0
51.0	17.83428763893567	30.88582014146177	34.001347254968	17.278544964634555	0.0
52.0	19.93612371827198	32.156664985711885	32.44242729870567	15.464783997310471	0.0
53.0	18.61283297034679	32.43424359189144	31.47930976713017	17.473613670631597	0.0
54.0	18.371116708648195	33.50125944584383	32.611251049538204	15.516372795969774	0.0
55.0	17.51260504201681	32.67226890756302	32.11764705882353	17.69747899159664	0.0
56.0	17.378821145076845	31.71761526769127	34.35230535382537	16.551258233406518	0.0
57.0	19.41156577612445	31.907338518769023	32.07642881298614	16.60466689212039	0.0
58.0	17.317774395399965	32.28479621173685	31.878910874344662	18.51851851851852	0.0
59.0	18.829301302656066	30.07951277279648	32.38030790052445	18.71087802402301	0.0
60.0	16.99390656736628	30.991875423155047	35.07109004739337	16.94312796208531	0.0
61.0	16.725798276735933	33.536070282142255	31.474911302584896	18.263220138536916	0.0
62.0	21.083727211343685	30.688723835246456	32.35989196488859	15.86765698852127	0.0
63.0	18.95590471363406	33.09680689305626	31.23838486230782	16.70890353100186	0.0
64.0	18.27428377691134	31.785048313273435	33.22597050347517	16.714697406340058	0.0
65.0	17.555442695107498	32.06365329270357	32.89317758591502	17.487726426273912	0.0
66.0	17.14672992206032	36.275838698746185	31.074212131480856	15.503219247712641	0.0
67.0	19.342818428184284	32.72357723577235	33.045392953929536	14.888211382113822	0.0
68.0	16.528365791701948	31.820491109229465	33.801862828111766	17.849280270956815	0.0
69.0	18.896434634974533	31.05263157894737	33.853989813242784	16.196943972835314	0.0
70.0	20.857434501531134	30.027220142905755	32.18781898604968	16.92752636951344	0.0
71.0	17.87966592807227	32.9810806204193	30.680074995738877	18.45917845576956	0.0
72.0	19.809069212410503	31.5035799522673	32.151380838731676	16.53596999659052	0.0
73.0	15.982279775089452	32.44164252853979	33.49804055205316	18.0780371443176	0.0
74.0	19.518853437979867	29.858385940965704	33.390206449411366	17.232554171643063	0.0
75.0	18.742504711324308	31.42025012849066	32.60236422819941	17.234880931985607	0.0
76.0	17.374914324880056	35.55517477724469	30.41466758053461	16.655243317340645	0.0
77.0	18.89898816669525	33.66489452924027	32.13856971359972	15.297547590464758	0.0
78.0	16.953232462173315	34.04401650618982	32.307427785419534	16.69532324621733	0.0
79.0	19.050905953408108	32.11389128559103	31.975841242450386	16.859361518550475	0.0
80.0	17.134928893513703	28.477280610475198	33.836281651057924	20.551508844953172	0.0
81.0	18.354210160055672	29.732080723729993	33.489909533750875	18.423799582463467	0.0
82.0	21.52317880794702	31.666085744161727	31.160683164865805	15.650052283025445	0.0
83.0	18.48299912816042	33.792502179598955	29.92153443766347	17.80296425457716	0.0
84.0	17.774289202860633	30.716902145473572	34.345020059305774	17.16378859236002	0.0
85.0	17.410323709536307	32.94838145231846	32.335958005249346	17.305336832895886	0.0
86.0	17.45142657097847	30.77192368282864	34.81533345002625	16.961316296166636	0.0
87.0	15.727781665500352	33.58992302309307	33.782365290412876	16.899930020993704	0.0
88.0	17.287839020122483	31.84601924759405	32.98337707786526	17.8827646544182	0.0
89.0	19.52673093777388	31.49868536371604	30.58720420683611	18.38737949167397	0.0
90.0	17.235915492957744	34.54225352112676	30.193661971830988	18.028169014084508	0.0
91.0	17.97575118608329	31.874890177473205	32.48989632753471	17.6594623089088	0.0
92.0	17.228661749209696	33.596768528275376	32.57815244116614	16.59641728134879	0.0
93.0	17.503511235955056	32.25070224719101	31.934691011235955	18.293539325842698	0.0175561797752809
94.0	17.89603090972954	32.06884439761152	34.49244819107833	15.54267650158061	0.0
95.0	18.106633820165406	30.82878761217667	34.3128629245117	16.751715643146227	0.0
96.0	18.172231985940247	35.86994727592267	30.984182776801404	14.973637961335676	0.0
97.0	18.77851877851878	30.273780273780275	31.923481923481923	19.024219024219025	0.0
98.0	17.97891036906854	34.21792618629174	31.89806678383128	15.905096660808434	0.0
99.0	18.306636155606405	32.17743355043126	31.262101742650945	18.253828551311386	0.0
100.0	19.023957409050578	29.97338065661047	33.433895297249336	17.56876663708962	0.0
101.0	19.13012729844413	33.61032531824611	29.57920792079208	17.68033946251768	0.0
102.0	18.785612535612536	33.19088319088319	30.929487179487182	17.094017094017094	0.0
103.0	18.687589158345222	31.205420827389446	31.526390870185452	18.580599144079883	0.0
104.0	18.152581740217975	33.33928890477041	31.445417187779167	17.062712167232448	0.0
105.0	19.68475729894322	30.951101558301986	32.2407307898979	17.123410352856887	0.0
106.0	18.29290206648697	33.908355795148246	29.95507637017071	17.843665768194068	0.0
107.0	15.34858584038912	34.51630336876239	30.138713745271122	19.996397045577375	0.0
108.0	16.546242774566476	33.81502890173411	32.33381502890174	17.30491329479769	0.0
109.0	19.51484431571325	32.023895727733525	32.49456915278783	15.966690803765388	0.0
110.0	16.769734448890507	33.26664241542379	30.73845034558021	19.225172790105493	0.0
111.0	16.858447488584474	33.881278538812786	33.42465753424658	15.835616438356166	0.0
112.0	17.323556370302477	32.575618698441794	32.1173235563703	17.983501374885428	0.0
113.0	18.501472754050074	31.995581737849776	34.18630338733431	15.316642120765833	0.0
114.0	18.895887365690996	34.16080029640607	31.30789181178214	15.635420526120786	0.0
115.0	20.84884586746091	32.61355174981385	28.201787043931496	18.335815338793747	0.0
116.0	17.967874486365336	32.6484871124393	32.31228987672768	17.071348524467687	0.0
117.0	18.44532279314888	31.996988518727647	31.88405797101449	17.673630717108978	0.0
118.0	18.3446455505279	33.257918552036195	30.75037707390649	17.647058823529413	0.0
119.0	18.894358197652405	29.117758424839074	34.02120408936009	17.96667928814843	0.0
120.0	18.59488354333715	30.584192439862544	31.004200076365024	19.81672394043528	0.0
121.0	17.186006499713248	33.81762569298413	30.20454979927356	18.791818008029058	0.0
122.0	15.856236786469344	32.11608687295791	33.92273688256775	18.104939458005	0.0
123.0	17.762777242044358	34.001928640308584	30.144648023143684	18.090646094503377	0.0
124.0	18.821923151940705	33.56738833625902	31.402379559196415	16.20830895260386	0.0
125.0	17.497057669674383	33.28756375049039	30.933699489996076	18.28167908983915	0.0
126.0	19.031686675851212	33.733517024207835	31.21432788821098	16.020468411729976	0.0
127.0	18.794466403162055	31.284584980237156	32.41106719367589	17.5098814229249	0.0
128.0	17.04703314149633	33.53840047628498	31.395118078983923	18.01944830323477	0.0
129.0	17.995625372837544	30.34400477232054	33.64485981308411	18.015510041757803	0.0
130.0	18.45938934344442	34.1448812612253	27.659149870285372	19.7365795250449	0.0
131.0	17.004617546677377	33.306564946797835	32.22244529211002	17.466372214414775	0.0
132.0	18.192844147968465	32.1204770568021	32.36304831210835	17.323630483121082	0.0
133.0	19.34039087947883	33.387622149837135	30.08957654723127	17.18241042345277	0.0
134.0	18.88341543513957	30.31609195402299	32.389162561576356	18.411330049261085	0.0
135.0	17.248502375542245	32.92708118157405	32.76182606899401	17.06259037388969	0.0
136.0	17.87570151735606	34.37954687175224	29.557264601953854	18.18748700893785	0.0
137.0	19.878635697844736	32.07784055241682	30.32015065913371	17.72337309060473	0.0
138.0	18.954248366013072	30.170777988614798	31.83639047016656	19.038583175205567	0.0
139.0	17.098555649957518	31.138487680543754	32.20050977060323	19.562446898895498	0.0
140.0	18.002993371819542	33.22642719692111	31.216591832371176	17.553987598888178	0.0
141.0	18.917169974115616	33.45556514236411	30.672993960310613	16.954270923209663	0.0
142.0	20.578638242331955	29.084185338264085	30.802697411355233	19.534479008048727	0.0
143.0	17.013356689292753	32.034158090650315	32.384497481935625	18.567987738121307	0.0
144.0	20.16360822462967	30.73181516692461	33.53968604908247	15.564890559363253	0.0
145.0	18.30668768295429	31.27673947309165	32.40261202431885	18.013960819635216	0.0
146.0	16.288659793814432	32.462772050400915	31.27147766323024	19.97709049255441	0.0
147.0	19.861871874255776	31.245534651107405	29.76899261728983	19.123600857346986	0.0
148.0	18.410150181253236	32.49611600207147	31.693423096841016	17.400310719834284	0.0
149.0	23.145992683737944	35.5171267043565	25.340871300299302	15.996009311606251	0.0
150.0	43.99363564041368	0.0	40.09546539379475	15.910898965791567	0.0
