#Position (bp)	insert size
94.0	260.8496732026144
281.0	291.73846153846154
468.0	253.76923076923077
655.0	297.4047619047619
842.0	258.23214285714283
1029.0	257.5531914893617
1216.0	168.7987012987013
1403.0	306.6714285714286
1590.0	272.3333333333333
1777.0	244.23170731707316
1964.0	220.31147540983608
2151.0	300.0625
2338.0	248.247311827957
2525.0	282.1188118811881
2712.0	303.39080459770116
2899.0	249.4
3086.0	241.74418604651163
3273.0	231.41358024691357
3460.0	270.625
3647.0	303.0208333333333
3834.0	297.9569892473118
4021.0	274.62992125984255
4208.0	259.78125
4395.0	327.2566371681416
4582.0	309.5420560747664
4769.0	284.7878787878788
4956.0	295.45255474452557
5143.0	269.336
5330.0	285.6224489795918
5517.0	282.46
5704.0	254.784
5891.0	263.06666666666666
6078.0	315.9294117647059
6265.0	261.0612244897959
6452.0	276.02127659574467
6639.0	318.86206896551727
6826.0	289.05172413793105
7013.0	271.0
7200.0	322.31081081081084
7387.0	249.72727272727272
7574.0	308.7315436241611
7761.0	275.780487804878
7948.0	302.9583333333333
8135.0	330.7818181818182
8322.0	271.9145299145299
8509.0	280.7603305785124
8696.0	226.33333333333334
8883.0	295.4945054945055
9070.0	290.7142857142857
9257.0	284.63953488372096
9444.0	246.32692307692307
9631.0	0.0
9818.0	0.0
10005.0	693.0
10192.0	549.6666666666666
10379.0	380.78125
10566.0	242.99462365591398
10753.0	267.734693877551
10940.0	286.92105263157896
11127.0	265.87
11314.0	286.22340425531917
11501.0	274.8953488372093
11688.0	294.9591836734694
11875.0	297.1869158878505
12062.0	288.84137931034485
12249.0	293.784
12436.0	278.6
12623.0	255.98809523809524
12810.0	245.33333333333334
12997.0	301.8269230769231
13184.0	301.25
13371.0	292.7906976744186
13558.0	257.57954545454544
13745.0	286.05940594059405
13932.0	272.6551724137931
14119.0	291.0952380952381
14306.0	272.9382716049383
14493.0	279.0
14680.0	303.25742574257424
14867.0	286.4142857142857
15054.0	314.1
15241.0	261.6753246753247
15428.0	282.3333333333333
15615.0	295.0769230769231
15802.0	286.90909090909093
15989.0	286.8645833333333
16176.0	291.6140350877193
16363.0	291.2631578947368
16550.0	301.56043956043953
16737.0	331.6
16924.0	363.69767441860466
17111.0	320.1818181818182
17298.0	307.8550724637681
17485.0	270.8229166666667
17672.0	291.93506493506493
17859.0	188.4375
18046.0	332.10169491525426
18233.0	291.49411764705883
18420.0	292.72549019607845
18607.0	265.3541666666667
18794.0	294.2528735632184
18981.0	273.44303797468353
19168.0	261.3448275862069
19355.0	258.5245901639344
19542.0	306.06349206349205
19729.0	311.8020833333333
19916.0	291.76190476190476
20103.0	315.5633802816901
20290.0	296.9054054054054
20477.0	263.56716417910445
20664.0	281.33870967741933
20851.0	263.96491228070175
21038.0	277.52941176470586
21225.0	282.6923076923077
21412.0	281.4024390243902
21599.0	281.24285714285713
21786.0	234.5234375
21973.0	227.83333333333334
22160.0	199.96969696969697
22347.0	214.45238095238096
22534.0	169.53846153846155
22721.0	264.01769911504425
22908.0	262.44827586206895
23095.0	319.5945945945946
23282.0	264.75
23469.0	236.01986754966887
23656.0	0.0
23843.0	0.0
24030.0	633.0
24217.0	474.0
24404.0	353.5632183908046
24591.0	243.58677685950414
24778.0	0.0
24965.0	0.0
25152.0	706.3333333333334
25339.0	474.57142857142856
25526.0	331.37719298245617
25713.0	256.89166666666665
25900.0	274.8074074074074
26087.0	282.85496183206106
26274.0	285.5964912280702
26461.0	295.1208791208791
26648.0	305.4836065573771
26835.0	321.6967213114754
27022.0	302.2300884955752
27209.0	275.78472222222223
27396.0	279.0833333333333
27583.0	295.3813559322034
27770.0	272.23853211009174
27957.0	245.64655172413794
28144.0	257.0989010989011
28331.0	303.7549019607843
28518.0	301.46153846153845
28705.0	252.01149425287358
28892.0	312.7916666666667
29079.0	272.01408450704224
29266.0	301.4931506849315
29453.0	303.8857142857143
29640.0	278.2470588235294
29827.0	272.1645569620253
30014.0	235.86046511627907
30201.0	269.74603174603175
30388.0	305.0
30575.0	305.6031746031746
30762.0	323.015873015873
30949.0	354.32
31136.0	309.2077922077922
31323.0	283.6865671641791
31510.0	277.22222222222223
31697.0	253.82608695652175
31884.0	293.43564356435644
32071.0	302.52054794520546
32258.0	266.3137254901961
32445.0	263.88793103448273
32632.0	274.731884057971
32819.0	293.28688524590166
33006.0	299.6455696202532
33193.0	261.9076923076923
33380.0	305.8835616438356
33567.0	272.963963963964
33754.0	259.4074074074074
33941.0	251.1439393939394
34128.0	273.4492753623188
34315.0	280.5376344086022
34502.0	274.2307692307692
34689.0	278.22
34876.0	303.97478991596637
35063.0	276.04545454545456
35250.0	303.2093023255814
35437.0	275.9430894308943
35624.0	268.58870967741933
35811.0	270.1264367816092
35998.0	297.3611111111111
36185.0	277.2258064516129
36372.0	283.79545454545456
36559.0	285.60714285714283
36746.0	242.88888888888889
36933.0	314.970297029703
37120.0	277.7808219178082
37307.0	261.6923076923077
37494.0	313.27027027027026
37681.0	292.35779816513764
37868.0	279.6355140186916
38055.0	296.73571428571427
38242.0	263.5929203539823
38429.0	222.93333333333334
38616.0	178.71428571428572
38803.0	244.93333333333334
38990.0	265.5945945945946
39177.0	257.01063829787233
39364.0	284.18045112781954
39551.0	303.287037037037
39738.0	312.8333333333333
39925.0	273.25
40112.0	284.8830409356725
40299.0	323.7881355932203
40486.0	291.1792452830189
40673.0	296.8780487804878
40860.0	321.50375939849624
41047.0	294.87068965517244
41234.0	286.03061224489795
41421.0	287.4226804123711
41608.0	300.26666666666665
41795.0	289.3103448275862
41982.0	277.4727272727273
42169.0	289.9433962264151
42356.0	290.4756097560976
42543.0	256.8333333333333
42730.0	314.9757575757576
42917.0	299.37168141592923
43104.0	263.0919540229885
43291.0	254.22549019607843
43478.0	305.67721518987344
43665.0	272.078125
43852.0	281.9316239316239
44039.0	291.1954887218045
44226.0	298.4
44413.0	313.7289719626168
44600.0	263.3466666666667
44787.0	310.3452380952381
44974.0	287.7088607594937
45161.0	290.7477477477477
45348.0	283.17164179104475
45535.0	260.5728155339806
45722.0	274.25757575757575
45909.0	325.6756756756757
46096.0	277.84615384615387
46283.0	285.20212765957444
46470.0	272.5049504950495
46657.0	309.3181818181818
46844.0	294.72727272727275
47031.0	285.32978723404256
47218.0	270.56190476190477
47405.0	282.62307692307695
47592.0	269.5
47779.0	287.8235294117647
47966.0	296.36507936507934
48153.0	285.1843971631206
48340.0	245.3671875
48527.0	278.7094594594595
48714.0	278.5188679245283
48901.0	282.89719626168227
49088.0	295.7865168539326
49275.0	285.6306306306306
49462.0	264.28
49649.0	280.7980769230769
49836.0	297.5090909090909
50023.0	274.59375
50210.0	301.1720430107527
50397.0	339.979797979798
50584.0	302.9375
50771.0	258.28205128205127
50958.0	859.0
51145.0	775.0
51332.0	547.5238095238095
51519.0	421.0689655172414
51706.0	269.6276595744681
51893.0	303.9010989010989
52080.0	296.30263157894734
52267.0	289.93650793650795
52454.0	304.35955056179773
52641.0	322.28846153846155
52828.0	285.46153846153845
53015.0	250.30088495575222
53202.0	276.6390977443609
53389.0	276.9186046511628
53576.0	264.8961038961039
53763.0	276.14516129032256
53950.0	280.49122807017545
54137.0	245.24615384615385
54324.0	279.8095238095238
54511.0	303.89830508474574
54698.0	282.3125
54885.0	263.16037735849056
55072.0	285.65384615384613
55259.0	349.1333333333333
55446.0	278.34831460674155
55633.0	259.64406779661016
55820.0	217.93243243243242
56007.0	284.10714285714283
56194.0	270.63392857142856
56381.0	259.4344262295082
56568.0	258.08
56755.0	300.462962962963
56942.0	279.8333333333333
57129.0	277.1544715447154
57316.0	296.22
57503.0	317.0744680851064
57690.0	265.5733333333333
57877.0	244.8830409356725
58064.0	258.55345911949684
58251.0	301.94776119402985
58438.0	294.0625
58625.0	241.35766423357666
58812.0	284.73267326732673
58999.0	269.7464788732394
59186.0	275.8333333333333
59373.0	227.40444444444444
59560.0	227.68208092485548
59747.0	280.1068376068376
59934.0	257.2786069651741
60121.0	258.1689497716895
60308.0	274.9160839160839
60495.0	274.7
60682.0	301.09285714285716
60869.0	291.9325153374233
61056.0	277.6981132075472
61243.0	276.0
61430.0	294.6578947368421
61617.0	270.9263157894737
61804.0	261.3758865248227
61991.0	257.42857142857144
62178.0	470.3222222222222
62365.0	310.3960396039604
62552.0	257.3658536585366
62739.0	264.8407079646018
62926.0	549.5882352941177
63113.0	283.02150537634407
63300.0	288.0049019607843
63487.0	249.6118721461187
63674.0	236.38176197836168
63861.0	263.4240687679083
64048.0	259.28515625
64235.0	270.9304347826087
64422.0	301.91609977324265
64609.0	277.64830508474574
64796.0	203.3551401869159
64983.0	245.98295454545453
65170.0	260.0681818181818
65357.0	272.6625
65544.0	284.5140186915888
65731.0	286.2888888888889
65918.0	265.8222222222222
66105.0	293.375
66292.0	280.3134328358209
66479.0	293.36764705882354
66666.0	315.49367088607596
66853.0	268.4864864864865
67040.0	213.4020618556701
67227.0	286.92727272727274
67414.0	272.4651162790698
67601.0	291.2857142857143
67788.0	289.671875
67975.0	288.7289719626168
68162.0	268.10526315789474
68349.0	293.23728813559325
68536.0	294.2142857142857
68723.0	295.57377049180326
68910.0	273.13483146067415
69097.0	315.53409090909093
69284.0	290.4724409448819
69471.0	265.5
69658.0	261.01785714285717
69845.0	287.5660377358491
70032.0	297.68
70219.0	259.9873417721519
70406.0	277.5684210526316
70593.0	327.14666666666665
70780.0	297.3783783783784
70967.0	269.62280701754383
71154.0	281.4888888888889
71341.0	251.14102564102564
71528.0	275.1411764705882
71715.0	247.20238095238096
71902.0	234.97278911564626
72089.0	218.08045977011494
72276.0	313.34831460674155
72463.0	253.6969696969697
72650.0	339.8606557377049
72837.0	303.27710843373495
73024.0	255.875
73211.0	279.6111111111111
73398.0	341.0967741935484
73585.0	275.0779220779221
73772.0	276.0241935483871
73959.0	266.79411764705884
74146.0	236.3673469387755
74333.0	91.94444444444444
74520.0	0.0
74624.0	0.0
