# Position (bp)	A	C	G	T	N
0.0	14.760074769827355	26.247228059583655	51.119805877094194	7.871730271330881	0.001161022163913109
1.0	15.17103690032617	32.566075843576975	23.7849821824471	28.477905073649758	0.0
2.0	16.569426884576572	34.2419356709545	25.413800702910233	23.774836741558698	0.0
3.0	11.745292850691309	41.92778897149077	16.474443595266216	29.852474582551704	0.0
4.0	31.676149505042094	18.666157831436767	18.571329447682487	31.086363215838652	0.0
5.0	29.2863409678611	16.64550240118212	42.09110639083857	11.977050240118212	0.0
6.0	23.67780558984001	25.346913822338596	35.24506015479912	15.730220433022273	0.0
7.0	27.41273574030525	25.125651311845804	32.939087932863	14.522525014985938	0.0
8.0	9.38356953566079	49.748818988362714	25.758727964051157	15.108883511925336	0.0
9.0	21.616361689141726	33.3809320911593	17.806925619263676	27.1957806004353	0.0
10.0	16.37601803708646	18.5995950858142	47.432475958220216	17.591910918879126	0.0
11.0	18.583531629708823	32.95628283385638	24.841650285661736	23.618535250773068	0.0
12.0	13.653806383418738	29.106826903191706	36.565637997196625	20.673728716192926	0.0
13.0	13.93554609017118	42.17058357538949	25.13059551555091	18.763274818888416	0.0
14.0	21.672785681505278	29.646626893070216	33.57503441945847	15.105553005966039	0.0
15.0	22.425256786500366	29.422688921496697	30.394809244314015	17.757245047688922	0.0
16.0	20.801200884621114	29.894922595652524	29.260103816933846	20.043772702792513	0.0
17.0	20.80528460869167	29.858726015478315	29.98923844850483	19.346750927325182	0.0
18.0	20.083073965580372	29.71667887220798	30.919306114976198	19.280941047235444	0.0
19.0	19.845189911047083	30.536690219752575	30.85682925156068	18.761290617639663	0.0
20.0	19.891114135718453	30.64588075167847	30.14605803433565	19.316947078267432	0.0
21.0	19.43586576075767	30.628188410770253	30.263308397959417	19.672637430512662	0.0
22.0	19.7357432934851	30.42040839672825	30.33232282788995	19.5115254818967	0.0
23.0	19.4572827529401	30.191506886926277	30.63995790051709	19.711252459616528	0.0
24.0	19.24890689742005	30.476386695052994	30.66181352013369	19.612892887393265	0.0
25.0	19.192983259669774	31.054343096617583	29.794810726635674	19.95786291707697	0.0
26.0	19.39498109315916	30.660020625644552	30.128337343875327	19.816660937320957	0.0
27.0	19.94794891197175	30.263007039508384	30.26071404003577	19.528330008484097	0.0
28.0	19.825885483574968	29.893099651312166	30.123646540649663	20.157368324463203	0.0
29.0	19.79384283385753	30.390963979889346	30.737620239215772	19.077572947037353	0.0
30.0	19.500849910414846	30.450911930904578	30.680617448431114	19.36762071024946	0.0
31.0	19.877689902519773	31.133897369873093	29.922291704984367	19.06612102262277	0.0
32.0	19.918549537527035	30.03083153099259	30.678523767889192	19.372095163591183	0.0
33.0	19.475375102195915	30.60810888615087	30.278778945913892	19.637737065739323	0.0
34.0	19.65771580039184	29.88129537858707	30.273135876454997	20.187852944566096	0.0
35.0	19.59567769538593	30.404898919423847	30.403745689804296	19.59567769538593	0.0
36.0	19.9979224136936	30.05459435127368	30.280820415748106	19.666662819284618	0.0
37.0	20.07210288527091	29.70199785077938	30.438048137919875	19.787851126029835	0.0
38.0	20.22071582259445	30.8643546260093	29.653193901395092	19.261735650001157	0.0
39.0	19.908066738453346	30.20135005268216	30.49312816237683	19.397455046487664	0.0
40.0	20.333012757378075	30.337299977984543	30.21911173423867	19.11057553039871	0.0
41.0	19.58955440318333	30.61288414018724	30.292694810844672	19.504866645784755	0.0
42.0	19.735481096660973	30.237206977906396	30.46848668688911	19.55882523854352	0.0
43.0	20.217467147342713	30.465170368647517	29.986044888940572	19.331317595069194	0.0
44.0	19.180203784570597	30.565356622998546	30.397671033478897	19.856768558951966	0.0
45.0	19.613011581660622	30.182297437572164	30.526364898121045	19.67832608264617	0.0
46.0	19.704525547445257	30.04729927007299	30.770218978102186	19.477956204379563	0.0
47.0	19.33204655787565	30.866233842194536	30.33163712932093	19.47008247060888	0.0
48.0	19.499830232639823	30.442214703024202	30.945662736649847	19.111121518305605	0.0011708093805247568
49.0	19.451968060783003	30.726839963886643	29.767725444675037	20.053466530655317	0.0
50.0	20.03826201262881	30.437078941808878	30.13074810450459	19.393910941057722	0.0
51.0	19.88152187966478	29.564287309441813	30.86072943969722	19.693461371196182	0.0
52.0	19.7027291021854	31.00514281006908	29.801230979252235	19.490897108493286	0.0
53.0	19.968877833708607	30.45846251783041	30.405413370742806	19.16724627771818	0.0
54.0	19.563729077645835	30.188389716471114	31.158667579499046	19.089213626384	0.0
55.0	19.72173954159131	30.171282669598217	30.580280624608434	19.52669716420204	0.0
56.0	19.96614503184261	29.89654111129525	30.644664883164847	19.492648973697293	0.0
57.0	19.76836539943336	30.712329741455957	30.273717652358428	19.245587206752255	0.0
58.0	20.194190891070303	29.790971785345473	30.16724631144136	19.847591012142864	0.0
59.0	19.78764134454181	30.406763135678872	29.812254021854155	19.99334149792516	0.0
60.0	19.446529192428194	30.91264310305803	29.860738834685442	19.778897585266193	0.0011912845621433593
61.0	20.228069756900542	30.11785194551137	30.148865615382782	19.50521268220531	0.0
62.0	20.43901156677182	29.913488194245293	30.15366599751458	19.49383424146831	0.0
63.0	20.282374919167484	30.175077239958803	30.421766100639474	19.120781740234236	0.0
64.0	20.029024094796053	30.390146199882462	30.218640185178526	19.360990177382796	0.0011993427601674283
65.0	19.867581499861814	30.753055118299464	29.65958111534348	19.719782266495237	0.0
66.0	19.57369472594661	30.003851431047345	31.07141997448427	19.35103386852177	0.0
67.0	20.163556756365566	30.008322578310636	30.325545490730576	19.501369003823562	0.0012061707696575683
68.0	18.9437691805814	30.232220960297706	30.69497136505328	20.12903849406761	0.0
69.0	19.6441324214731	30.47993705743509	30.94837499243479	18.926345094716456	0.0012104339405676935
70.0	20.212198375166725	30.322541530253428	29.775676003395173	19.688371529040865	0.0012125621438098702
71.0	19.50896545021624	29.895767530006317	30.693911268769135	19.900140920355703	0.0012148306526070267
72.0	20.294722496014796	30.258338504970855	29.603670037357478	19.842052105769113	0.001216855887757213
73.0	19.855586861331677	29.548586971105173	30.828058106773028	19.766548355227048	0.0012197055630770732
74.0	20.049362804393777	30.1833999242452	31.019146414476495	18.748090856884524	0.0
75.0	20.13785166866629	30.621189490952723	29.99314414436473	19.247814696016256	0.0
76.0	20.410041224970556	30.189929328621908	29.92736552807224	19.471436984687866	0.0012269336474283472
77.0	19.82590092582347	30.18086139697294	30.03577883515916	19.957458842044435	0.0
78.0	19.27162928272122	30.893517377372444	30.394380083805768	19.440473256100567	0.0
79.0	19.946647565177656	29.185757863926593	31.142013807412532	19.72434575341789	0.0012350100653320325
80.0	20.1289699730178	30.259672747976335	29.618536029903208	19.991583533430703	0.0012377156719558383
81.0	19.867344408628814	29.961567071658813	30.1462930820729	20.024795437639476	0.0
82.0	19.482278669781778	30.789879206641153	29.61922751901377	20.10737187453398	0.0012427300293284288
83.0	20.021429283364895	30.224010764477228	30.13056912189774	19.62399083026014	0.0
84.0	20.014985950671246	28.83921323758976	31.415547923821418	19.729004058694972	0.001248829222603809
85.0	19.94039793145762	30.627449507281217	29.732166334848426	19.699986226412733	0.0
86.0	19.64321582806066	30.36557195942553	30.715828060660844	19.27538415185297	0.0
87.0	19.754375810043914	30.49791747933208	30.331819154156864	19.41588755646714	0.0
88.0	19.328875993440143	30.55884950170304	30.30276270972625	19.809511795130565	0.0
89.0	19.702602230483272	30.1216397339605	30.342917836279494	19.832840199276735	0.0
90.0	19.736641802405234	30.52976099862993	30.12127670370934	19.612320495255492	0.0
91.0	19.863153075240373	29.39283715724678	30.541283003510202	20.202726764002644	0.0
92.0	19.73905723905724	30.713702683399653	30.156361595755538	19.390878481787574	0.0
93.0	19.41259278218582	30.69874584079857	30.711543383670335	19.177117993345277	0.0
94.0	20.284254313886606	29.61303410024651	30.77881059983566	19.323900986031227	0.0
95.0	19.775955861499988	30.061618583546036	30.28849872379921	19.87392683115477	0.0
96.0	19.52298991885911	30.33401058584499	30.89953800163058	19.24346149366532	0.0
97.0	19.971700807435678	29.628475737985827	30.646208167822003	19.7536152867565	0.0
98.0	19.556209933809352	30.567571793401783	30.593631104393598	19.282587168395267	0.0
99.0	20.176149282596764	30.19496641664271	30.102187491832844	19.526696808927685	0.0
100.0	20.00551007556675	29.770151133501262	30.566488245172124	19.657850545759867	0.0
101.0	19.779525070133154	30.691321927641024	29.976161312839967	19.552991689385856	0.0
102.0	19.743908569009765	30.082806423450354	30.847376914733193	19.32590809280669	0.0
103.0	19.95457624417261	29.898659866385092	29.918582566309386	20.228181323132908	0.0
104.0	19.78074737937105	30.411298711690804	30.405964098050198	19.401989810887947	0.0
105.0	20.562387803767116	29.873000562655733	30.285614768373385	19.278996865203762	0.0
106.0	20.426476523610923	30.106282792950356	29.53181757029463	19.935423113144086	0.0
107.0	19.419757421864446	30.303357735217052	30.229071557848673	20.04781328506983	0.0
108.0	19.391217023124526	30.17180545000543	30.573499077190313	19.863478449679732	0.0
109.0	20.53211209246538	29.691418602115366	30.66732090284593	19.10914840257333	0.0
110.0	19.617912900575185	30.086277732128185	30.435497124075596	19.860312243221035	0.0
111.0	19.43267484730094	30.527430803939907	30.508171463159634	19.531722885599514	0.0
112.0	18.91118666556099	29.65005390165022	30.87735301434613	20.561406418442658	0.0
113.0	19.75032632543672	30.09970283555975	31.107840142194576	19.042130696808954	0.0
114.0	19.978783099063385	29.501263243114977	30.919445568878157	19.60050808894348	0.0
115.0	20.23632642763029	30.024389560146897	29.809929634717275	19.929354377505536	0.0
116.0	19.859714358150935	30.406490323671086	30.02197244992817	19.711822868249808	0.0
117.0	19.988111581301215	29.998443183265632	30.582957102622526	19.43048813281062	0.0
118.0	20.75334869038478	28.930978585444926	30.23064016153343	20.08503256263686	0.0
119.0	19.854579738300668	29.816867607565285	30.876807039597736	19.45174561453631	0.0
120.0	20.173588695215553	29.533032063697007	30.980560935370487	19.31281830571695	0.0
121.0	19.684823668502553	30.155137114680354	30.79385218720263	19.366187029614466	0.0
122.0	19.55986323597589	30.21702596198424	30.325683820120535	19.897426981919335	0.0
123.0	20.11327732560679	29.63119348873779	30.11895575195469	20.136573433700732	0.0
124.0	20.270388903520324	28.82831475141193	31.021566733971262	19.87972961109648	0.0
125.0	19.72170741034919	30.209160709557846	30.95196069779072	19.11717118230224	0.0
126.0	19.305972244801442	29.605545128061127	31.06867859834769	20.019804028789736	0.0
127.0	20.013669321288482	29.013134434803277	31.02490193747771	19.948294306430526	0.0
128.0	20.236815385534253	30.215612494773936	30.194708236277844	19.352863883413963	0.0
129.0	20.00990440746132	29.626183651725018	30.349505529960837	20.014406410852832	0.0
130.0	19.97043428416273	30.36368847389619	29.858356085861253	19.807521156079826	0.0
131.0	19.769029986645624	29.956294767512443	30.59973291246813	19.674942333373803	0.0
132.0	19.88547869903802	30.07634753397465	30.80622995877233	19.231943808214993	0.0
133.0	20.02090153226674	30.342569966342385	29.9337605852429	19.70276791614797	0.0
134.0	19.964109466128306	30.07379217524481	30.183629584938355	19.778468773688527	0.0
135.0	20.05547158639388	29.808186733564984	30.397182791342694	19.739158888698444	0.0
136.0	20.433582230030748	29.63230218987262	30.239380058982242	19.69473552111439	0.0
137.0	19.943749209960814	29.25673113386424	30.656680571356336	20.142839084818608	0.0
138.0	20.330973028880578	30.04057602036757	30.704113294613734	18.924337656138118	0.0
139.0	19.939979458210296	28.819489022981127	30.93144177686481	20.30908974194377	0.0
140.0	19.85383481064964	30.38194163115166	30.242582359708965	19.521641198489732	0.0
141.0	19.846352929613918	30.028337892512575	30.683549280086485	19.441759897787023	0.0
142.0	20.0999518504375	29.017582891962345	30.75428780155739	20.124856796559797	0.0033206594829733186
143.0	20.18296072914736	28.884546051855718	30.768064423741095	20.162744073992958	0.0016847212628670588
144.0	20.397532556545578	28.25908156271419	31.50959561343386	19.833790267306377	0.0
145.0	20.29860172985491	28.08119440691942	31.633888313830067	19.986315549395602	0.0
146.0	20.68250068250068	27.285467285467284	32.59441259441259	19.43761943761944	0.0
147.0	22.07365659313964	25.031580993100768	32.86949761927898	20.025264794480613	0.0
148.0	24.517756562207772	21.34701955070352	34.18872191897005	19.946501968118653	0.0
149.0	29.0004825843813	9.251426462656486	40.216311352087885	21.53177960087433	0.0
150.0	33.382182328875864	0.0	34.73163583073823	31.88618184038591	0.0
