# Position (bp)	A	C	G	T	N
0.0	12.728446884081368	34.336454633516304	41.478850500484334	11.449790119470455	0.006457862447529868
1.0	12.783651366683857	36.61681279009799	26.637441980402272	23.962093862815884	0.0
2.0	15.792503517973646	33.33120122809262	28.51477548931815	22.361519764615583	0.0
3.0	17.23744292237443	32.515220700152206	35.039320142059864	15.208016235413496	0.0
4.0	19.117739206717214	33.41688075693966	31.58719217996115	15.87818785638198	0.0
5.0	19.98022982824663	32.46632892623255	32.37983442481156	15.173606820709255	0.0
6.0	16.861179361179364	32.966830466830466	32.67813267813268	17.493857493857494	0.0
7.0	17.345132743362832	35.41653951785169	31.718034787915776	15.520292950869699	0.0
8.0	17.08131067961165	34.08980582524272	31.00728155339806	17.821601941747574	0.0
9.0	18.180722891566266	31.807228915662648	33.43975903614458	16.572289156626507	0.0
10.0	16.34546325113718	34.85156811108451	32.07445535073019	16.728513287048123	0.0
11.0	16.726084373143195	33.178847296494354	32.697563874034465	17.397504456327987	0.0
12.0	16.727745596406194	33.66828230287268	33.45549119281239	16.148480907908734	0.0
13.0	17.047523938201255	33.70733713211537	32.6381953827175	16.60694354696587	0.0
14.0	17.975821993809497	32.74543012322607	31.700052560883023	17.578695322081412	0.0
15.0	17.43821789070658	33.45515721081332	33.26952082608191	15.837104072398189	0.0
16.0	17.900380491179526	33.08543756485645	31.563472846765826	17.450709097198203	0.0
17.0	19.631901840490798	31.90757410698928	31.253941861131818	17.206582191388108	0.0
18.0	16.635332991511422	33.91443058166695	33.17951347348031	16.27072295334131	0.0
19.0	17.157751586582048	33.210562103354484	32.00929283771532	17.62239347234814	0.0
20.0	18.13421911946853	32.929850242089856	31.79822092106745	17.137709717374168	0.0
21.0	17.311574697173622	32.138851502916104	33.759533423059665	16.790040376850605	0.0
22.0	17.50544601463442	31.916438585711894	32.85482879964252	17.71770094397587	0.0055856560353013465
23.0	18.860161245482345	31.832082290797885	31.27606338615513	18.031693077564636	0.0
24.0	17.672795746566237	33.30748781568454	32.48227735932654	16.537439078422686	0.0
25.0	18.603496773481883	32.51337488279742	31.60884672660085	17.27428161711985	0.0
26.0	18.56906989543203	32.25096312603192	31.74463401210787	17.40781507980187	0.0275178866263071
27.0	18.53214030850305	31.948180271175275	33.03507712576165	16.446176648185762	0.0384256463742658
28.0	17.049808429118773	34.71811713191023	31.362889983579638	16.84181718664477	0.027367268746579094
29.0	18.732977448523805	32.53622398954135	32.31288811417365	16.379779932454515	0.038130515306678284
30.0	18.447657354060222	32.085009240134795	32.54701597999782	16.88226981193608	0.038047613871072944
31.0	17.33919080160538	32.54149040026033	32.60114979932748	17.501898253606683	0.016270745200130166
32.0	17.62574364521363	33.288263926446724	32.04975662520281	17.025419145484044	0.01081665765278529
33.0	17.166756610901242	33.53480841878035	32.09929843497032	17.188343227199137	0.010793308148947653
34.0	17.69268056228793	34.14121829051543	31.200517046372596	16.965584100824042	0.0
35.0	19.548751007252214	32.31265108783239	31.227504700510337	16.911093204405052	0.0
36.0	17.580532775901805	32.23990995336871	33.60668917832449	16.572868092404995	0.0
37.0	17.238059581751084	31.66283360967	33.59362464566508	17.505482162913836	0.0
38.0	17.92749986653142	33.51663018525439	31.55197266563451	17.00389728257968	0.0
39.0	17.06264649477946	32.6976347751971	33.44342637971447	16.79629235030897	0.0
40.0	18.500398830098376	33.54427014091997	31.831959585216694	16.123371443764956	0.0
41.0	18.703241895261847	31.819387700960366	31.893670080118852	17.578394439433332	0.005305884225606197
42.0	17.138765117759387	33.66221090600467	32.34670061531933	16.852323360916614	0.0
43.0	17.686642293223123	33.047210300429185	32.86705876119324	16.399088645154453	0.0
44.0	18.415474297827238	32.55431902490726	31.78060413354531	17.24960254372019	0.0
45.0	19.021393772505828	32.88498199533997	31.40224528701546	16.69137894513874	0.0
46.0	17.049423219388295	32.44787808233676	33.56439834903164	16.938300349243306	0.0
47.0	17.627781595221734	32.242718959775885	33.04614408795391	17.083355357048468	0.0
48.0	17.357116470526147	34.61396379756187	31.642830756240436	16.38608897567154	0.0
49.0	17.454966817655116	33.57737280101127	32.63457284314758	16.33308753818603	0.0
50.0	18.619489559164734	31.72326513393799	32.572242143007806	17.085003163889475	0.0
51.0	17.206627268889825	32.08104685521317	32.88834951456311	17.823976361333894	0.0
52.0	18.356698640244545	32.00695688837356	32.91873089490882	16.712343206493095	0.005270369979972594
53.0	18.465025565336564	32.89230931421643	31.89605186864161	16.746613251805385	0.0
54.0	17.987580254710032	33.37017156088833	33.1386169876855	15.503631196716135	0.0
55.0	18.163672654690618	32.83958398991491	33.10221661939279	15.89452673600168	0.0
56.0	17.164570230607968	32.22746331236897	33.003144654088054	17.60482180293501	0.0
57.0	17.344045368620037	32.27263180004201	33.13379542113001	17.24952741020794	0.0
58.0	17.661574001155035	33.06032446054496	32.47230534992387	16.80579618837612	0.0
59.0	18.426164103102526	31.256233923040575	32.50564334085779	17.811958632999108	0.0
60.0	16.510821601176715	33.6782937591931	33.12145408699307	16.68943055263711	0.0
61.0	16.542262405382672	33.321068124474344	33.699537426408746	16.43713204373423	0.0
62.0	18.59227648701333	31.800221273905482	32.205890100626945	17.401612138454244	0.0
63.0	17.748644237350604	32.88053493392302	32.95424630126889	16.416574527457485	0.0
64.0	17.11697477221257	34.197082214146526	32.2431137093801	16.44282930426081	0.0
65.0	18.003583851586384	32.033308738273426	31.790871719194687	18.172235690945506	0.0
66.0	16.952370905638485	33.7781528561633	32.76016667545756	16.50930956274065	0.0
67.0	18.10085893449966	32.57627654529167	32.83448384886968	16.48838067133899	0.0
68.0	18.711446196024674	31.855327674381822	32.31929140085412	17.113934728739387	0.0
69.0	16.947007645663064	32.47034010018455	33.40363828104403	17.179013973108358	0.0
70.0	17.19211303247575	33.97300716997048	31.832560101223113	17.002319696330662	0.0
71.0	17.919746568109822	31.958817317845828	32.29144667370644	17.829989440337908	0.0
72.0	16.932334001900138	33.45824976248284	32.83542700306133	16.77398923255568	0.0
73.0	17.596067445425234	32.554574766108146	32.36428986732914	17.48506792113748	0.0
74.0	18.54027733672065	31.676722769133058	32.460040224409866	17.322959669736424	0.0
75.0	17.562553011026296	32.43214588634436	33.004664970313826	17.00063613231552	0.0
76.0	17.104355668735742	33.84264417210462	31.9751710966099	17.07782906254974	0.0
77.0	18.159137958490366	31.763894049578	32.24162641329158	17.835341578640055	0.0
78.0	16.987740805604204	33.38109642838189	32.717720108263016	16.91344265775089	0.0
79.0	17.350241417732263	32.32344670239296	33.11932933623388	17.206982543640898	0.0
80.0	17.73420014920601	32.43099221997229	32.089949909410635	17.744857721411062	0.0
81.0	17.573199401581537	33.36717247275059	31.951271639239152	17.108356486428725	0.0
82.0	17.341812740487388	32.61543394613082	32.97349294570329	17.069260367678496	0.0
83.0	18.29261773667611	31.608488800983586	32.6294969797402	17.469396482600096	0.0
84.0	17.18373251888764	32.770722820554035	33.12972190966082	16.915822750897497	0.0
85.0	17.276335550311092	32.83630122291354	32.063934777944645	17.82342844883072	0.0
86.0	18.18474585368472	32.03800118082765	32.74649777252965	17.030755192957972	0.0
87.0	17.783034082356735	32.79754865068272	32.87818514138265	16.541232125577896	0.0
88.0	17.04508770041967	32.97105348111482	32.75583772732164	17.228021091143873	0.0
89.0	17.519112738236245	32.45935178206095	31.73252934209109	18.289006137611715	0.0
90.0	17.989960598046096	32.67663410158148	32.768392076428995	16.565013223943435	0.0
91.0	17.543290043290042	33.495670995671	32.48376623376623	16.477272727272727	0.0
92.0	17.86663772991156	32.44533666106017	31.946177635505396	17.74184797352287	0.0
93.0	17.222644789742475	32.304683255460176	32.77192219928284	17.700749755514504	0.0
94.0	17.523809523809526	32.45170068027211	32.90884353741497	17.1156462585034	0.0
95.0	18.088476242490444	32.255598033861276	32.32659748771163	17.329328235936647	0.0
96.0	17.33610594286965	33.430009850060195	32.291780671992996	16.94210353507716	0.0
97.0	17.552026286966047	33.055859802847756	31.74151150054765	17.650602409638555	0.0
98.0	17.189474262484204	32.04416854364665	33.50546613195627	17.260891061912872	0.0
99.0	17.32547896939	33.80863245981062	32.32768112750495	16.53820744329443	0.0
100.0	17.49448123620309	32.31236203090508	33.65342163355408	16.539735099337747	0.0
101.0	17.987282278131048	33.66878628697816	31.230301354713852	17.113630080176943	0.0
102.0	17.34264184397163	33.31117021276596	32.906693262411345	16.439494680851062	0.0
103.0	18.23130763248528	32.55749361182091	33.01299855571603	16.19820019997778	0.0
104.0	18.016565679026073	32.36422258046584	31.719384068041578	17.899827672466508	0.0
105.0	17.898724305052642	32.02607097097655	33.034371344214804	17.040833379756002	0.0
106.0	17.71671134941912	33.13226094727435	32.596067917783735	16.554959785522787	0.0
107.0	18.204754429244225	32.19331688719444	31.98587127158556	17.61605741197578	0.0
108.0	17.28166245436675	33.45689413086212	32.24936815501264	17.012075259758493	0.0
109.0	17.79455682650589	32.135008733870514	32.97458725418381	17.09584718543979	0.0
110.0	17.6779364452221	32.403905853135406	31.980583620251736	17.937574081390757	0.0
111.0	16.860991623273716	33.478605388272584	32.24473624632103	17.415666742132668	0.0
112.0	17.682096664397548	32.987292943045155	32.958928976628094	16.371681415929203	0.0
113.0	18.19732726755758	32.09553596815468	31.970429343190222	17.736707421097524	0.0
114.0	17.08499714774672	32.80091272104963	32.9092983456931	17.204791785510555	0.0
115.0	17.35825331504344	32.698902606310014	33.15614997713763	16.786694101508917	0.0
116.0	18.18233912096728	31.029740416022005	33.058277462609595	17.729643000401126	0.0
117.0	18.035426731078903	32.42466068553025	32.99401886358408	16.545893719806763	0.0
118.0	18.06164858000462	32.38282151927962	32.44631724774879	17.10921265296698	0.0
119.0	18.556701030927837	31.8545117572107	31.680759874898644	17.908027336962817	0.0
120.0	17.79597050455786	32.90948150728677	32.497242060035994	16.797305928119375	0.0
121.0	17.34979040521658	32.54541220307406	33.02864462040056	17.076152771308802	0.0
122.0	18.526746565331777	31.750950014615608	32.201110786319795	17.521192633732827	0.0
123.0	17.758105176760274	32.702116433135956	31.922377909362726	17.617400480741043	0.0
124.0	17.723232679969392	31.955971510977694	32.92130201895344	17.399493790099477	0.0
125.0	17.948566361217853	32.101684895063556	33.00029559562518	16.949453148093408	0.0
126.0	17.729107312440647	33.14933523266856	32.73979107312441	16.381766381766383	0.0
127.0	17.554933603287086	32.436134103495505	32.65646400285833	17.352468290359077	0.0
128.0	17.602346181469954	31.60761311946373	32.21211395738568	18.57792674168063	0.0
129.0	17.066426209798617	32.83438533213105	32.81635106702735	17.282837391042982	0.0
130.0	17.928911954619515	32.641361414519345	32.406010500271556	17.023716130589584	0.0
131.0	18.320703243407095	32.755380418308576	31.31858138829948	17.605334949984844	0.0
132.0	17.034873105714805	32.96816992270708	32.7125555352687	17.284401436309416	0.0
133.0	17.05658990690838	32.60044096031357	33.63547280744733	16.70749632533072	0.0
134.0	17.54505060478894	32.726487287089604	31.745248086892126	17.983214021229326	0.0
135.0	17.449080973671137	32.93591654247392	32.482613015399906	17.13238946845504	0.0
136.0	17.81379051432862	33.068452008509574	31.585533725441124	17.532223751720686	0.0
137.0	17.85557161712023	32.41153918672616	31.43108541260763	18.301803783545974	0.0
138.0	16.970271979759648	33.0550284629981	32.82732447817837	17.147375079063885	0.0
139.0	17.362302267962644	32.42487770789658	32.88228193888571	17.330538085255064	0.0
140.0	18.187048520104838	32.02710477529885	32.321166016748705	17.4646806878476	0.0
141.0	17.030877328692064	33.03036163217946	32.65003545413524	17.28872558499323	0.0
142.0	17.47484582927621	33.099642973060696	32.07400194741967	17.351509250243428	0.0
143.0	18.05791052562932	31.596452328159646	32.67901395591496	17.666623190296075	0.0
144.0	17.453139336741383	32.63861580810067	33.30711757766417	16.601127277493774	0.0
145.0	16.87009302632447	33.59503859602824	32.381078049745994	17.1537903279013	0.0
146.0	18.35955808503515	31.375962504184802	32.79544693672582	17.469032474054234	0.0
147.0	17.349708237209935	33.023476726828605	32.589225132311036	17.037589903650428	0.0
148.0	15.741060930908086	33.709108513728474	32.74776955529428	17.802061000069163	0.0
149.0	11.046250561293219	35.66082921718306	34.089208202364915	19.203712019158807	0.0
150.0	0.0	42.327341532639544	36.61305581835383	21.059602649006624	0.0
