# Position (bp)	A	C	G	T	N
0.0	12.171052631578947	27.008310249307478	55.36703601108033	5.4189750692520775	0.03462603878116344
1.0	11.063168795305488	33.051432516396275	26.47566448049707	29.340697273041076	0.06903693476009665
2.0	16.437886067261495	36.66781056966369	25.92656142759094	20.967741935483872	0.0
3.0	10.198878123406425	43.10725820159782	17.202107768145506	29.491755906850248	0.0
4.0	27.477704862863874	23.87682988389702	21.117280834595324	27.528184418643782	0.0
5.0	28.27780540361346	17.934692524448863	44.37261727167247	9.414884800265208	0.0
6.0	20.029747149231532	28.755577590480915	36.78730788299455	14.42736737729301	0.0
7.0	27.49467475012289	28.461412420121253	31.197771587743734	12.846141242012123	0.0
8.0	7.2185106729672475	50.806583021020046	27.86377708978328	14.111129216229429	0.0
9.0	20.788240994992734	34.679373283799066	18.866095945727672	25.66628977548054	0.0
10.0	14.649375600384246	18.171629843099584	50.592379122638484	16.586615433877682	0.0
11.0	15.973881191272495	36.24781016085364	27.26548813505335	20.51282051282051	0.0
12.0	13.828100222010784	30.9546463685379	37.614969869965115	17.586425626387566	0.01585791309863622
13.0	11.935128326247835	42.49724452842072	25.523539600062982	20.044087545268464	0.0
14.0	22.330097087378643	31.83526464140307	30.535546507986222	15.29909176323207	0.0
15.0	21.658127619934792	29.26564198105884	34.140661387983236	14.935569011023134	0.0
16.0	22.009273570324574	29.520865533230296	31.097372488408038	17.372488408037096	0.0
17.0	21.98407838334354	31.38395590936926	28.67421922841396	17.94243723208818	0.015309246785058175
18.0	18.49719739433419	31.131646720193913	31.995152249659142	18.376003635812754	0.0
19.0	18.870772946859905	33.57487922705314	30.993357487922708	16.560990338164252	0.0
20.0	16.970335792802288	31.712091552477034	33.14259900617377	18.174973648546906	0.0
21.0	17.104276069017253	34.32858214553639	31.657914478619652	16.909227306826708	0.0
22.0	19.084538541821978	30.47562248397197	33.233934695094675	17.205904279111376	0.0
23.0	17.746730083234244	32.312722948870395	30.217003567181926	19.723543400713435	0.0
24.0	17.255655774064767	32.61866035782936	31.480112376164428	18.645571491941446	0.0
25.0	17.692307692307693	34.85207100591716	28.535502958579883	18.920118343195266	0.0
26.0	17.859778597785976	30.686346863468632	33.97785977859778	17.461254612546124	0.014760147601476016
27.0	19.449757245843756	32.11711048992203	31.19023098425776	17.24290127997646	0.0
28.0	18.315018315018314	35.04761904761905	28.893772893772894	17.743589743589745	0.0
29.0	18.448729184925504	34.12211510371019	30.762489044697634	16.666666666666664	0.0
30.0	17.00204141149023	34.48527267424905	33.55205599300087	14.960629921259844	0.0
31.0	17.7932839075447	31.269079808111645	33.609536269806654	17.328100014536997	0.0
32.0	19.482584188466543	28.905911258852434	33.415233415233416	18.19627113744761	0.0
33.0	16.226306720275705	33.90292935094773	33.24238943136129	16.62837449741528	0.0
34.0	17.189514396218307	33.53387766795588	32.960893854748605	16.31571408107721	0.0
35.0	20.148720148720148	30.53053053053053	30.98813098813099	18.332618332618335	0.0
36.0	18.510061367204226	31.026116740402454	31.06893106893107	19.39489082346225	0.0
37.0	18.480113636363637	31.37784090909091	32.42897727272727	17.71306818181818	0.0
38.0	18.23204419889503	33.9283184587052	30.726731831704207	17.112905510695565	0.0
39.0	19.092066185829445	32.781784754631595	32.11709800593975	16.009051053599208	0.0
40.0	18.380589645930314	30.173508252221755	33.12173790379461	18.32416419805332	0.0
41.0	18.153585544889893	33.41332580463015	31.14059853190288	17.292490118577074	0.0
42.0	17.2009603163395	31.407993221296426	34.96681259709081	16.424233865273266	0.0
43.0	17.975148263202485	32.60378424173962	32.18017509178198	17.24089240327591	0.0
44.0	16.7208480565371	33.52650176678445	33.159010600706715	16.59363957597173	0.0
45.0	17.08798192345714	31.66219460528174	33.01793531987008	18.231888151391047	0.0
46.0	14.549555900183279	32.468631044691946	34.08994783589455	18.891865219230226	0.0
47.0	17.86017548825361	30.88027172374752	32.493631474667424	18.765921313331447	0.0
48.0	16.323072578367693	32.10957356678904	34.60886755153911	16.958486303304152	0.0
49.0	17.834934991520633	28.39174674957603	35.994912379875636	17.764273600904463	0.014132278123233465
50.0	19.06515580736544	34.34844192634561	29.58923512747875	16.997167138810198	0.0
51.0	17.634590928359476	31.567048184258866	34.08223823654091	16.716122650840752	0.0
52.0	19.63882618510158	31.616817155756205	33.168735891647856	15.575620767494355	0.0
53.0	19.117233623840317	33.63789710430138	29.940961484396965	17.28985099803205	0.014056789429294348
54.0	17.37538721486905	33.03294846522106	33.97634469163616	15.615319628273724	0.0
55.0	16.530554773303294	33.286398197690794	32.24443818642636	17.938608842579555	0.0
56.0	17.272471118624967	33.26289095519865	33.375598760214146	16.089039165962244	0.0
57.0	19.54834156669019	31.997177134791816	31.277346506704305	17.177134791813693	0.0
58.0	16.22385528547202	32.263990955342	31.868287167891463	19.64386659129452	0.0
59.0	18.997882851093863	30.557515878616798	30.825688073394495	19.618913196894848	0.0
60.0	17.12551178879006	31.55442609063956	35.041649018777356	16.278413101793028	0.0
61.0	16.318758815232723	33.42736248236953	32.46826516220028	17.77150916784203	0.014104372355430182
62.0	21.55536770921386	29.92392223161454	31.755424063116372	16.765285996055226	0.0
63.0	20.11283497884344	32.750352609308884	30.973201692524682	16.16361071932299	0.0
64.0	19.246507690136873	31.607168054183717	33.25807817129956	15.874135741498518	0.014110342881332017
65.0	16.871555743959306	32.033347463614525	33.785502331496396	17.309594460929773	0.0
66.0	16.134978023536085	38.35247412448604	30.086488019282577	15.426059832695307	0.0
67.0	18.485965409696625	33.583782251204994	31.428976467252625	16.50127587184576	0.0
68.0	16.63357912648894	30.58706749858196	34.30232558139535	18.477027793533747	0.0
69.0	17.841910719363092	32.69832243389252	32.95422234859255	16.491327836224055	0.014216661927779357
70.0	20.028510334996437	30.420527441197432	32.84390591589451	16.707056307911618	0.0
71.0	17.699241665474315	32.679925597367294	31.134640148805264	18.486192588353127	0.0
72.0	20.040051494779	31.798026033471604	31.755113717636963	16.406808754112433	0.0
73.0	16.521116678596997	30.952040085898354	34.259126700071576	18.26771653543307	0.0
74.0	18.726699168339547	30.929165471752224	32.36306280470318	17.981072555205046	0.0
75.0	17.761172582267566	32.748958183647076	32.03046414714758	17.459405086937778	0.0
76.0	17.40943070730305	33.683151236342724	31.90051753881541	16.99252443933295	0.01437607820586544
77.0	19.54584650761713	33.687841333716584	31.41707387180224	15.349238286864042	0.0
78.0	15.882606819162712	34.59933822471587	31.65012228456337	17.867932671558048	0.0
79.0	19.046251077276644	30.6521114622235	33.19448434357943	17.107153116920426	0.0
80.0	16.902220940294203	29.290452841072973	32.63628497259879	21.171041246034036	0.0
81.0	18.836805555555554	29.803240740740737	33.95543981481482	17.40451388888889	0.0
82.0	21.274750686515393	31.680878739702266	30.95823095823096	16.08613961555138	0.0
83.0	18.87038377986966	32.58508327299059	29.54380883417813	19.000724112961624	0.0
84.0	19.414662416690813	29.71602434077079	34.46827006664735	16.401043175891047	0.0
85.0	18.003771942550415	33.14957202959524	31.452197881909182	17.394458145945162	0.0
86.0	17.295962823119375	30.42404879465582	35.17281440604124	17.0926517571885	0.014522218995062446
87.0	17.16526285216381	33.255881498693	33.35753703165844	16.22131861748475	0.0
88.0	17.02745895685021	31.919221269795145	32.84904838006683	18.20427139328781	0.0
89.0	20.305232558139537	30.4796511627907	31.308139534883722	17.906976744186046	0.0
90.0	17.751824817518248	34.277372262773724	30.788321167883208	17.182481751824817	0.0
91.0	18.137971353405437	33.16281788950599	31.028938906752412	17.670271850336157	0.0
92.0	16.819839533187455	32.968636032093364	33.98978847556528	16.2217359591539	0.0
93.0	17.93335282081263	31.598947676118094	32.578193510669394	17.874890382928967	0.014615609470914937
94.0	17.536168347216133	30.410638608797314	34.92620195820547	17.11237761215841	0.01461347362268011
95.0	19.293876355112804	29.871081160269558	34.04629358335775	16.78874890125989	0.0
96.0	16.95983582527118	35.869246555262386	31.720902961008502	15.450014658457931	0.0
97.0	19.199646903045462	29.616007061939094	33.67662203913491	17.507723995880536	0.0
98.0	18.456326410369716	32.920901458241275	32.53792900279864	16.07011341876565	0.014729709824716454
99.0	18.933687786146802	34.07177669472751	29.375276916260525	17.604489735637276	0.014768867227883621
100.0	18.390120517780094	30.918018152060707	33.536676089867576	17.155185240291623	0.0
101.0	18.573529411764707	33.9264705882353	30.044117647058822	17.441176470588236	0.014705882352941175
102.0	17.781065088757398	33.062130177514796	33.09171597633136	16.050295857988164	0.014792899408284025
103.0	17.650557620817846	32.520446096654275	32.446096654275095	17.382899628252787	0.0
104.0	19.17237272997916	32.46501935099732	31.4676987198571	16.89490919916642	0.0
105.0	19.886448528313164	31.376064545047065	30.210667861945318	18.526819064694457	0.0
106.0	17.144142792860357	33.40332983350833	31.033448327583617	18.4190790460477	0.0
107.0	15.92893706714845	32.098765432098766	32.505269497139416	19.467028003613372	0.0
108.0	14.723648444578677	36.756266988825125	32.241014799154335	16.27906976744186	0.0
109.0	18.071742091720903	33.60072650219465	33.85802936279703	14.469502043287422	0.0
110.0	16.735003796507215	33.804100227790435	29.521640091116176	19.939255884586178	0.0
111.0	18.638647784376428	34.29267549870565	32.17603167351911	14.892645043398812	0.0
112.0	17.31297709923664	32.0763358778626	33.038167938931295	17.572519083969464	0.0
113.0	18.220858895705522	30.322085889570555	36.012269938650306	15.444785276073619	0.0
114.0	17.64615147308345	36.10982569797933	31.09671448403517	15.147308344902052	0.0
115.0	19.94116736336894	33.008205604582756	27.109459668679364	19.94116736336894	0.0
116.0	18.67656153370439	32.6530612244898	31.246134817563387	17.424242424242426	0.0
117.0	17.600373482726425	33.64456893868659	32.89760348583878	15.84189231248055	0.015561780267662622
118.0	18.882316313823164	34.33997509339975	29.841220423412206	16.936488169364882	0.0
119.0	19.387116948092558	29.049405878674172	34.09943714821764	17.464040025015635	0.0
120.0	17.326421614828778	31.024191014765947	31.888155827835373	19.761231542569902	0.0
121.0	17.755391153785613	34.26727530300646	30.521013694317645	17.45631984889029	0.0
122.0	14.57016434892541	32.585335018963335	33.691529709228824	19.152970922882428	0.0
123.0	17.433375634517766	33.15355329949238	31.83692893401015	17.576142131979697	0.0
124.0	19.259022676461193	31.922708399872246	32.40178856595337	16.41648035771319	0.0
125.0	18.67991028516501	33.22652995834668	29.285485421339313	18.80807433514899	0.0
126.0	17.333118348919704	35.87552402450822	31.44147049338923	15.349887133182843	0.0
127.0	16.936790923824958	30.04862236628849	35.13776337115073	17.876823338735818	0.0
128.0	17.83387622149837	32.58957654723127	32.28013029315961	17.29641693811075	0.0
129.0	19.048397645519948	29.659908436886855	32.537606278613474	18.754087638979726	0.0
130.0	19.174717537252334	34.861634190273456	25.806451612903224	20.15719665957098	0.0
131.0	16.307388514069444	32.43376666118151	32.74642093138061	18.51242389336844	0.0
132.0	18.637041949925383	31.28834355828221	32.03448847620627	18.04012601558614	0.0
133.0	19.100935828877006	34.10762032085562	31.016042780748666	15.775401069518717	0.0
134.0	19.398218187930745	32.17347453353504	31.46747352496218	16.96083375357203	0.0
135.0	16.69206026747926	33.82427628237684	33.46876587100051	16.01489757914339	0.0
136.0	18.270049378511835	33.91792950791759	29.661161246381745	18.15085986718883	0.0
137.0	20.493488690884167	31.42563399588759	30.29472241261138	17.78615490061686	0.0
138.0	18.1786763435286	31.933644375324	31.553481942284428	18.334197338862968	0.0
139.0	17.21382664582248	29.650859822824387	33.24648254299114	19.888830988361995	0.0
140.0	19.633187772925766	31.877729257641924	30.043668122270745	18.445414847161572	0.0
141.0	18.722350026543975	34.66643072022651	30.100867103167584	16.510352150061934	0.0
142.0	19.393398751115075	29.54504906333631	31.739518287243534	19.322033898305087	0.0
143.0	15.866762177650429	33.13037249283667	33.022922636103154	17.979942693409743	0.0
144.0	19.569152787834902	30.340333091962346	33.61694424330196	16.473569876900797	0.0
145.0	17.365710080941867	33.20456217807211	32.50551876379691	16.92420897718911	0.0
146.0	15.918060514940802	32.944935162563425	30.614546137943993	20.522458184551777	0.0
147.0	19.595251994551468	33.33333333333333	29.90854251799961	17.162872154115586	0.0
148.0	17.913928344286624	34.70426118295527	33.17786728853084	14.203943184227263	0.0
149.0	23.236741388737016	37.2061235647895	25.66976489885183	13.88737014762165	0.0
150.0	45.16339869281046	0.0	39.6078431372549	15.22875816993464	0.0
