# Position (bp)	A	C	G	T	N
0.0	14.810760426601924	26.973142287349344	50.70070666782277	7.512681002341108	0.002709615884852163
1.0	15.542429825512084	32.375094830389074	23.610599328058957	28.47133412810231	5.418879375745096E-4
2.0	16.946591346075728	33.755612485308696	25.110354053717376	24.187442114898204	0.0
3.0	11.788741083895268	42.667417116756326	16.874844407884055	28.66899739146435	0.0
4.0	31.28349041045523	19.07905764541124	19.082301923316084	30.55515002081745	0.0
5.0	28.429471774128217	16.931742697132858	42.50703419075753	12.13175133798139	0.0
6.0	23.64140849784342	25.677608814177827	34.663989160418254	16.0169935275605	0.0
7.0	27.15597716407118	25.125457312137794	32.40252101747229	15.315504904976205	5.396013425281402E-4
8.0	9.370347996806974	48.4752216780652	26.680114776380233	15.4743155487476	0.0
9.0	21.182722676756242	33.46268688893919	17.607713783699296	27.746876650605266	0.0
10.0	16.419349452490856	18.68694757593222	48.035376685213215	16.85832628636371	0.0
11.0	17.86310337773088	33.48928106123416	24.743466884885812	23.904148676149152	0.0
12.0	13.717871442717527	28.957140396951825	37.02210789167779	20.302880268652864	0.0
13.0	13.863697488031843	41.81162928298639	24.936259480393737	19.388413748588025	0.0
14.0	21.305420705449738	29.841029197511947	33.29516313726755	15.558386959770765	0.0
15.0	21.601319656760285	29.97598181710718	30.747035339505345	17.67566318662719	0.0
16.0	20.541550956389088	29.578501254236745	30.006606900182092	19.87334088919208	0.0
17.0	20.684342471857033	29.989102484955527	29.807656175347997	19.518898867839447	0.0
18.0	20.08315450643777	29.604613733905577	30.956545064377682	19.35568669527897	0.0
19.0	20.378018300204882	30.34390654666767	30.270963174323935	19.007111978803515	0.0
20.0	19.800880802055563	30.62852361053744	30.292724532107435	19.277871055299563	0.0
21.0	19.59978320248566	30.71602208758834	30.435365899468202	19.248828810457795	0.0
22.0	19.656986419024104	30.264104353427452	30.59799237747598	19.480916850072468	0.0
23.0	19.558388418435566	30.476246731139955	30.321059781879107	19.64430506854538	0.0
24.0	19.315312798805316	30.420932756045936	30.466055716112116	19.797698729036625	0.0
25.0	19.11663549794716	30.327701468154167	30.750091356591646	19.805571677307025	0.0
26.0	19.78254791043813	30.44490568472673	30.47071602176672	19.30183038306842	0.0
27.0	19.393590522968996	30.402784577229518	30.750856730919246	19.452768168882244	0.0
28.0	20.008073848803726	30.028796727399953	30.278547783728506	19.68458164006782	0.0
29.0	19.184515378525536	30.47323097139718	30.558323145609943	19.78393050446734	0.0
30.0	19.400958165151458	30.18920797788352	31.06438244693177	19.345451410033252	0.0
31.0	19.897879407118246	30.360657151946167	30.63024689028237	19.111216550653214	0.0
32.0	19.83154918634264	30.31251348901455	29.9925540639703	19.863383260672506	0.0
33.0	19.032216258248464	30.495825818366402	31.027723478016693	19.44423444536844	0.0
34.0	19.139852354651477	30.785027940206877	30.82015585987743	19.254963845264218	0.0
35.0	19.74523326572008	30.500067613252195	30.2604462474645	19.494252873563216	0.0
36.0	19.767958074366028	30.335989778461137	30.439937631288306	19.456114515884533	0.0
37.0	19.87884239215835	30.24117733117316	30.276939415777584	19.60304086089091	0.0
38.0	19.751827667744102	30.37399396923878	30.18580384840662	19.688374514610494	0.0
39.0	19.254759539436183	30.80576953351899	30.499595568077563	19.43987535896726	0.0
40.0	19.736520440038028	30.15184028249355	30.581556430802664	19.53008284666576	0.0
41.0	19.52364376081021	30.193523121607363	30.987087580362676	19.295201627378244	5.439098415046721E-4
42.0	19.40982284880047	30.537881594142895	30.87017627960691	19.18211927744972	0.0
43.0	19.855247154303044	30.058304744555407	30.27265240227547	19.813795698866084	0.0
44.0	19.244295903098614	30.964863418416943	30.269121967735945	19.521718710748495	0.0
45.0	19.44606971975393	30.25946684894053	30.89104579630895	19.403417634996583	0.0
46.0	19.488148026495868	30.110581923687523	30.59287239283955	19.80839765697706	0.0
47.0	19.196815335519318	30.72806430741224	30.138067926349148	19.93650410694507	5.483237742222027E-4
48.0	19.269338221975836	30.374167768989686	30.764417561789553	19.590978698179384	0.001097749065541108
49.0	19.368455767169593	30.441641245499767	30.577404017918486	19.61139967570836	0.0010992937037953114
50.0	19.487625506429453	30.489254888145144	30.304848511537784	19.716619693500085	0.0016514003875286243
51.0	19.4390699674224	29.728850743882745	31.29599312066941	19.534432482787892	0.0016536852375518842
52.0	19.81504485852312	30.348102139406485	30.63464458247067	19.201104209799862	0.0011042097998619738
53.0	19.78941430854564	30.424323532176807	30.037770490352766	19.747385651637735	0.0011060172870501967
54.0	19.23332594726346	30.625969421670728	30.996011522269	19.143585198315975	0.0011079104808331486
55.0	19.86331386221549	30.520838533952414	30.019914904003507	19.5937137690204	0.0022189308081900735
56.0	19.33514774494557	30.266051988447014	30.803710286602975	19.59342368362586	0.0016662963785825373
57.0	19.583585966746952	30.25537761510349	30.783821819739337	19.37498957018017	0.0022250282300456687
58.0	19.28117498315167	30.597127150599018	30.02289145218694	20.09657853550403	0.002227878558339785
59.0	19.66181850629071	30.523333630766487	30.281855090568392	19.527973587936113	0.005019184438297492
60.0	19.50828642901814	29.898150629857945	31.08695166621996	19.50381935138033	0.002791923523630841
61.0	19.9739421695101	30.53463286977236	30.105181929509655	19.382328764825285	0.003914266382602763
62.0	20.039654757170624	30.415982883483345	30.169540889767614	19.370900801496575	0.003920668081841145
63.0	19.930650627286397	30.151266916533874	30.636039230648382	19.27867675112777	0.0033664744035729515
64.0	19.617251764282827	30.54344405987324	30.462534274284174	19.372836786982514	0.00393311457724637
65.0	19.7240323687972	30.50669097702896	30.391329304115878	19.374008170982883	0.003939179075080753
66.0	19.198534592081163	31.429618148513455	30.060588981259688	19.30956742285473	0.0016908552909680147
67.0	19.978555304740407	30.155756207674944	30.537246049661398	19.325056433408577	0.003386004514672686
68.0	19.473907269799113	30.4478286666855	30.524680021473173	19.550193541095698	0.0033905009465148473
69.0	19.474682290339928	30.656364099516004	30.355212136650533	19.509778947666355	0.0039625258271772665
70.0	20.129741254656906	29.622173959886815	30.45970819558721	19.784407233301767	0.00396935656730044
71.0	19.437013307887607	30.6717558119061	30.383219452348904	19.50403553313908	0.003975894718307859
72.0	19.914858742914383	30.270676349397863	30.30880779475038	19.500534978487035	0.005122134450338061
73.0	19.399011464503367	30.443928830004957	30.697618735427085	19.456590521689062	0.0028504483755294706
74.0	19.73611309438812	29.894045409110383	30.282450378409255	20.082821647865202	0.004569470227045552
75.0	19.25872093023256	30.300082402490386	30.98562534334371	19.453282365867057	0.0022889580662882256
76.0	19.54564741230032	30.357450029242784	30.482448595772983	19.611013635164735	0.003440327519179826
77.0	19.575707441491748	30.5960546421719	30.41682464182723	19.408540998862577	0.0028722756465492483
78.0	19.09898294548657	30.749926613214225	30.90072926319667	19.24690768230141	0.0034534958011246883
79.0	19.717603086985864	30.260190456414783	30.162712763809818	19.857186528467523	0.0023071643220109244
80.0	19.727006261165165	30.065733562273444	30.43573778263408	19.768053604361423	0.0034687895658809856
81.0	19.46483295581599	29.881415139700728	31.09507064691604	19.554046773530146	0.004634484037099045
82.0	20.437629901420063	29.948445827479304	30.2828512708568	19.328750740220382	0.0023222600234548262
83.0	19.8072917272759	30.547635948936964	30.21830961330339	19.422107921287516	0.004654789196234276
84.0	19.736788398630882	30.22151990996927	30.92415610768702	19.114036980238723	0.00349860347411325
85.0	19.87878221126028	29.968964973085445	30.35587999789593	19.795203890190944	0.0011689275674032858
86.0	19.79686511562522	30.235350624399615	30.710972095311735	19.254469201752535	0.0023429629108971204
87.0	19.529534700778434	30.365969637552688	31.110354463373685	18.9912059269	0.0029352713951931995
88.0	19.771608097851985	30.17867753910961	30.539915632666748	19.507445387742614	0.0023533426290367177
89.0	19.80615950573032	30.029359052964207	30.358321935575155	19.803801348865726	0.002358156864594633
90.0	19.68381549008599	30.545787654029137	30.769776306846726	19.0000295499542	5.909990839514199E-4
91.0	19.763747792173923	29.96064438886189	30.337012055619432	19.93681764838369	0.0017781149610592824
92.0	19.286338323655794	30.747240860815765	30.8310402415324	19.134191930297934	0.0011886436981082735
93.0	19.344246664322704	30.33663673148319	30.763317382469147	19.55520329902805	5.959226969077571E-4
94.0	19.613734931122238	30.09773115568884	30.771574331831918	19.51636220265475	5.973787022545072E-4
95.0	19.76891914567203	30.233477958625983	30.582855910060648	19.414746985641347	0.0
96.0	19.67005228679608	30.323937736642826	30.631648536570705	19.373159444678166	0.0012019953122182825
97.0	19.9819091841042	30.130856901646265	30.299704516673703	19.587529397575832	0.0
98.0	19.494401393753517	30.32623753092693	30.937819477463417	19.241541597856134	0.0
99.0	19.616696403646117	30.17939288011749	31.093956717522968	19.10995399871342	0.0
100.0	19.793665004049966	29.769974238576363	30.67436464290282	19.761387097363563	6.090171072905439E-4
101.0	19.4406106870229	30.704732824427484	30.042137404580156	19.811908396946563	6.106870229007634E-4
102.0	19.310666102744218	30.25321343851713	31.072126907069258	19.363993551669395	0.0
103.0	19.650536807456856	30.133202079552095	30.62724951548897	19.589011597502076	0.0
104.0	19.563674076634832	30.405150967040974	30.546518590768507	19.484039039687882	6.173258678058386E-4
105.0	19.920686556991047	29.964990550546826	30.986770765560617	19.12755212690151	0.0
106.0	20.27755305246126	30.18856182712054	30.203497417387513	19.33038770303068	0.0
107.0	19.694753815577307	30.265246684416446	30.22212222347221	19.817877276534045	0.0
108.0	19.601800184537748	30.24975363583296	31.06887526127155	19.07957091835774	0.0
109.0	19.936714844907247	30.306277458760643	30.619551583074372	19.137456113257738	0.0
110.0	19.669309574582524	30.088652370074602	30.606898559161692	19.63513949618118	0.0
111.0	19.3522761215372	30.532376661095256	30.726846349880205	19.388500867487338	0.0
112.0	19.60403751492361	30.297961450798372	30.49524040579451	19.602760628483505	0.0
113.0	19.446546527287886	29.8563457961906	30.724684153145642	19.972423523375873	0.0
114.0	19.60349726494295	30.54823558215802	30.490248506832813	19.35801864606622	0.0
115.0	20.1460317049331	29.805096868992216	30.534608090001104	19.514263336073586	0.0
116.0	20.056025321885624	30.02944254154778	30.54874917944352	19.36578295712308	0.0
117.0	19.707076376832404	30.388215176158837	30.64145574164241	19.26325270536635	0.0
118.0	19.87832938909029	29.911565919117887	30.459608110499993	19.75049658129183	0.0
119.0	19.805697348921456	29.935122674131403	31.062736703441463	19.196443273505682	0.0
120.0	19.773843079651172	30.385618060793735	30.462371140841903	19.378167718713197	0.0
121.0	19.640756763222424	30.37419509180439	30.557604513466636	19.42744363150655	0.0
122.0	19.446001868909356	30.181551194767053	30.35309037511681	20.01935656120678	0.0
123.0	19.560261241567986	30.451808440731153	30.620113455013616	19.36781686268725	0.0
124.0	20.256354961317626	30.18775103108068	30.29827209747419	19.257621910127504	0.0
125.0	20.22748815165877	30.09275558564658	30.156398104265403	19.52335815842925	0.0
126.0	19.93223475622202	30.107226931921783	30.582808311447973	19.377730000408224	0.0
127.0	19.90771754733748	29.459976758493404	31.205824048123592	19.426481646045527	0.0
128.0	19.788891025464935	30.17745790182128	30.48100431283136	19.551960003296433	6.867565859956597E-4
129.0	19.727844214274377	30.369797884306188	31.012924639621303	18.889433261798132	0.0
130.0	20.141590220428654	30.101442944410934	29.981486489297527	19.77478695594894	6.933899139503117E-4
131.0	19.43726352316515	30.07741458961906	30.92472458941002	19.559900496819104	6.968009866701971E-4
132.0	19.90330378726833	30.159408611568512	30.43268051711453	19.503906386854922	7.006971937077392E-4
133.0	19.837802798641547	30.08328283753505	30.45742147316207	19.62078829812719	7.045925341375083E-4
134.0	19.981856581950133	29.56455796680321	30.63898850444372	19.813888219535357	7.087272675728926E-4
135.0	19.607493436822278	30.277650953087548	30.71781189361945	19.396330327588174	7.133888825476544E-4
136.0	19.818397157520725	29.78286616660087	30.657143882568285	19.740874995513764	7.177977963607651E-4
137.0	19.634132238572956	29.769579924253375	30.77784844892885	19.81771661510885	7.227731359680823E-4
138.0	19.444505114484365	30.068071784791233	30.734956863601614	19.751010156164682	0.0014560809581012704
139.0	19.53672996214011	29.368561617703165	30.972470871364422	20.120770111231767	0.0014674375605317994
140.0	19.537735779191443	29.99311269264095	30.852174685812887	19.615495700987182	0.0014811413675378247
141.0	19.866191702089445	29.576273723283244	31.161318326049216	19.394719511465006	0.0014967371130934562
142.0	20.032543706955273	28.702792704155	31.506092484674188	19.75705744342693	0.0015136607886172709
143.0	19.824766175725276	29.38122955477401	31.247984273493774	19.54448420438315	0.0015357916237924837
144.0	20.144356955380577	28.858111486064242	31.423415823022122	19.572553430821145	0.001562304711911011
145.0	20.353160595218085	28.36571172425938	31.7452312913735	19.534295479832544	0.0016009093164917674
146.0	20.684644891316985	27.292804835522492	31.503960412480698	20.51692931037346	0.0016605503063715317
147.0	22.01656674589379	24.609776863315478	33.28780730072014	20.08407534854021	0.0017737415303841924
148.0	23.447939866369712	21.053730512249444	35.111756283805285	20.385579064587972	9.94272987591473E-4
149.0	28.551239497977388	9.206773156311586	41.19256301213567	21.049424333575356	0.0
150.0	32.67304819343772	0.0	34.66496984451945	32.66198196204282	0.0
