# Position (bp)	A	C	G	T	N
0.0	13.465991661329952	26.383206605954946	53.23994866493783	6.908145522304047	0.002707545473226223
1.0	14.021883634011253	34.15608083749998	25.164583223497196	26.65711032868198	3.419763095911531E-4
2.0	15.908153393325364	34.39493095066896	28.504628168298275	21.19223051161116	5.697609624857987E-5
3.0	10.991413180881231	45.80623854046852	17.136483731735925	26.065722192485964	1.4235442836155746E-4
4.0	29.257121755764715	21.03491205130919	21.180089695488256	28.527876497437845	0.0
5.0	25.689555237617938	17.421231555646393	45.568565224226084	11.320420568359129	2.274141504475368E-4
6.0	20.825747365824295	28.75604153747075	35.542259073177135	14.875838340592937	1.1368293488412014E-4
7.0	25.38802087476731	26.981358405480538	33.823106576324506	13.807230024752418	2.841186752341706E-4
8.0	8.684709811918815	51.39294255315523	25.981333893808827	13.940786521321739	2.2721979538857425E-4
9.0	19.761407342334696	35.99940488122326	18.74510574431585	25.493968459840556	1.1357228563656983E-4
10.0	15.725130735502155	17.76788005258939	51.31876528464348	15.187911706135202	3.122211297636429E-4
11.0	16.03930090854193	35.98142165698796	26.002358758280625	21.976833542950285	8.513323919488928E-5
12.0	12.574747347793732	29.799810310474033	39.56530287482052	18.059997611148955	1.4185576276269204E-4
13.0	12.059372780554881	44.42849784550733	26.19529528689129	17.316748996498806	8.509054768814656E-5
14.0	19.20056689178441	31.346489918473864	35.391094933106935	14.061819900703199	2.8355931593016388E-5
15.0	19.169126831090885	31.65651890183023	33.19356651175237	15.980560968515753	2.2678681075944667E-4
16.0	19.03496151478356	31.242467634210747	31.131218205338385	18.591267614256708	8.503141060307677E-5
17.0	18.32821110114531	31.886780956915157	31.739957803575503	18.04505013836403	0.0
18.0	18.314715266399336	31.340656650583927	32.92727464876325	17.417325101283286	2.8332970199098617E-5
19.0	18.30343016511308	32.03227757467766	31.951087887977497	17.713176043659995	2.8328571772561227E-5
20.0	17.641782186804644	32.77131845012792	31.907450492685324	17.679420528257523	2.834212458801179E-5
21.0	17.465215608497868	32.54536163686984	32.53393367471652	17.45546072268958	2.8357226186877523E-5
22.0	17.918705340905674	32.12254571803228	32.24919271053502	17.70955623052703	0.0
23.0	17.816771093448178	32.128231337799185	32.300817256775204	17.754180311977436	0.0
24.0	17.4427591166614	32.318586312858606	32.52325692694713	17.715397643532864	0.0
25.0	17.826254147000416	32.070136566447076	31.844557933237024	18.25902293216981	2.8421145673434783E-5
26.0	17.64379153001082	32.3659066269412	32.22984802618332	17.760368495835767	8.532102890335175E-5
27.0	17.643161406166087	32.22146612102154	32.700172100776435	17.43517191151396	2.846052198304948E-5
28.0	18.14054662431618	31.7576829084567	32.23083655124706	17.870876957554298	5.695842576024547E-5
29.0	17.82091417131991	32.34558795028535	32.26356242718026	17.56993545121448	0.0
30.0	17.79376015912915	32.260502674922414	32.537335824622524	17.408372819468333	2.8521857582949404E-5
31.0	18.188370632564514	31.98315825530943	32.04752797442338	17.78094313770267	0.0
32.0	17.815277355960696	32.27953506059452	32.261963978424426	17.643137892424406	8.57125959516798E-5
33.0	17.465282365140126	32.43477271180459	32.57898508575818	17.520959837297102	0.0
34.0	17.95629284008952	31.9151457453943	32.12526916606963	18.00329224844654	0.0
35.0	17.691999578249597	32.24872042303399	32.18256405907256	17.87671593964385	0.0
36.0	17.518542290072485	32.316697897899964	32.449968367263246	17.71479144476431	0.0
37.0	18.027071163925708	31.907522979602042	32.01204030390113	18.053193318584363	1.7223398676037346E-4
38.0	17.813539043617276	32.2805028439554	32.08902861884562	17.816929493581707	0.0
39.0	17.74695082052086	32.19499216942235	32.58501102320986	17.47304598684693	0.0
40.0	18.128123187708873	31.9147814999594	32.10523224105869	17.851863071273037	0.0
41.0	17.850142827779592	32.24275504682658	32.28764007111264	17.619202603273752	2.594510074338479E-4
42.0	17.708462619749287	32.23404040374885	32.53203176188401	17.525465214617856	0.0
43.0	18.031011175167013	32.009218038872056	32.0372802276881	17.922490558272823	0.0
44.0	17.714610639994095	32.393340345830914	32.17445782156329	17.717533317803593	5.787480810883936E-5
45.0	17.572447129769316	32.32155599986905	32.51355853093003	17.592438339431617	0.0
46.0	17.982394306954962	32.0545622160454	31.96747942009008	17.99521595779182	3.4809911774278605E-4
47.0	17.785376218667807	32.210557682835024	32.249650315529244	17.754067260239598	3.485227283288568E-4
48.0	17.660397725058726	32.239627225084604	32.459991078433596	17.63963501836947	3.489530536009338E-4
49.0	18.057396351845856	31.889844938308414	32.06055372187658	17.991535313396053	6.696745730970179E-4
50.0	17.81075807152747	32.33170851741159	32.149051568736006	17.707723808699136	7.580336257885372E-4
51.0	17.651005359406025	32.26673650214747	32.521174719205604	17.560032383576633	0.0010510356642676776
52.0	18.144382762899234	31.880526342255784	32.123624005828496	17.850560571810142	9.063172063444543E-4
53.0	17.811506812415914	32.26480805632046	32.217288765332874	17.70543016962601	9.661963047383146E-4
54.0	17.733625747282808	32.26649153103918	32.54274061846723	17.455676124186013	0.0014659790247721135
55.0	18.007470254330393	32.003157917606416	32.03128440577069	17.956208408469422	0.0018790138230826278
56.0	17.669413868262502	32.35107695907891	32.16948177903891	17.808675057812355	0.001352335807323898
57.0	17.642994598945105	32.23237812742038	32.52296412436056	17.59848380699155	0.0031793422823968354
58.0	17.94659787937286	31.861699101573564	32.09147153695799	18.098079668396664	0.0021518136989176376
59.0	17.78645007760203	32.1918839316866	32.15861748545811	17.859890111511962	0.003158393741303348
60.0	17.694367754255076	32.19794739611353	32.4312300843625	17.67397177669656	0.00248298857234069
61.0	18.11783421483968	31.842276722637656	32.04739087048147	17.989567567039526	0.0029306250016651277
62.0	17.90124445013661	32.15944235731633	32.17761578817547	17.758792027170614	0.002905377200971463
63.0	17.77850890021139	32.16078253327391	32.52752819481615	17.52979530122525	0.003385070473307086
64.0	18.096482854398438	31.89801556501233	32.141006997415744	17.86015279524901	0.004341787924476681
65.0	17.83455026965593	32.198121760346346	32.20997542300898	17.75434445671507	0.0030080902736826054
66.0	17.620224456366778	32.29193882627478	32.53030590441695	17.554130681946976	0.0034001309945204203
67.0	18.09252979834168	31.871195777651074	32.09445746513907	17.938352295891775	0.00346466297640236
68.0	17.665024023506668	32.33078861228357	32.20498822752462	17.79528096017458	0.003918176510561729
69.0	17.60750353143305	32.241953784054814	32.525426917008026	17.621761055871524	0.003354711632582397
70.0	18.073768524629507	31.98815023699526	32.02327953440931	17.910841783164337	0.003959920801583969
71.0	17.791766259481662	32.21296612066518	32.25509181568656	17.736329806332975	0.003845997833621533
72.0	17.71361135949865	32.201769669659456	32.42012664403539	17.660850535779694	0.0036417910268074947
73.0	18.11415948173847	31.854168243245486	32.14083172811228	17.888066773175556	0.0027737737282021334
74.0	17.806781461898034	32.15514843414235	32.254000834189824	17.781502067202116	0.0025672025676858057
75.0	17.666524674042215	32.26951813673406	32.54903586201222	17.512440490164995	0.0024808370465211407
76.0	18.054044028399435	31.944486115619174	32.09374468692523	17.90511882649123	0.0026063425649380857
77.0	17.780239509869073	32.247917942353574	32.228184956968434	17.741228915684594	0.0024286751243253976
78.0	17.63123802572758	32.29757017303774	32.500897120092446	17.567922634796098	0.0023720463461363015
79.0	17.969047027169303	31.920276079899395	32.14211729496291	17.965726415738114	0.0028331822302810517
80.0	17.76850486609131	32.24237581601301	32.17965547457018	17.80686957129502	0.0025942720304817806
81.0	17.671331778465955	32.20569262491969	32.50638118429032	17.613567038442447	0.0030273738815917626
82.0	18.071457789775415	31.869910727554345	32.057157652350696	17.998838707502898	0.0026351228166398813
83.0	17.841641612810218	32.19181300053337	32.206674893932444	17.75640067050476	0.0034698222192061723
84.0	17.73649236014629	32.09172440214356	32.55930098915758	17.609558933266868	0.0029233152857079114
85.0	18.15063402551152	31.8855096536313	32.04630585077348	17.916501933316763	0.0010485367669417329
86.0	17.861664262021065	32.154686091752374	32.26317331622264	17.719394548563333	0.0010817814405867088
87.0	17.683525200447544	32.203876000688915	32.601518581434796	17.509345545424246	0.0017346720045002349
88.0	17.982712530233513	31.887040047783778	32.20391179994145	17.925342196346243	9.934256950176908E-4
89.0	17.72284035893415	32.23079938767128	32.302891137413035	17.741788945724277	0.001680170257252735
90.0	17.557820685077967	32.270329714199455	32.56047796021074	17.61059192363016	7.79716881681394E-4
91.0	18.04226279549532	31.88103958572655	32.07952164198565	17.996488105772052	6.878710204316454E-4
92.0	17.740384751026582	32.11643159050006	32.345650837518605	17.796843156918317	6.896640364343241E-4
93.0	17.714351279899155	32.11746843083075	32.51629148316154	17.651354401451066	5.344046574937679E-4
94.0	18.04964523355694	31.81475977207683	32.22138712323602	17.913924133639096	2.837374911174402E-4
95.0	17.78556043341719	32.178867433886424	32.204953664530436	17.830555228818927	6.323934701579846E-5
96.0	17.710420134648334	32.14663215836608	32.64763889712554	17.494737970431153	5.708394288941794E-4
97.0	18.09809989385717	31.81708444700604	32.14973104863835	17.93508461049844	0.0
98.0	17.780451448312654	32.098914323854885	32.40278112784229	17.717725478484926	1.2762150524460577E-4
99.0	17.649560737192154	32.20640791482741	32.60485037285573	17.539116968304143	6.40068205667996E-5
100.0	18.04893208671213	31.823610505572493	32.16890129146138	17.95833138027062	2.2473598337724248E-4
101.0	17.83847568559775	32.0630928078155	32.26056789712224	17.837766965864514	9.664359998698532E-5
102.0	17.609479789565015	32.09353326855029	32.623920201771384	17.6730020863761	6.465373721229896E-5
103.0	18.106273271531155	31.793956831918063	32.190408333041326	17.909296672519833	6.48909896265264E-5
104.0	17.909130464235282	32.058594788100486	32.24804202035361	17.784037320160287	1.9540715033844518E-4
105.0	17.760247560291496	32.022261073327904	32.54407036089248	17.673192170441574	2.2883504654504846E-4
106.0	18.120563081490467	31.642992708611267	32.26750473167381	17.968841021339216	9.845688523767E-5
107.0	17.79770057829866	32.09559209960536	32.34515246939228	17.761521903090575	3.294961312211753E-5
108.0	17.66048619177127	32.0480124546819	32.71712740410461	17.574208539833446	1.6540960877650153E-4
109.0	18.079416353965936	31.687926330829736	32.35816539161823	17.874425497514668	6.642607143592574E-5
110.0	17.773341621667768	31.99324883145156	32.436923729537064	17.796419119373358	6.669797024736944E-5
111.0	17.64189957847648	32.151725694582815	32.61008689338807	17.59628783355263	0.0
112.0	18.051905028562395	31.712011677202046	32.23815841913824	17.997891242602954	3.363249437076125E-5
113.0	17.867748358644807	31.931072879075856	32.37292292640607	17.828255835873264	0.0
114.0	17.746300683511993	32.034657156344416	32.51434743965523	17.704694720488355	0.0
115.0	18.143423386083857	31.612649899978628	32.25790618748665	17.986020526450872	0.0
116.0	17.978392472834813	32.028763017686046	32.2577387143535	17.735071558328887	3.423679675051715E-5
117.0	17.689080441391432	32.04200446535567	32.70049484778556	17.568420245467333	0.0
118.0	18.30584126690294	31.568481044046937	32.16696103128231	17.958682121442155	3.453632565268475E-5
119.0	17.81770111768856	31.998457116653494	32.347825845654775	17.836015920003163	0.0
120.0	17.810925274267454	32.02364688104592	32.65724702149761	17.508180823189022	0.0
121.0	18.11073484911832	31.708681552553625	32.27920886785647	17.901374730471588	0.0
122.0	17.814602794829256	31.9362467136349	32.34071430755352	17.90826046602511	1.757179572154889E-4
123.0	17.78908579461569	31.969369505493532	32.63811859202246	17.603355501408245	7.06064600674574E-5
124.0	18.119045947147907	31.641781199396533	32.21623580797796	18.022866116398877	7.092907872347519E-5
125.0	17.891440508482244	31.88870484036532	32.353568892481974	17.86628575867046	0.0
126.0	17.68808650611692	31.99303603419117	32.64350022697688	17.675341431944886	3.580077014616739E-5
127.0	18.08635922508203	31.558540780745176	32.39370201096234	17.96132604236884	7.194084160712963E-5
128.0	17.84691379798242	31.857294079423138	32.52162920038728	17.77416292220716	0.0
129.0	17.658416576715524	32.07321859525181	32.605736613618184	17.66255559997139	7.261444308534412E-5
130.0	18.066391963942074	31.613139764587427	32.36581793374667	17.954540894407263	1.0944331657026534E-4
131.0	17.878753437213565	31.828487626031166	32.45473877176902	17.837836846929424	1.8331805682859762E-4
132.0	17.681656768099344	31.930839749344397	32.76864328452595	17.618712788241417	1.4740978889444132E-4
133.0	18.069040333364086	31.47811195944026	32.47239472240223	17.98023068278949	2.2230200394141454E-4
134.0	17.82379353061398	31.809268046170292	32.45277056025378	17.913981524132367	1.8633882958345074E-4
135.0	17.753606479007903	31.697308849582406	32.82689838118538	17.721848841896083	3.374483282247406E-4
136.0	18.064190124979337	31.42865445126153	32.48787302660726	18.018942758874182	3.3963827768674634E-4
137.0	17.905796801327163	31.64711018668361	32.52594537763239	17.920577677684943	5.699566718938027E-4
138.0	17.6924802251194	31.746749861635166	32.92646798777337	17.63365124712075	6.506783513188485E-4
139.0	18.16870593955109	31.244824645683572	32.59672558756912	17.98881776193177	9.260652644495121E-4
140.0	18.02210543610892	31.42755579504582	32.65192815188182	17.897592993040853	8.176239225858096E-4
141.0	17.766793507071654	31.473540483272956	32.96137214156836	17.79727138445856	0.0010224836284640566
142.0	18.088671997669227	30.960332708052984	32.883895667734535	18.06546776821084	0.0016318583324079503
143.0	18.281759828993223	30.829147869259277	32.966853708693314	17.92050236067038	0.0017362323838026477
144.0	17.970136472842878	30.838967140587204	33.38890096483871	17.801009257208555	9.861645226491172E-4
145.0	18.650522804622693	29.93752786866747	33.28555747229765	18.125086579712914	0.0013052746992710251
146.0	18.83686047958709	29.193286741379726	33.733622404310736	18.235575380060652	6.549946617935064E-4
147.0	19.53984725562023	27.115638882022008	34.867425519323405	18.476760605583898	3.2773745046482536E-4
148.0	21.76034324690274	23.042550754591957	36.91012937132242	18.286505938780174	4.706884027084456E-4
149.0	25.94572158320565	9.66100662783804	43.94174726021596	20.451384538497667	1.399902426800852E-4
150.0	30.35674966620599	0.0	37.83592170090495	31.807328632889053	0.0
