# Position (bp)	A	C	G	T	N
0.0	13.375941156046814	26.37720003736781	53.26513403875723	6.978742646255566	0.002982121572576167
1.0	14.01945853840361	34.09549745548042	25.148221118371506	26.736549038103135	2.738496413330392E-4
2.0	15.823126329992713	34.39703346988635	28.542784245829495	21.236812616573975	2.433377174678764E-4
3.0	10.974916847017663	45.94373656867672	17.142571378106588	25.938653604177514	1.2160202151200562E-4
4.0	29.333030749614707	21.029386165179723	21.084282628990742	28.55323969643197	6.075978285668802E-5
5.0	25.61971002385403	17.39808305623031	45.59729488355602	11.384760254532052	1.5178182758677214E-4
6.0	20.7991450955136	28.783524453612902	35.54230195962148	14.874937440646384	9.10506056231033E-5
7.0	25.466018295145375	26.991726254283044	33.76597882122562	13.775912534774823	3.6409457113755584E-4
8.0	8.713420848296613	51.43517058138406	25.928431039503057	13.922916868873145	6.066194312336212E-5
9.0	19.810516670451765	35.818692482552414	18.914585443816158	25.456023475896604	1.8192728305853722E-4
10.0	15.721422773271804	17.902153268276773	51.198213561485964	15.178028527970541	1.818689949131242E-4
11.0	16.015258139487663	36.094888486905205	25.928290865936088	21.9614715916099	9.091606114044501E-5
12.0	12.542369286565902	29.867457267126102	39.586782994414385	18.00329955506	9.089683360880124E-5
13.0	12.038973175271755	44.449684891609074	26.22041078441618	17.290840273896666	9.087480632306902E-5
14.0	19.15615545588623	31.44662525779596	35.37224071253139	14.024978573786429	0.0
15.0	19.134270697088603	31.742327907765343	33.184887128808796	15.938362883301846	1.5138303541151966E-4
16.0	19.06267728129429	31.227693207473834	31.12180121730381	18.587767749622657	6.0544305414537785E-5
17.0	18.296975282578856	31.945779969097547	31.70715614212706	18.05008860619653	0.0
18.0	18.313853204235112	31.39518556759682	32.93012330824883	17.360837919919238	0.0
19.0	18.292780336082586	32.00042963384305	31.976436701622323	17.73023230483429	1.2102361775900566E-4
20.0	17.678353210477358	32.72774109493958	31.91016432963034	17.68371109442196	3.0270530760459302E-5
21.0	17.461613060130706	32.558315620633024	32.574246450544464	17.4058248686918	0.0
22.0	17.94820279486119	32.11511567476822	32.252904179867485	17.683777350503107	0.0
23.0	17.795494753885126	32.16237563122412	32.359698073619946	17.6824315412708	0.0
24.0	17.405445483429315	32.39094577421227	32.53547263834033	17.668136104018085	0.0
25.0	17.886682826357195	32.071258467521	31.821516875847134	18.220541830274676	0.0
26.0	17.61944397190697	32.368617706384114	32.273445284211036	17.738462660088945	3.037740892852803E-5
27.0	17.605460399759725	32.21545877037041	32.727895631534274	17.451124400226657	6.079810893561967E-5
28.0	18.15057221408004	31.753942165950903	32.192464210383505	17.902960571344092	6.0838241458463E-5
29.0	17.7828321785394	32.368424417057874	32.23019616175355	17.618547242649186	0.0
30.0	17.746981231342613	32.25717712495815	32.58692107074172	17.408920572957523	0.0
31.0	18.180642934543663	32.00595528838267	32.02653597473484	17.78686580233882	0.0
32.0	17.807174492402634	32.26980471237853	32.258116690403824	17.664843070757698	6.103405730914879E-5
33.0	17.438965651313538	32.4161242528097	32.68025798853364	17.46465210734312	0.0
34.0	17.972915301161212	31.955640230481013	32.0901221373299	17.981291760010173	3.0571017696950726E-5
35.0	17.67047737428689	32.28082158036193	32.195323169610305	17.85337787574088	0.0
36.0	17.50151546107233	32.37658908996677	32.45295178735577	17.668943661605123	0.0
37.0	18.104647704661193	31.86910758797036	31.981475406317738	18.04473864134584	3.0659704869680926E-5
38.0	17.776816170953232	32.27006216174329	32.151845901483384	17.801275765820098	0.0
39.0	17.64341751125685	32.25958172471813	32.59824725840358	17.498753505621437	0.0
40.0	18.138879167017784	31.870070421885465	32.14640051224863	17.844649898848118	0.0
41.0	17.85093543680248	32.24659088914759	32.26540338643425	17.636793180454337	2.771071613419499E-4
42.0	17.64760102099954	32.31540624190784	32.56140794357375	17.475584793518873	0.0
43.0	18.07188494507533	31.986618448306675	32.014211185675975	17.927285420942024	0.0
44.0	17.67866386270259	32.39193484337409	32.20265181657625	17.72674947734707	0.0
45.0	17.5474635858268	32.39346800559185	32.54118544014783	17.517882968433522	0.0
46.0	18.03172498609844	32.02166629750732	31.976778586486287	17.96967523787544	1.5489203250873977E-4
47.0	17.763720278158594	32.256936905640714	32.186404719515146	17.79262792876063	3.1016792491454873E-4
48.0	17.625003998053607	32.21437516865576	32.516177755171306	17.644194655370885	2.484227484437091E-4
49.0	18.067071434167868	31.871678669988047	32.047406797556974	18.01300363270956	8.394655775585357E-4
50.0	17.722753258575562	32.413623269531136	32.13813054102613	17.724745747514913	7.471833522567895E-4
51.0	17.62403802237509	32.24036151808916	32.57781165580959	17.556510583507528	0.0012782202186380097
52.0	18.1439770822517	31.81539049429195	32.163521231104674	17.87623704109791	8.741512537670456E-4
53.0	17.79168225996713	32.343147029738105	32.19270099099919	17.671500511647846	9.692076477361654E-4
54.0	17.660590314469307	32.32555496379456	32.59810943320255	17.414117163041425	0.0016281254921557227
55.0	18.03711565171861	32.01511840450981	31.989722494818924	17.956130917482106	0.001912531470548583
56.0	17.648654384442573	32.35583497733971	32.2102917520064	17.78355499687942	0.001663889331895063
57.0	17.62053978131859	32.27383524893857	32.532742168820135	17.569739200632746	0.003143600289965691
58.0	17.981644329611328	31.839841802275508	32.07876267319402	18.097956927509077	0.0017942674100599853
59.0	17.753375343208493	32.24548982274523	32.188023087568205	17.809518105331513	0.0035936411465606645
60.0	17.68140545905206	32.21095143875581	32.508532530945025	17.596332684738922	0.0027778865081840324
61.0	18.108256935255355	31.888992923602345	31.963973783252207	18.0352359463046	0.0035404115854911406
62.0	17.864144857953566	32.18193289774474	32.232585188447096	17.718076314640633	0.0032607412139644566
63.0	17.712202510325998	32.20426686299297	32.60636798562303	17.47351639999962	0.0036462410583864655
64.0	18.116114150419737	31.92793006781603	32.06873184406505	17.88338157979974	0.003842357899443271
65.0	17.789462972208884	32.21883715531415	32.233688341341946	17.754576995608247	0.003434535526771887
66.0	17.5422387996958	32.333844160708075	32.60190114407497	17.51828978561811	0.0037261099030447093
67.0	18.11243250828398	31.87736201073489	32.100383662300636	17.90656882161776	0.0032529970627350052
68.0	17.652804114274474	32.33181718154185	32.22130769768821	17.79014249016194	0.003928516333525287
69.0	17.566847451294983	32.324528239121896	32.549805333466395	17.555268534902435	0.0035504412142892783
70.0	18.08099734779961	31.94467892485774	32.02861134452368	17.9416439029344	0.004068479884570498
71.0	17.78191412728783	32.2262198853024	32.20850795256154	17.779379267348467	0.003978767499758546
72.0	17.69600562594233	32.203280878320676	32.44784095142193	17.64882279149462	0.004049752820443923
73.0	18.139911049638734	31.847564811613125	32.116238173703685	17.89345274085464	0.0028332241898105666
74.0	17.808156000119975	32.1891509840151	32.2112111379266	17.78832121261183	0.003160665326501566
75.0	17.633189392534508	32.317993935231165	32.55781270293165	17.488419367198944	0.0025846021037368824
76.0	18.10236742883959	31.908312701263814	32.08631486965386	17.900027509426025	0.0029774908167063126
77.0	17.742071437463693	32.2406812806042	32.27588907793178	17.73873220806706	0.0026259959332724705
78.0	17.62590687407218	32.378591162867586	32.47540450667577	17.51704463708961	0.003052819294857201
79.0	18.0148051561035	31.85076813865861	32.15036531400608	17.98074301661074	0.0033183746210708976
80.0	17.71706665867074	32.25633818608004	32.20393008603011	17.819666595833166	0.0029984733859413316
81.0	17.63628888924445	32.24379066805074	32.521150570115985	17.59547185632927	0.0032980162595466957
82.0	18.084340605587066	31.89962680047666	32.02778939322848	17.98536387771515	0.0028793229926374403
83.0	17.835000539359648	32.2332473090216	32.21914854620444	17.709062520799772	0.0035410846145447422
84.0	17.676578001862996	32.168845911841196	32.561455042492405	17.590328192844716	0.002792850958687163
85.0	18.128088258247043	31.876258270753194	32.0690202462638	17.9253819512359	0.0012512735000688201
86.0	17.814779825132494	32.227242624457894	32.2503079501459	17.706712669727303	9.569305364123618E-4
87.0	17.660043712095433	32.22224316663674	32.633602491106615	17.482225632854774	0.0018849973064380596
88.0	18.011819047675857	31.886209188925147	32.17906732124784	17.921877102318405	0.0010273398327490752
89.0	17.753748822576767	32.2096497556141	32.30055546477163	17.734086352784566	0.0019596042529390744
90.0	17.524929579949937	32.361196513304485	32.46683074984994	17.646144283782895	8.988731127409937E-4
91.0	18.102238991527646	31.7857029619036	32.13748012075235	17.97377691520802	8.010106083842448E-4
92.0	17.74770237734719	32.16748677810813	32.33282526021319	17.75101517024911	9.70414082381463E-4
93.0	17.67168041143374	32.205836316986236	32.50539271985336	17.616453054901562	6.374968250980487E-4
94.0	18.059852152934567	31.761614271918816	32.24556610217397	17.932597350596737	3.701223759164735E-4
95.0	17.82065895561319	32.177822589081025	32.21183598793064	17.789547493570186	1.349738049588026E-4
96.0	17.68808840812517	32.198599512099875	32.63787205430046	17.474966270325364	4.7375514912627705E-4
97.0	18.100915687512302	31.807074347852648	32.13696621662899	17.955043748006055	0.0
98.0	17.747954799659887	32.147342924461185	32.41022188304797	17.694344239026176	1.3615380478403623E-4
99.0	17.61744147259389	32.304253400648086	32.58234158789208	17.495792827885435	1.707109805058303E-4
100.0	18.03723293496189	31.862454998273908	32.13219137172384	17.967880959817638	2.397352227208715E-4
101.0	17.790901988055587	32.12893946775826	32.26994703969995	17.810108428775713	1.0307571048369308E-4
102.0	17.619477559637513	32.09792145640429	32.66133077398023	17.621132313797926	1.3789618003449473E-4
103.0	18.155049696568792	31.749653426587848	32.14990376900964	17.945289317443255	1.0379039046290861E-4
104.0	17.83329438574914	32.143701654792	32.239120342479474	17.783675279233343	2.0833774604253773E-4
105.0	17.685127614607786	32.04396667577469	32.60452854808759	17.666133196527053	2.439650028718166E-4
106.0	18.16809862308295	31.634529273480354	32.26005401320945	17.937073211687	2.44878540244039E-4
107.0	17.837562228974534	32.08643037009231	32.37047928030174	17.705493005177072	3.5115454346573377E-5
108.0	17.628808200298206	32.10932790970648	32.67602406793163	17.585557831066243	2.8199099743740684E-4
109.0	18.10382376575131	31.709936299467163	32.32174872699777	17.864314291345284	1.7691643847394712E-4
110.0	17.792144632601378	32.01554405433527	32.40446513227331	17.787668558814364	1.7762197567502567E-4
111.0	17.643047008650665	32.170078373909035	32.592088986418325	17.594785631021974	0.0
112.0	18.04389148585692	31.727861469355794	32.299222294533784	17.929024750253497	0.0
113.0	17.854947325482726	31.944890588011425	32.41996304312559	17.780199043380264	0.0
114.0	17.768964692501847	32.074054484087675	32.49167044215483	17.665310381255658	0.0
115.0	18.127617825742426	31.645104829135622	32.2988537442709	17.92842360085106	0.0
116.0	17.884289955792134	32.079890449614254	32.277317269052894	17.75846588648213	3.6439058589633526E-5
117.0	17.679961943793913	31.996926229508198	32.77005269320843	17.55291276346604	1.4637002341920375E-4
118.0	18.33101162958616	31.59882282087189	32.13475607044996	17.93540947909199	0.0
119.0	17.803872571340435	31.98225557317731	32.406899692033384	17.806972163448872	0.0
120.0	17.71631954067621	32.10779555111593	32.6512343437607	17.524650564447164	0.0
121.0	18.087393736138583	31.736009855020914	32.292903365507506	17.883693043332997	0.0
122.0	17.80882317773101	31.959581858618712	32.38469575043046	17.84678711497991	1.1209823990816912E-4
123.0	17.73821640560965	31.95475261882673	32.70272075756074	17.604310218002876	0.0
124.0	18.09527328027179	31.629812228784647	32.213154955265374	18.061759535678192	0.0
125.0	17.843968526171633	31.848087574079237	32.43034430938155	17.87759959036758	0.0
126.0	17.665270428683996	31.993190914268908	32.71659920106626	17.624939455980837	0.0
127.0	18.055576790765233	31.651976148612494	32.36606528552863	17.92634355171623	3.822337741762862E-5
128.0	17.827627870440438	31.88351879303189	32.4605727769504	17.828242166098633	3.8393478637292584E-5
129.0	17.70835382000803	32.000282282275336	32.6780682482958	17.613257086268472	3.856315236802821E-5
130.0	18.133073313746635	31.662924430064336	32.31762213792505	17.88626389973595	1.1621852802261148E-4
131.0	17.853500675721964	31.901900429099015	32.38366372089258	17.860740553905174	1.946203812691117E-4
132.0	17.66092270788975	31.963837743172245	32.81531955310017	17.55972440576803	1.955900698139195E-4
133.0	18.08837483469386	31.443380656537194	32.47365620805904	17.99435235974391	2.3594096599736768E-4
134.0	17.8049088163265	31.85831049309217	32.39437566558328	17.942128213533945	2.7681146410724153E-4
135.0	17.753564534714215	31.780610728983994	32.84837020010397	17.617176111303138	2.7842489468578356E-4
136.0	18.065850901685536	31.438798414365486	32.495821379169016	17.999249129053744	2.8017572621548236E-4
137.0	17.880242633267997	31.714770934774684	32.54907964954763	17.85542328868403	4.834937256616309E-4
138.0	17.680954786408535	31.732366050145355	33.010973227273006	17.57517847470315	5.274614699539689E-4
139.0	18.145629722133965	31.26331254848129	32.53575603825918	18.05448387282762	8.1781829794838E-4
140.0	17.9951709255561	31.470046001203762	32.661225947962656	17.87297958348511	5.775417923679502E-4
141.0	17.782705302981704	31.503340451075452	33.042597312142846	17.670607113132107	7.49820667890263E-4
142.0	18.139525084640777	30.942140890292485	32.81706846896575	18.100254291029447	0.0010112650715364698
143.0	18.233618233618234	30.925866108829513	32.95246933519279	17.886849980431265	0.0011963419281955574
144.0	17.917374567381934	30.910976405337752	33.45702852508479	17.71375124575314	8.692564423854657E-4
145.0	18.643253052106466	29.983838712936638	33.307785057997705	18.06414397476863	9.792021905643186E-4
146.0	18.726392649261165	29.273714321546873	33.744356367714	18.25484503987429	6.916216036768449E-4
147.0	19.46892518692777	27.311770093038067	34.82827824034875	18.39063151840396	3.949612814518777E-4
148.0	21.798846369620883	23.07007503497393	36.929165200817245	18.201528006945786	3.8538764215986646E-4
149.0	25.771394018928635	9.891851095539133	43.91653217323245	20.420075590949683	1.4712135010320563E-4
150.0	30.425563743504025	0.0	38.10447547626326	31.469960780232718	0.0
