# Position (bp)	A	C	G	T	N
0.0	14.72287770264073	26.52652819584921	51.18945376014141	7.561140341368643	0.0
1.0	14.955818606202067	32.959319773257754	23.778759586528846	28.30610203401134	0.0
2.0	16.640147949450604	34.270790813138845	25.472130355461886	23.616930881948665	0.0
3.0	11.704447107382997	42.30743625590839	16.32214899141202	29.665135476998866	8.321682977165301E-4
4.0	31.721323737180658	18.746571813240696	18.450708907468044	31.081395542110602	0.0
5.0	29.30284670927048	16.77400614158851	42.25827869532741	11.66403850941987	8.299443937256204E-4
6.0	23.514726251793608	25.518591322667067	35.305680658886764	15.661001766652566	0.0
7.0	27.2723505130713	25.63781642159707	32.572153241715434	14.516850952373058	8.288712431410904E-4
8.0	9.295447955929255	49.75603694652694	25.78387110135443	15.164643996189373	0.0
9.0	21.478660429689118	33.478494846214346	17.779525603344787	27.26331912075175	0.0
10.0	16.17033948779035	18.737178214545693	47.37029316392032	17.72218913374363	0.0
11.0	18.27966767246724	32.982267598065555	24.976646137312446	23.761418592154758	0.0
12.0	13.644439669776629	29.137502169260138	36.91378327231859	20.304274888644645	0.0
13.0	14.067222726897349	42.48245106945247	24.884796432405647	18.564703939218763	8.258320257659592E-4
14.0	21.215572667772634	30.062478850455182	33.59001658949662	15.131931892275569	0.0
15.0	22.17100543411038	29.413462410634033	30.49533689010563	17.920195265149953	0.0
16.0	20.60520632408461	30.21415500272021	29.074962494023772	20.105676179171404	0.0
17.0	20.39282889533351	29.846921961508045	30.21602293698919	19.54422620616926	0.0
18.0	20.343421865348983	29.46921968293185	30.87173152151534	19.31562693020383	0.0
19.0	19.957704872168325	30.370205797888534	30.852403169665997	18.81968616027714	0.0
20.0	19.896132542118995	30.786577888247834	30.120739746997966	19.196549822635202	0.0
21.0	19.307024402287972	31.086786551993743	30.1098720217275	19.495494012592076	8.230113987078722E-4
22.0	19.82055397785735	30.596369922212617	30.25805655019138	19.325019549738652	0.0
23.0	19.21154685351535	30.02395988571711	31.082805694383836	19.681687566383705	0.0
24.0	19.302681866104376	30.70555482340538	30.57212045334739	19.419642857142858	0.0
25.0	19.171556669084197	30.82020175380761	29.935880530098242	20.072361047009956	0.0
26.0	19.415521196019867	30.58612894176664	30.29570469134173	19.70264517087177	0.0
27.0	19.777924543878477	30.399570709155455	30.300503591183027	19.52200115578304	0.0
28.0	19.784695715395166	30.016193261620316	30.157471207389413	20.041639815595104	0.0
29.0	19.753402907563302	30.404544928303263	30.77419248135223	19.067859682781204	0.0
30.0	19.607242754762574	30.367930617852	30.525165924626357	19.499660702759066	0.0
31.0	20.05069624499872	30.971098170130634	29.907471069177184	19.07073451569347	0.0
32.0	19.94195688225539	30.18573797678275	30.7636815920398	19.108623548922058	0.0
33.0	19.805456190294386	30.831541992082133	29.879572070015854	19.483429747607627	0.0
34.0	19.40692748567157	29.808954232079078	30.524129911122188	20.259988371127168	0.0
35.0	19.497718033768113	30.371349477517022	30.304012769035086	19.826919719679776	0.0
36.0	19.93376767096844	29.999251142008436	30.41777955284857	19.649201634174553	0.0
37.0	20.148420842217483	29.540078624733475	30.473747334754798	19.83775319829424	0.0
38.0	20.03734547061128	30.643292403364423	29.875542884770883	19.443819241253408	0.0
39.0	19.92940764166451	29.902455712891037	30.80697245562945	19.361164189815007	0.0
40.0	20.115921694394334	30.230674149796215	30.115420591969	19.53798356384045	0.0
41.0	19.590956219271547	30.376433994447975	30.382287033011135	19.65032275326934	0.0
42.0	19.740655732211966	30.202382348506422	30.395047663723634	19.661914255557974	0.0
43.0	20.21516556680111	30.35964345908416	30.30094669495292	19.124244279161807	0.0
44.0	19.410490614191207	30.385506565029047	30.30827092917828	19.895731891601464	0.0
45.0	19.74792742193149	30.25123177560664	30.39753140397195	19.60330939848992	0.0
46.0	19.439930622795128	30.360104739372407	30.867804430374417	19.33216020745805	0.0
47.0	19.503106637328546	30.92052572565484	29.855754234216008	19.72061340280061	0.0
48.0	19.534553926409888	30.505541627626258	31.04662057788245	18.913283868081407	0.0
49.0	19.275407646596392	30.539893999205415	29.92620518845995	20.258493165738244	0.0
50.0	19.963262991272845	30.257243708575636	30.36389954036415	19.415593759787367	0.0
51.0	19.7045880427686	29.74299838049128	30.877502395346667	19.674911181393455	0.0
52.0	19.594669203523285	30.825356108416646	29.944534574581038	19.634590719521622	8.49393957411387E-4
53.0	19.823361241576475	30.326390306990675	30.653120958409914	19.19712749302294	0.0
54.0	19.470059829205518	30.268293930148126	31.048971312663	19.21182266009852	8.522678848415634E-4
55.0	19.85472361637475	30.21270784253474	30.595957526716518	19.33575745160299	8.535627710061798E-4
56.0	19.839132924754896	30.246771119145915	30.512603533605148	19.400637655888058	8.547666059782376E-4
57.0	19.743205649475712	30.494329124759258	30.52514444682217	19.23646479777445	8.559811684142949E-4
58.0	19.759647528758293	29.92062539644443	29.92148257358866	20.397387324064393	8.571771442286263E-4
59.0	19.62915271697141	30.21890291012104	30.34337711391536	19.808567258992188	0.0
60.0	19.285376445801266	30.87930515543707	30.08384572386808	19.75147267489358	0.0
61.0	20.155659443310864	30.224449208358084	30.026431111225904	19.592599288856746	8.609482484007886E-4
62.0	20.51565059929292	29.92411830645857	30.241441752177288	19.31620246615504	0.0025868759161852203
63.0	20.248626421092645	30.286982964166004	30.149625073430318	19.31390165520578	8.638861052558831E-4
64.0	19.72475477051364	30.22074978807328	30.498417037178	19.555213397228517	8.650070065567531E-4
65.0	19.995146809026934	30.429507401116236	29.886989981627206	19.686622525739246	0.0017332824903802824
66.0	19.43696939182972	30.30347749092866	30.944113613083562	19.315439504158057	0.0
67.0	20.44159977737388	30.041481507248392	29.951909279856686	19.563270168969744	0.0017392665512953186
68.0	19.220786007943698	30.15469305274894	30.47435718765243	20.149292732213784	8.710194411539265E-4
69.0	19.56631762652705	30.359511343804535	30.81937172774869	19.252181500872602	0.0026178010471204186
70.0	20.042312130643076	30.093191593523795	29.950694128754762	19.912927929503095	8.742175752701331E-4
71.0	19.257721483505897	30.11685149173981	30.823741700390674	19.800809376149683	8.759482139415917E-4
72.0	20.28384222021455	29.92798687799872	29.836764409202942	19.95052935346075	8.771391230363049E-4
73.0	19.787839904378547	29.48533159902269	30.695540595173227	20.031287901425532	0.0
74.0	19.93360747400213	30.080921394419153	30.961458874496994	19.022251182121565	0.001761074960155679
75.0	19.95854282438035	30.528358472258976	30.16847490517774	19.343741730616564	8.820675663755844E-4
76.0	20.170786040097592	30.33573777447757	30.051094374314914	19.44149782539514	8.83985714790849E-4
77.0	19.997166285886333	30.142748348475994	29.95324371712449	19.906841648513186	0.0
78.0	19.45728661052594	30.524522374947864	30.37810689217609	19.640084122350103	0.0
79.0	19.768702887213767	29.187704451713834	31.12110652823212	19.922486132840277	0.0
80.0	20.007305838434057	30.154402658612423	30.158857438145386	19.67943406480813	0.0
81.0	19.622971754136863	30.329252283869586	30.007769175127923	20.04000678686563	0.0
82.0	19.35348183681323	30.78657919936995	29.728738018740437	20.131200945076387	0.0
83.0	19.88804564293019	30.25817679458887	30.35147209214705	19.502305470333887	0.0
84.0	19.994424510570948	29.000638483466872	31.075260114567314	19.92787834641775	0.0017985449771135153
85.0	19.711898172770955	30.71042881739428	29.760305770149547	19.817367239685215	0.0
86.0	19.701144648519726	30.40049146708345	30.51703421297509	19.38132967142173	0.0
87.0	19.424597245238935	30.84209477754535	30.09771161038514	19.635596366830576	0.0
88.0	19.38749568722875	30.216637309557097	30.577094190924115	19.818772812290035	0.0
89.0	19.449678235620727	29.987347878721682	30.866624796337256	19.69543886476794	9.102245523970763E-4
90.0	19.430271720776553	30.838528308430917	29.87468168417594	19.856518286616588	0.0
91.0	19.751210537396226	29.732079927505055	30.663896237036493	19.852813298062223	0.0
92.0	19.62603954397753	31.048631381836206	29.985680453819462	19.339648620366802	0.0
93.0	19.91770759501827	30.50249914854055	30.331286762336955	19.24850649410422	0.0
94.0	20.269771220710158	29.66652510294145	30.65162398212604	19.412079694222353	0.0
95.0	19.837827819479195	30.47632286164396	30.186266333055322	19.49958298582152	0.0
96.0	19.320697159651047	30.654191700303198	30.462603002176298	19.562508137869457	0.0
97.0	19.945694264306578	29.22805609726512	31.095165669817394	19.73108396861091	0.0
98.0	19.66562075586569	30.461293495059245	30.509061958507	19.36402379056807	0.0
99.0	20.17663362615681	30.122610043688635	30.175224315309812	19.52553201484474	0.0
100.0	19.868124404531688	29.813506400399962	30.416285409729362	19.90208378533898	0.0
101.0	19.960785056643807	30.25518129807146	29.85924298109347	19.924790664191264	0.0
102.0	19.699735676117673	29.79538669252857	30.80419114990397	19.70068648144979	0.0
103.0	19.908923405920934	29.685814390865612	30.270079334014337	20.13422818791946	9.546812796547872E-4
104.0	19.694428203088307	30.500627821602816	30.141187972663403	19.663756002645478	0.0
105.0	20.187504211144372	30.465584121819983	30.15660644329153	19.18934267645898	9.625472851353823E-4
106.0	20.374164121989875	29.76981948900313	29.880947779366856	19.97410227668045	9.66332959684589E-4
107.0	19.43441986806364	30.369615832363213	30.340512223515713	19.855452076057432	0.0
108.0	19.298450745396085	30.619701841566794	30.47159699892819	19.610250414108936	0.0
109.0	20.022303523565434	29.635317825210805	30.833643104493962	19.508735546729795	0.0
110.0	19.596513467566798	30.426579405088294	30.298831598911196	19.678075528433713	0.0
111.0	19.37161922059462	30.634303312670276	30.400363248706913	19.59371421802819	0.0
112.0	19.382749085719382	29.097414245929098	31.276821375831275	20.24301529252024	0.0
113.0	19.4757859724947	29.93118695041676	31.233755240646506	19.359271836442037	0.0
114.0	19.782517356595505	30.28350773293852	30.577619495408253	19.35635541505772	0.0
115.0	19.857942272722706	30.05816932396998	29.90244833579473	20.181440067512582	0.0
116.0	19.93017224851414	29.892735693888056	30.27517381257505	19.901918245022753	0.0
117.0	19.702406292444607	30.313811348294106	30.334083399217498	19.64969896004379	0.0
118.0	20.762513485456065	29.19270462271256	30.036436175626434	20.00834571620494	0.0
119.0	19.521171106704013	30.110813518431435	30.900002044529863	19.468013330334692	0.0
120.0	20.149269053876477	29.920540407358736	30.50365473061761	19.426535808147175	0.0
121.0	19.594092896625693	30.13571487501031	30.988573550037124	19.28161867832687	0.0
122.0	19.378897428991692	30.33727651287576	30.40046406596366	19.883361992168886	0.0
123.0	19.774864366714915	29.898678551717673	29.94553841988525	20.380918661682166	0.0
124.0	19.922565792915815	28.94992936744624	31.09820540993041	20.029299429707528	0.0
125.0	19.766182701304707	30.071385767002745	30.847272306738017	19.315159224954527	0.0
126.0	19.129350341897506	29.432777771906277	31.342542195542123	20.095329690654097	0.0
127.0	20.247894384671756	29.487111403778954	30.70852760931675	19.556466602232536	0.0
128.0	20.13707258228091	30.14422512356816	30.05561901508439	19.66308327906654	0.0
129.0	20.032185387833923	29.70174873940564	30.491363587597895	19.774702285162537	0.0
130.0	20.066438732918453	30.02577736553167	30.004206348350355	19.903577553199522	0.0
131.0	19.816702819956618	29.84598698481562	30.587852494577007	19.749457700650762	0.0
132.0	19.732003535458244	29.87134860273016	31.4022893183331	18.994358543478498	0.0
133.0	20.059249506254115	30.331358349791532	29.624753127057275	19.98463901689708	0.0
134.0	19.719646799116997	30.076158940397352	30.53532008830022	19.66887417218543	0.0
135.0	19.753772306051246	29.68288184181871	30.888464188093067	19.674881664036977	0.0
136.0	19.860615484433904	29.968789502533756	30.19475797881266	19.975837034219683	0.0
137.0	19.997745335663154	29.491009525956823	30.558593089453804	19.95265204892622	0.0
138.0	20.063596615751518	30.183408097211974	30.62063483050366	19.132360456532847	0.0
139.0	19.970671799101826	28.95243332416827	30.98020346439373	20.096691412336174	0.0
140.0	19.941898820615503	30.152428791333435	30.30057522482379	19.605097163227278	0.0
141.0	19.64139416212167	29.82256969640224	30.83378198075888	19.70225416071721	0.0
142.0	19.817972814429446	29.116054181529456	30.848630648353343	20.216157282865034	0.0011850728227249564
143.0	20.29304293475648	28.70089908168662	31.067599403817493	19.937256598874946	0.0012019808644646377
144.0	19.960360668974882	28.358026352814512	31.72247574537847	19.959137232832134	0.0
145.0	20.408240076278418	28.108847292618055	31.714507954032218	19.76715009785718	0.0012545792141315803
146.0	20.76086673098485	26.848061328257412	32.64582409845897	19.745247842298767	0.0
147.0	21.756815110950146	25.177952053935837	32.686066110406884	20.37916672470713	0.0
148.0	24.56997073140192	21.11095459454383	34.3663426773724	19.952731996681848	0.0
149.0	28.423635248415458	9.214884481701084	40.56021263545288	21.801267634430587	0.0
150.0	33.26554071978071	0.0	34.85277212839332	31.88168715182598	0.0
