#Coverage	Number of genomic locations
0.0	737.0
1.0	359.0
2.0	203.0
3.0	72.0
4.0	41.0
5.0	114.0
6.0	48.0
7.0	70.0
8.0	35.0
9.0	52.0
10.0	93.0
11.0	62.0
12.0	48.0
13.0	70.0
14.0	48.0
15.0	70.0
16.0	68.0
17.0	6.0
18.0	42.0
19.0	23.0
20.0	26.0
21.0	20.0
22.0	48.0
23.0	60.0
24.0	19.0
25.0	19.0
26.0	32.0
27.0	23.0
28.0	61.0
29.0	32.0
30.0	38.0
31.0	21.0
32.0	39.0
33.0	5.0
34.0	4.0
35.0	25.0
36.0	30.0
37.0	14.0
38.0	4.0
39.0	9.0
40.0	30.0
41.0	18.0
42.0	20.0
43.0	42.0
44.0	38.0
45.0	11.0
46.0	23.0
47.0	8.0
48.0	23.0
49.0	38.0
50.0	30.0
51.0	13.0
52.0	8.0
53.0	11.0
54.0	12.0
55.0	11.0
56.0	8.0
57.0	8.0
58.0	12.0
59.0	5.0
60.0	10.0
61.0	16.0
62.0	14.0
63.0	19.0
64.0	21.0
65.0	20.0
66.0	21.0
67.0	20.0
68.0	34.0
69.0	33.0
70.0	41.0
71.0	45.0
72.0	49.0
73.0	31.0
74.0	36.0
75.0	48.0
76.0	53.0
77.0	35.0
78.0	56.0
79.0	54.0
80.0	45.0
81.0	54.0
82.0	51.0
83.0	54.0
84.0	52.0
85.0	80.0
86.0	85.0
87.0	107.0
88.0	119.0
89.0	91.0
90.0	129.0
91.0	140.0
92.0	147.0
93.0	164.0
94.0	130.0
95.0	138.0
96.0	168.0
97.0	209.0
98.0	205.0
99.0	207.0
100.0	192.0
101.0	214.0
102.0	245.0
103.0	253.0
104.0	288.0
105.0	351.0
106.0	440.0
107.0	502.0
108.0	537.0
109.0	561.0
110.0	724.0
111.0	828.0
112.0	848.0
113.0	897.0
114.0	1062.0
115.0	1175.0
116.0	1285.0
117.0	1436.0
118.0	1623.0
119.0	1752.0
120.0	2065.0
121.0	2044.0
122.0	2052.0
123.0	2201.0
124.0	2496.0
125.0	2635.0
126.0	2776.0
127.0	2942.0
128.0	3125.0
129.0	3194.0
130.0	3287.0
131.0	3308.0
132.0	3318.0
133.0	3541.0
134.0	3336.0
135.0	3505.0
136.0	3619.0
137.0	3635.0
138.0	3654.0
139.0	3784.0
140.0	3727.0
141.0	3645.0
142.0	3756.0
143.0	3650.0
144.0	3546.0
145.0	3596.0
146.0	3446.0
147.0	3308.0
148.0	3217.0
149.0	3166.0
150.0	3067.0
151.0	3027.0
152.0	2711.0
153.0	2781.0
154.0	2608.0
155.0	2512.0
156.0	2544.0
157.0	2225.0
158.0	2094.0
159.0	2038.0
160.0	1859.0
161.0	1650.0
162.0	1578.0
163.0	1351.0
164.0	1228.0
165.0	1129.0
166.0	1047.0
167.0	1012.0
168.0	918.0
169.0	888.0
170.0	773.0
171.0	660.0
172.0	664.0
173.0	513.0
174.0	448.0
175.0	436.0
176.0	329.0
177.0	339.0
178.0	273.0
179.0	252.0
180.0	176.0
181.0	182.0
182.0	200.0
183.0	172.0
184.0	144.0
185.0	134.0
186.0	117.0
187.0	106.0
188.0	74.0
189.0	82.0
190.0	91.0
191.0	66.0
192.0	76.0
193.0	43.0
194.0	59.0
195.0	61.0
196.0	55.0
197.0	63.0
198.0	67.0
199.0	52.0
200.0	54.0
201.0	48.0
202.0	49.0
203.0	35.0
204.0	34.0
205.0	31.0
206.0	39.0
207.0	41.0
208.0	34.0
209.0	26.0
210.0	31.0
211.0	16.0
212.0	27.0
213.0	23.0
214.0	18.0
215.0	22.0
216.0	18.0
217.0	25.0
218.0	19.0
219.0	15.0
220.0	7.0
221.0	21.0
222.0	16.0
223.0	22.0
224.0	9.0
225.0	15.0
226.0	24.0
227.0	25.0
228.0	17.0
229.0	12.0
230.0	28.0
231.0	25.0
232.0	21.0
233.0	18.0
234.0	7.0
235.0	13.0
236.0	16.0
237.0	10.0
238.0	21.0
239.0	11.0
240.0	18.0
241.0	18.0
242.0	13.0
243.0	12.0
244.0	11.0
245.0	16.0
246.0	12.0
247.0	12.0
248.0	9.0
249.0	2.0
250.0	4.0
251.0	7.0
252.0	6.0
253.0	3.0
254.0	2.0
255.0	4.0
256.0	8.0
257.0	11.0
258.0	12.0
259.0	5.0
260.0	2.0
261.0	9.0
262.0	3.0
263.0	6.0
264.0	5.0
265.0	4.0
266.0	5.0
267.0	5.0
268.0	9.0
269.0	3.0
270.0	10.0
271.0	2.0
276.0	2.0
277.0	1.0
279.0	4.0
280.0	6.0
281.0	2.0
282.0	4.0
283.0	2.0
284.0	4.0
286.0	2.0
287.0	4.0
288.0	2.0
289.0	2.0
290.0	5.0
291.0	1.0
292.0	4.0
293.0	4.0
297.0	2.0
301.0	1.0
302.0	1.0
307.0	1.0
308.0	1.0
309.0	3.0
310.0	5.0
311.0	2.0
312.0	2.0
313.0	2.0
314.0	5.0
315.0	10.0
316.0	4.0
317.0	3.0
318.0	3.0
319.0	4.0
320.0	6.0
321.0	6.0
322.0	1.0
323.0	6.0
324.0	3.0
325.0	4.0
326.0	7.0
327.0	12.0
328.0	4.0
329.0	1.0
330.0	6.0
331.0	2.0
333.0	2.0
334.0	5.0
335.0	4.0
336.0	4.0
337.0	1.0
338.0	2.0
339.0	1.0
340.0	8.0
341.0	5.0
342.0	4.0
343.0	2.0
344.0	5.0
345.0	10.0
346.0	3.0
347.0	4.0
348.0	4.0
349.0	3.0
350.0	3.0
351.0	1.0
354.0	1.0
355.0	2.0
356.0	3.0
357.0	2.0
358.0	5.0
359.0	2.0
360.0	1.0
361.0	3.0
362.0	4.0
363.0	1.0
364.0	4.0
365.0	2.0
366.0	3.0
367.0	7.0
368.0	2.0
369.0	3.0
370.0	10.0
371.0	4.0
372.0	5.0
373.0	3.0
374.0	4.0
375.0	2.0
376.0	2.0
377.0	3.0
378.0	4.0
379.0	4.0
380.0	8.0
381.0	10.0
382.0	6.0
383.0	3.0
384.0	1.0
385.0	6.0
386.0	4.0
387.0	3.0
388.0	4.0
389.0	2.0
390.0	5.0
391.0	13.0
392.0	4.0
393.0	4.0
394.0	5.0
395.0	7.0
396.0	1.0
397.0	1.0
398.0	9.0
399.0	5.0
400.0	5.0
401.0	6.0
402.0	5.0
403.0	4.0
404.0	2.0
405.0	5.0
406.0	3.0
407.0	1.0
408.0	5.0
409.0	2.0
410.0	5.0
411.0	7.0
412.0	4.0
413.0	10.0
414.0	2.0
415.0	8.0
416.0	2.0
417.0	1.0
418.0	8.0
419.0	5.0
420.0	5.0
421.0	11.0
422.0	7.0
423.0	8.0
424.0	4.0
425.0	12.0
426.0	12.0
427.0	10.0
428.0	13.0
429.0	13.0
430.0	14.0
431.0	14.0
432.0	10.0
433.0	12.0
434.0	7.0
435.0	6.0
436.0	9.0
437.0	7.0
438.0	6.0
439.0	5.0
440.0	7.0
441.0	7.0
442.0	5.0
443.0	9.0
444.0	11.0
445.0	12.0
446.0	11.0
447.0	5.0
448.0	9.0
449.0	5.0
450.0	8.0
451.0	3.0
452.0	4.0
453.0	4.0
454.0	5.0
455.0	4.0
456.0	3.0
457.0	4.0
458.0	5.0
459.0	2.0
460.0	4.0
461.0	4.0
462.0	7.0
463.0	8.0
464.0	9.0
465.0	13.0
466.0	11.0
467.0	11.0
468.0	15.0
469.0	18.0
470.0	13.0
471.0	15.0
472.0	12.0
473.0	15.0
474.0	16.0
475.0	15.0
476.0	10.0
477.0	8.0
478.0	8.0
479.0	10.0
480.0	21.0
481.0	16.0
482.0	13.0
483.0	18.0
484.0	10.0
485.0	11.0
486.0	13.0
487.0	14.0
488.0	14.0
489.0	17.0
490.0	24.0
491.0	13.0
492.0	18.0
493.0	17.0
494.0	6.0
495.0	21.0
496.0	10.0
497.0	17.0
498.0	25.0
499.0	11.0
500.0	18.0
501.0	22.0
502.0	19.0
503.0	13.0
504.0	17.0
505.0	17.0
506.0	4.0
507.0	8.0
508.0	17.0
509.0	10.0
510.0	11.0
511.0	14.0
512.0	11.0
513.0	14.0
514.0	11.0
515.0	18.0
516.0	7.0
517.0	12.0
518.0	11.0
519.0	12.0
520.0	15.0
521.0	8.0
522.0	10.0
523.0	13.0
524.0	10.0
525.0	12.0
526.0	15.0
527.0	13.0
528.0	11.0
529.0	11.0
530.0	4.0
531.0	6.0
532.0	13.0
533.0	9.0
534.0	11.0
535.0	10.0
536.0	10.0
537.0	9.0
538.0	10.0
539.0	7.0
540.0	6.0
541.0	11.0
542.0	11.0
543.0	8.0
544.0	5.0
545.0	13.0
546.0	16.0
547.0	15.0
548.0	10.0
549.0	8.0
550.0	10.0
551.0	12.0
552.0	8.0
553.0	7.0
554.0	7.0
555.0	6.0
556.0	7.0
557.0	7.0
558.0	6.0
559.0	3.0
560.0	5.0
561.0	5.0
562.0	7.0
563.0	7.0
564.0	5.0
565.0	7.0
566.0	1.0
567.0	3.0
568.0	3.0
569.0	3.0
570.0	4.0
571.0	5.0
572.0	3.0
573.0	5.0
574.0	4.0
575.0	2.0
576.0	9.0
577.0	4.0
578.0	3.0
579.0	2.0
580.0	3.0
581.0	2.0
582.0	1.0
583.0	5.0
584.0	7.0
585.0	3.0
586.0	10.0
587.0	2.0
588.0	4.0
589.0	4.0
590.0	2.0
591.0	2.0
592.0	3.0
593.0	5.0
594.0	12.0
595.0	4.0
596.0	9.0
597.0	1.0
598.0	5.0
599.0	3.0
600.0	5.0
601.0	7.0
602.0	4.0
603.0	1.0
604.0	3.0
606.0	3.0
607.0	2.0
608.0	5.0
609.0	3.0
610.0	7.0
611.0	6.0
612.0	2.0
613.0	1.0
614.0	2.0
615.0	5.0
616.0	4.0
617.0	2.0
618.0	6.0
619.0	4.0
620.0	1.0
621.0	8.0
622.0	3.0
623.0	2.0
624.0	4.0
625.0	4.0
626.0	2.0
627.0	2.0
628.0	1.0
629.0	3.0
630.0	9.0
631.0	4.0
632.0	1.0
633.0	1.0
634.0	3.0
635.0	6.0
636.0	4.0
637.0	6.0
638.0	2.0
639.0	4.0
640.0	3.0
641.0	2.0
643.0	5.0
644.0	2.0
645.0	2.0
646.0	4.0
647.0	4.0
648.0	4.0
649.0	1.0
650.0	2.0
651.0	3.0
652.0	5.0
653.0	1.0
654.0	6.0
655.0	5.0
656.0	2.0
657.0	5.0
659.0	1.0
660.0	4.0
661.0	1.0
662.0	2.0
663.0	4.0
664.0	3.0
665.0	5.0
666.0	5.0
667.0	2.0
668.0	3.0
669.0	1.0
671.0	6.0
672.0	6.0
673.0	5.0
674.0	2.0
675.0	3.0
676.0	4.0
677.0	6.0
678.0	4.0
680.0	6.0
681.0	2.0
682.0	2.0
683.0	2.0
684.0	1.0
685.0	3.0
686.0	2.0
687.0	3.0
688.0	4.0
689.0	4.0
690.0	3.0
691.0	4.0
692.0	4.0
693.0	3.0
694.0	2.0
695.0	2.0
696.0	1.0
697.0	3.0
698.0	9.0
699.0	3.0
700.0	1.0
701.0	2.0
702.0	2.0
703.0	2.0
704.0	4.0
705.0	6.0
706.0	5.0
707.0	5.0
708.0	4.0
709.0	2.0
710.0	2.0
711.0	7.0
712.0	5.0
713.0	3.0
714.0	3.0
715.0	5.0
716.0	5.0
717.0	12.0
718.0	5.0
719.0	7.0
720.0	6.0
721.0	7.0
722.0	6.0
723.0	1.0
724.0	7.0
725.0	2.0
726.0	4.0
727.0	8.0
728.0	2.0
729.0	5.0
730.0	5.0
731.0	4.0
732.0	8.0
733.0	6.0
734.0	4.0
735.0	9.0
736.0	4.0
737.0	6.0
738.0	6.0
739.0	7.0
740.0	6.0
741.0	13.0
742.0	12.0
743.0	9.0
744.0	8.0
745.0	5.0
746.0	6.0
747.0	7.0
748.0	3.0
749.0	11.0
750.0	8.0
751.0	13.0
752.0	5.0
753.0	4.0
754.0	7.0
755.0	9.0
756.0	8.0
757.0	6.0
758.0	10.0
759.0	12.0
760.0	15.0
761.0	4.0
762.0	5.0
763.0	9.0
764.0	4.0
765.0	15.0
766.0	11.0
767.0	17.0
768.0	7.0
769.0	16.0
770.0	6.0
771.0	5.0
772.0	10.0
773.0	8.0
774.0	5.0
775.0	15.0
776.0	11.0
777.0	8.0
778.0	13.0
779.0	9.0
780.0	20.0
781.0	16.0
782.0	9.0
783.0	10.0
784.0	11.0
785.0	12.0
786.0	10.0
787.0	18.0
788.0	15.0
789.0	19.0
790.0	12.0
791.0	12.0
792.0	7.0
793.0	5.0
794.0	11.0
795.0	11.0
796.0	7.0
797.0	6.0
798.0	11.0
799.0	8.0
800.0	16.0
801.0	12.0
802.0	18.0
803.0	7.0
804.0	10.0
805.0	13.0
806.0	8.0
807.0	14.0
808.0	11.0
809.0	8.0
810.0	11.0
811.0	9.0
812.0	12.0
813.0	9.0
814.0	3.0
815.0	12.0
816.0	10.0
817.0	12.0
818.0	13.0
819.0	8.0
820.0	16.0
821.0	8.0
822.0	8.0
823.0	15.0
824.0	5.0
825.0	6.0
826.0	6.0
827.0	11.0
828.0	6.0
829.0	16.0
830.0	10.0
831.0	6.0
832.0	5.0
833.0	10.0
834.0	16.0
835.0	18.0
836.0	10.0
837.0	7.0
838.0	18.0
839.0	6.0
840.0	11.0
841.0	9.0
842.0	5.0
843.0	4.0
844.0	10.0
845.0	11.0
846.0	7.0
847.0	10.0
848.0	5.0
849.0	4.0
850.0	6.0
851.0	7.0
852.0	7.0
853.0	7.0
854.0	5.0
855.0	7.0
856.0	4.0
857.0	5.0
858.0	7.0
859.0	6.0
860.0	10.0
861.0	8.0
862.0	7.0
863.0	7.0
864.0	5.0
865.0	11.0
866.0	9.0
867.0	4.0
868.0	4.0
869.0	6.0
870.0	7.0
871.0	4.0
872.0	12.0
873.0	5.0
874.0	8.0
875.0	3.0
876.0	2.0
877.0	5.0
878.0	3.0
879.0	4.0
880.0	3.0
881.0	7.0
882.0	5.0
883.0	1.0
884.0	3.0
885.0	3.0
887.0	1.0
888.0	2.0
889.0	2.0
890.0	1.0
892.0	3.0
893.0	1.0
894.0	1.0
895.0	3.0
896.0	5.0
897.0	5.0
898.0	3.0
899.0	3.0
900.0	6.0
901.0	1.0
902.0	1.0
903.0	2.0
904.0	5.0
905.0	4.0
906.0	3.0
907.0	1.0
909.0	3.0
910.0	3.0
911.0	3.0
912.0	1.0
913.0	1.0
914.0	6.0
915.0	1.0
916.0	2.0
917.0	3.0
918.0	4.0
919.0	2.0
920.0	2.0
921.0	2.0
922.0	7.0
923.0	1.0
924.0	1.0
925.0	7.0
926.0	3.0
927.0	3.0
928.0	2.0
929.0	7.0
930.0	7.0
931.0	4.0
932.0	2.0
933.0	2.0
934.0	1.0
936.0	5.0
937.0	2.0
938.0	4.0
939.0	2.0
940.0	3.0
942.0	1.0
943.0	2.0
944.0	3.0
946.0	1.0
947.0	1.0
948.0	1.0
949.0	2.0
950.0	4.0
951.0	4.0
952.0	3.0
954.0	3.0
955.0	3.0
956.0	1.0
957.0	1.0
959.0	1.0
960.0	1.0
963.0	1.0
964.0	1.0
965.0	2.0
967.0	4.0
968.0	2.0
970.0	1.0
971.0	3.0
972.0	3.0
973.0	1.0
974.0	1.0
975.0	3.0
976.0	2.0
977.0	3.0
978.0	1.0
979.0	1.0
980.0	1.0
981.0	1.0
982.0	2.0
983.0	2.0
985.0	1.0
986.0	4.0
987.0	1.0
988.0	5.0
989.0	5.0
990.0	4.0
992.0	3.0
994.0	1.0
995.0	1.0
996.0	1.0
997.0	1.0
999.0	1.0
1005.0	2.0
1007.0	2.0
1009.0	1.0
1010.0	1.0
1011.0	1.0
1013.0	2.0
1014.0	1.0
1015.0	1.0
1017.0	1.0
1021.0	3.0
1022.0	1.0
1023.0	1.0
1033.0	1.0
1034.0	1.0
1035.0	1.0
1037.0	2.0
1039.0	1.0
1041.0	1.0
1043.0	1.0
1047.0	1.0
1050.0	1.0
1051.0	1.0
1052.0	1.0
1054.0	1.0
1055.0	1.0
1056.0	1.0
1058.0	1.0
1065.0	2.0
1068.0	2.0
1069.0	1.0
1072.0	4.0
1073.0	1.0
1077.0	1.0
1078.0	1.0
1081.0	2.0
1082.0	1.0
1084.0	1.0
1085.0	3.0
1087.0	4.0
1090.0	1.0
1097.0	2.0
1099.0	1.0
1109.0	1.0
1114.0	1.0
1116.0	1.0
1118.0	1.0
1119.0	2.0
1123.0	2.0
1125.0	1.0
1127.0	3.0
1129.0	1.0
1130.0	2.0
1131.0	1.0
1132.0	1.0
1133.0	4.0
1134.0	2.0
1135.0	2.0
1136.0	1.0
1137.0	3.0
1138.0	2.0
1140.0	3.0
1141.0	1.0
1142.0	2.0
1143.0	2.0
1145.0	1.0
1146.0	2.0
1147.0	1.0
1148.0	3.0
1149.0	3.0
1150.0	1.0
1151.0	1.0
1152.0	2.0
1153.0	1.0
1154.0	2.0
1157.0	1.0
1160.0	1.0
1162.0	1.0
1166.0	2.0
1169.0	1.0
1179.0	2.0
1183.0	1.0
1184.0	1.0
1185.0	1.0
1192.0	1.0
1193.0	1.0
1196.0	1.0
1198.0	1.0
1210.0	2.0
1225.0	1.0
1226.0	1.0
