#Position (bp)	mapping quality
210.0	59.99895637653935
629.0	60.0
1048.0	59.782259830248705
1467.0	59.59484757107249
1886.0	59.72026958251723
2305.0	59.998950002624994
2724.0	60.0
3143.0	59.98835408736048
3562.0	60.0
3981.0	59.83649067143713
4400.0	59.439092244389755
4819.0	58.96479055821084
5238.0	59.107622137281986
5657.0	49.588918570924534
6076.0	54.893330657760835
6495.0	59.99761913350889
6914.0	59.99776495149208
7333.0	59.998732653190544
7752.0	44.335908466700076
8171.0	50.059068382068865
8590.0	42.41930884079852
9009.0	12.420809248554914
9428.0	35.37106918238994
9847.0	59.99898496369955
10266.0	59.99237552527696
10685.0	59.992705090714715
11104.0	59.995008048617265
11523.0	59.99551918349566
11942.0	59.99594276173088
12361.0	59.99878563885956
12780.0	59.998358352670046
13199.0	60.0
13618.0	60.0
14037.0	59.99525041346847
14456.0	59.99178298270391
14875.0	59.995648660409024
15294.0	59.972810884123085
15713.0	60.0
16132.0	59.99923935967915
16551.0	59.99818969028618
16970.0	59.95913531704469
17389.0	59.99172171153614
17808.0	59.98587864234257
18227.0	59.99626908412561
18646.0	59.990184737266446
19065.0	59.99541637336913
19484.0	59.99528730602215
19903.0	59.91683514774495
20322.0	59.938224084643245
20741.0	59.99711242049401
21160.0	60.0
21579.0	59.99693194020692
21998.0	59.997131588382935
22417.0	59.98277265119992
22836.0	59.99862912932994
23255.0	59.99596090460495
23674.0	59.94396895249316
24093.0	59.99403267985328
24512.0	59.957349526701194
24931.0	59.99906552245082
25350.0	59.92871663715653
25769.0	59.96737652922519
26188.0	60.0
26607.0	59.99890346869403
27026.0	59.98992480463951
27445.0	59.99694506573564
27864.0	59.98669692464199
28283.0	59.98604266274366
28702.0	59.987211856903954
29121.0	60.0
29540.0	60.0
29959.0	59.99734122525203
30378.0	60.0
30797.0	59.95405459072233
31216.0	59.99448964377168
31635.0	59.99878760936774
32054.0	59.99312573039115
32473.0	59.98571524829863
32892.0	59.990753038887675
33311.0	59.996337124119165
33730.0	60.0
34149.0	60.0
34568.0	59.997037134579934
34987.0	59.99762634754228
35406.0	59.99672417558419
35825.0	59.996149305240216
36244.0	59.989635123973635
36663.0	59.99902769450161
37082.0	59.99811781739209
37501.0	59.98956620715821
37920.0	59.968596324734705
38339.0	59.94063504971722
38758.0	59.995638367065844
39177.0	59.97566299036177
39596.0	59.99487812961345
40015.0	59.9909236070258
40434.0	60.0
40853.0	59.99484375694537
41272.0	59.94541666666667
41691.0	59.92527298237052
42110.0	59.99630580427024
42529.0	59.99931175691254
42948.0	59.998093301131306
43367.0	59.996555749028914
43786.0	59.99094056362636
44205.0	59.996964385739844
44624.0	59.9970393275984
45043.0	59.99921303500206
45462.0	59.99902624275768
45881.0	59.99597498742184
46300.0	59.98596146421928
46719.0	59.997214761762656
47138.0	60.0
47557.0	59.9990687134276
47976.0	60.0
48395.0	59.9965481219058
48814.0	59.99682419659735
49233.0	60.0
49652.0	60.0
50071.0	60.0
50490.0	59.99452169569631
50909.0	59.982993506611614
51328.0	59.99495122522945
51747.0	59.99539874780208
52166.0	59.989468414514306
52585.0	59.99395215724391
53004.0	59.994112959620104
53423.0	59.99193456776099
53842.0	59.99943504819745
54261.0	60.0
54680.0	59.98688292690768
55099.0	59.99258866189086
55518.0	59.997715199634435
55937.0	59.990183954243314
56356.0	59.992770578837806
56775.0	59.994262184420144
57194.0	59.99812970819984
57613.0	59.90644011603813
58032.0	59.99735291337094
58451.0	59.98478865851704
58870.0	59.98598474582833
59289.0	59.99885598794974
59708.0	59.995002231146806
60127.0	59.992215442878184
60546.0	59.864320429026314
60965.0	59.9958559017049
61384.0	59.990898175762034
61803.0	59.8780642513339
62222.0	59.992299649833214
62641.0	59.99525678496868
63060.0	59.99728379492652
63479.0	59.997115384615384
63898.0	59.999272931572946
64317.0	59.995806185875836
64736.0	60.0
65155.0	59.9965249319739
65574.0	59.92485061637568
65993.0	59.99926269752166
66412.0	59.9957127545552
66831.0	59.99836847389558
67250.0	59.997728649303454
67669.0	60.0
68088.0	59.99675287023078
68507.0	59.95982304272923
68926.0	59.99695657687361
69345.0	60.0
69764.0	59.999061620269
70183.0	60.0
70602.0	60.0
71021.0	59.99480968858131
71440.0	59.855544328430824
71859.0	59.99690557832232
72278.0	59.997086530057295
72697.0	59.99835414391745
73116.0	59.994551233540186
73535.0	59.99708242159008
73954.0	59.99827928524156
74373.0	59.99823264508454
74792.0	59.97634619577066
75211.0	59.96833122317773
75630.0	59.99926860486378
76049.0	59.99145010307188
76468.0	59.99659329636429
76887.0	59.99277015615277
77306.0	59.98853004366207
77725.0	59.997473219687535
78144.0	59.99469244000328
78563.0	60.0
78982.0	59.98207545265538
79401.0	59.99610934780383
79820.0	59.99724101688235
80239.0	59.999325205122304
80658.0	59.99910202493378
81077.0	59.999496589801886
81496.0	59.99789686552073
81915.0	59.99802367785949
82334.0	59.9905380944545
82753.0	59.952127259036146
83172.0	59.94893061932736
83591.0	59.95107355212983
84010.0	59.98791023589395
84429.0	59.9966524528753
84848.0	59.99210367691381
85267.0	59.997604312237975
85686.0	59.99568879239996
86105.0	59.990951457820685
86524.0	59.96193923186869
86943.0	58.75391067030553
87362.0	59.99898489180639
87781.0	59.9989739731181
88200.0	59.99361610244278
88619.0	60.0
89038.0	59.97730146891922
89457.0	59.99704360679971
89876.0	59.91038757226008
90295.0	59.99681950702359
90714.0	59.998064689543945
91133.0	59.998013541028655
91552.0	59.99894306651635
91971.0	59.99893964831669
92390.0	59.993159035491736
92809.0	59.99350702585712
93228.0	59.99728879206003
93647.0	59.99547232625884
94066.0	59.99268184972557
94485.0	59.96571686339373
94904.0	59.991049051199425
95323.0	60.0
95742.0	59.99921060657708
96161.0	59.98850528190391
96580.0	59.99495883044867
96999.0	59.99589248396627
97418.0	60.0
97837.0	59.84805133924963
98256.0	59.99801501968439
98675.0	59.99585529042572
99094.0	59.99909707905073
99513.0	59.9925796145522
99932.0	59.99660770535498
100351.0	59.947003111430234
100770.0	60.0
101189.0	59.9918254625794
101608.0	59.996371354237986
102027.0	59.947319712394105
102446.0	59.99729642742195
102865.0	59.99677196218584
103284.0	59.99906504191729
103703.0	60.0
104122.0	59.995692511597085
104541.0	59.99154176675576
104960.0	59.99498944203858
105379.0	59.99322587714929
105798.0	59.997681607418855
106217.0	59.99685009843442
106636.0	59.99656097111625
107055.0	59.996976078621955
107474.0	59.99720126321363
107893.0	59.926371571072316
108312.0	60.0
108731.0	60.0
109150.0	59.987203375475445
109569.0	59.94437166902937
109988.0	59.91755176652274
110407.0	59.99716321637229
110826.0	59.9506987516061
111245.0	59.999096399150616
111664.0	59.99314706588744
112083.0	59.99553029819296
112502.0	59.99631103776333
112921.0	59.99658560643424
113340.0	59.99389687828832
113759.0	59.991255806690866
114178.0	59.99604022299797
114597.0	59.994601383395505
115016.0	59.993328658340126
115435.0	59.98335111166886
115854.0	59.98778250787388
116273.0	60.0
116692.0	59.99813177232532
117111.0	59.99741947665728
117530.0	60.0
117949.0	59.99202639538081
118368.0	59.99491763580376
118787.0	59.99560498872333
119206.0	60.0
119625.0	60.0
120044.0	60.0
120463.0	59.99425891620354
120882.0	59.99404104667263
121301.0	59.996166944317494
121720.0	59.99401808649143
122139.0	60.0
122558.0	59.997960189702354
122977.0	59.56009640758594
123396.0	59.98745971696791
123815.0	59.99651416122004
124234.0	59.99914074247661
124653.0	52.64401851639313
125072.0	5.149155227032735
125491.0	1.0
125910.0	59.81845688350983
126329.0	59.99803465557339
126748.0	59.995591592537195
127167.0	59.99669812140486
127586.0	59.993579889682614
128005.0	59.998020324666754
128424.0	59.97387998016201
128843.0	59.99723111001723
129262.0	59.99511147581053
129681.0	60.0
130100.0	60.0
130519.0	59.98963174168225
130938.0	59.91076139782458
131357.0	59.94708943870606
131776.0	60.0
132195.0	59.9980757821144
132614.0	59.97356636084601
133033.0	59.999183991394816
133452.0	60.0
133871.0	59.998952788201414
134290.0	59.996134188272464
134709.0	59.99263690750115
135128.0	59.99816743317298
135547.0	59.943758325247906
135966.0	59.960815812268685
136385.0	59.99393968088632
136804.0	59.95243395031077
137223.0	59.93889564395036
137642.0	59.9976010853021
138061.0	59.99607951028269
138480.0	59.997240201071065
138899.0	59.9922034889387
139318.0	59.991591775599126
139737.0	59.993977091437074
140156.0	59.99903049105628
140575.0	59.99822304235652
140994.0	59.99393337546267
141413.0	59.9973312152502
141832.0	59.998972954467646
142251.0	59.99696482448375
142670.0	59.990923515261116
143089.0	59.796910408774025
143508.0	59.99306020867235
143927.0	59.96478993607493
144346.0	59.99599184304901
144765.0	59.99316677343583
145184.0	59.991782379808136
145603.0	59.99168579536212
146022.0	60.0
146441.0	59.99801973662497
146860.0	59.99783958952201
147279.0	59.99826562604229
147698.0	60.0
148117.0	59.992144669012355
148536.0	59.99928234737649
148955.0	59.988779202640934
149374.0	59.99558776216813
149793.0	59.995356755920135
150212.0	59.99729431659437
150631.0	60.0
151050.0	59.96780596172405
151469.0	59.99734408347166
151888.0	59.99926280869886
152307.0	60.0
152726.0	59.99520302682251
153145.0	59.918904499377554
153564.0	59.9991844300278
153983.0	59.999700805953964
154402.0	59.982479611472556
154821.0	59.99254728618421
155240.0	59.98542395311466
155659.0	59.99546793564468
156078.0	59.99519774980276
156497.0	59.993228588054805
156916.0	59.9544559486756
157335.0	59.97619951019282
157754.0	59.99763487484546
158173.0	59.999249505355806
158592.0	59.99286834973613
159011.0	59.99300919291132
159430.0	59.99255703174426
159849.0	59.98586006674511
160268.0	59.99857332771311
160687.0	47.34088187551558
161106.0	25.72236661061
161525.0	6.188346883468835
161944.0	26.007593497022814
162363.0	60.0
162782.0	59.99538250960603
163201.0	59.992061931239164
163620.0	59.989330171902786
164039.0	58.83303318754824
164458.0	59.997062115277004
164877.0	59.999021239111286
165296.0	59.952615126562975
165715.0	59.911341542449776
166134.0	59.998983361008506
166553.0	59.99332917810757
166972.0	59.98041700264947
167339.0	59.992817381935716
