# Position (bp)	A	C	G	T	N
0.0	14.31565828234761	25.786029911624748	52.367295490595964	7.530308180376161	7.081350555177883E-4
1.0	14.354188939472248	32.52879829511261	24.26774095340588	28.84927181200926	0.0
2.0	16.219601072674397	34.163547467257246	25.673428666444963	23.94342279362339	0.0
3.0	11.228782105211065	42.98086236028533	16.35501134684586	29.43534418765774	0.0
4.0	31.812596223110496	18.568765095552198	18.41268944476617	31.20594923657114	0.0
5.0	29.169281981480044	16.531140465326217	42.41041518269591	11.888457117065016	7.052534328210843E-4
6.0	24.01265938775366	25.37234529960316	35.12063776247436	15.494357550168816	0.0
7.0	27.720909917081727	25.283380416634376	32.61780805511916	14.37790161116473	0.0
8.0	9.362699882411755	50.253131579132656	25.34202688334824	15.042141655107343	0.0
9.0	22.26656250219942	32.80265760154276	17.753707340075874	27.17707255618195	0.0
10.0	16.093061190052662	18.634033846824487	47.61898065795302	17.65392430516983	0.0
11.0	18.534343420146453	33.086199384390504	24.807797720277165	23.57165947518588	0.0
12.0	13.628955207103918	28.847018490417582	36.923228235823075	20.600798066655425	0.0
13.0	13.789084168322601	42.62904007246326	24.709830989277965	18.87204476993617	0.0
14.0	21.304951995957556	30.203946999045534	33.54177193868957	14.949329066307337	0.0
15.0	22.554218219566255	29.305193165558457	30.24296495805628	17.89762365681901	0.0
16.0	20.796875876381176	29.633602557630827	29.070615289696562	20.498906276291436	0.0
17.0	20.4450859761481	29.82818784421991	30.093053239345824	19.633672940286168	0.0
18.0	20.28982462038438	29.866364094805846	30.88404213593321	18.959769148876564	0.0
19.0	20.018472130872247	30.419541275416673	30.64834380553884	18.91364278817224	0.0
20.0	19.67689121491142	31.236881139626654	29.547871596093028	19.538356049368897	0.0
21.0	19.53428835231247	31.079152793710307	29.983772138440447	19.40278671553678	0.0
22.0	20.04280049514298	30.17225101231563	30.28694514962689	19.49800334291449	0.0
23.0	19.31474192713977	30.001188470438546	30.86877189057683	19.815297711844856	0.0
24.0	19.601333547670137	30.548585726566813	30.282994471508353	19.5670862542547	0.0
25.0	19.302609971699102	30.94580902134796	29.524475035812863	20.226407183536562	6.987876035079138E-4
26.0	19.636716893573006	30.500265578261722	29.699337452126024	20.16368007603925	0.0
27.0	19.658406362251387	30.13962849595371	30.49953177631487	19.702433365480037	0.0
28.0	19.60661006882577	30.131712259371835	29.98847081018761	20.273206861614785	0.0
29.0	19.98770245531659	30.283402507022178	30.673290571416594	19.055604466244638	0.0
30.0	19.666289355636607	30.405679229726516	30.500006987241296	19.428024427395577	0.0
31.0	19.845508563439356	31.191191890947223	29.64697658161482	19.3163229639986	0.0
32.0	19.702425484013062	30.341972969382546	30.654510113757926	19.300392244604016	6.99188242450515E-4
33.0	19.93076923076923	30.775524475524474	29.690209790209792	19.603496503496505	0.0
34.0	19.576604866176645	30.24051137515998	29.991537692237756	20.19134606642562	0.0
35.0	19.530102790014684	30.376197468708483	30.271309698622474	19.82099153905321	0.001398503601146773
36.0	19.98950975592699	30.013287642492482	30.30421707811735	19.69298552346318	0.0
37.0	19.972717733473242	29.627142357467644	30.499475341028333	19.90066456803078	0.0
38.0	20.07444568054127	30.727734514388867	29.452922202864478	19.744897602205384	0.0
39.0	19.8243281075028	29.941909294512882	30.849664053751404	19.384098544232923	0.0
40.0	19.99552077938439	30.1920465838944	29.994680925518956	19.195559972564773	0.6221917386374771
41.0	19.69812588822537	30.121603741222756	30.594857218865734	19.58541315168614	0.0
42.0	20.04820087434144	30.25515637260397	30.191402309158168	19.505240443896422	0.0
43.0	20.4986401996243	30.445509855048087	29.86303866319006	19.19281128213755	0.0
44.0	19.276947892559086	30.03857212988288	30.000701311452417	19.92215442878182	0.7616242373237955
45.0	19.75783255931419	30.379666914539865	30.20498646051099	19.657514065634953	0.0
46.0	19.976702735323425	30.30258375085961	30.510996028237408	19.209717485579556	0.0
47.0	19.337652583477816	30.736401732379637	30.08219678091855	19.843748903223997	0.0
48.0	19.4047978432873	30.599063458743743	30.7745771874276	19.221561510541356	0.0
49.0	19.564026574153406	30.695815834936862	29.636080171917357	20.10407741899237	0.0
50.0	20.321400226160126	30.188162413873027	30.076487073052526	19.413950286914318	0.0
51.0	19.87561052742542	29.583611511296954	30.616676622509576	19.924101338768054	0.0
52.0	19.910262811812114	30.900255286828465	29.269373316548634	19.920108584810787	0.0
53.0	20.07571759308127	30.165297979691356	30.32292568276017	19.436058744467196	0.0
54.0	19.70045839582585	30.42311835906969	30.86250237647605	19.013920868628404	0.0
55.0	19.701036229280696	30.266911811323148	30.32749353677522	19.703853983952886	7.044386680473665E-4
56.0	19.893030040377987	30.090410051511885	30.306041195413965	19.710518712696164	0.0
57.0	19.61476906589959	30.70707925294528	30.43987111966553	19.2382805614896	0.0
58.0	20.05078827637287	29.80636969632843	29.955207561810038	20.18763446548866	0.0
59.0	19.827549709995626	30.349557584566973	30.060964423307603	19.761928282129805	0.0
60.0	19.769929877338306	30.44368648885311	30.131559434781686	19.654824199026898	0.0
61.0	20.541964834450653	30.107587648966156	29.889304106414993	19.461143410168198	0.0
62.0	20.78683055435789	30.073014369623763	29.574707200361892	19.565447875656456	0.0
63.0	20.294560811527766	30.122450711996773	30.263930448561503	19.31905802791395	0.0
64.0	19.90091652216993	30.34502282458686	30.199228564351184	19.554832088892034	0.0
65.0	19.973508432676713	31.022050333977912	29.10672418311765	19.89771705022773	0.0
66.0	19.707558403266045	29.88560331140848	30.916874574733498	19.48996371059197	0.0
67.0	20.285835874884743	30.01844102418611	29.863110858926166	19.832612242002977	0.0
68.0	19.28082775065289	30.201828091291016	30.076217781310323	20.441126376745768	0.0
69.0	19.677343799904893	30.388308858495456	30.746736885437887	19.187610456161767	0.0
70.0	20.16289952635578	30.24221895571036	29.689752384198602	19.905129133735254	0.0
71.0	19.44345749896963	29.909895825931244	30.601310347768003	20.045336327331125	0.0
72.0	20.038676743475076	30.150085671830674	29.86427591306264	19.946961671631605	0.0
73.0	19.63249998220856	29.47828376637702	30.893059202801084	19.994733733284942	0.0014233153283944291
74.0	19.759847875166475	30.32525941699724	30.78676172094779	19.128130986888493	0.0
75.0	20.115319373369637	30.322295554003393	30.00228072926318	19.56010434336379	0.0
76.0	20.148524386677032	30.37544853366053	29.873946882200613	19.602080197461817	0.0
77.0	20.040246043186002	29.98330217357176	30.140290285290217	19.425851660506073	0.4103098374459461
78.0	19.38009950959047	30.783727255205694	30.573857674159626	19.262315561044208	0.0
79.0	19.73121389347101	28.793818776466217	31.38170626334469	20.09326106671808	0.0
80.0	19.834232431853096	30.555535707906113	29.650244721517634	19.95998713872316	0.0
81.0	19.69807436634215	30.489914368629467	29.750825577904532	20.061185687123846	0.0
82.0	19.210219510625056	30.79872113066926	29.682929097138278	20.308130261567403	0.0
83.0	19.741315753684496	30.4594615874652	30.344220404131505	19.455002254718803	0.0
84.0	20.10173377274681	29.0550222094856	30.960739360939964	19.882504656827628	0.0
85.0	19.872645263995757	30.3385369981284	29.62001534567202	20.168802392203826	0.0
86.0	20.030857552924292	30.08826695371367	30.414782920703264	19.466092572658773	0.0
87.0	19.064642331574603	30.492085711209217	28.93219913140232	19.203187250996017	2.307885574817846
88.0	19.391162593627243	30.762159871884176	30.07777434667394	19.768903187814637	0.0
89.0	19.68544105073323	29.932676625065564	30.53549745292034	19.84638487128087	0.0
90.0	19.298750233701984	29.90882027238865	29.490313951648854	19.87833115211482	1.4237843901456861
91.0	19.658556238219255	29.853666959236826	30.3695017194492	20.118275083094723	0.0
92.0	19.858319414847664	31.581523930196393	29.489431549847378	19.068565340091	0.002159765017566089
93.0	19.698279588484482	30.478948733465895	30.23904210253307	19.583729575516557	0.0
94.0	20.085094108314706	29.841349967548858	30.575466935890965	19.498088988245474	0.0
95.0	19.912482128157357	30.309200930057912	29.92576866975723	19.852548272027498	0.0
96.0	19.043832189874426	30.98110943227084	30.49167528176804	19.483383096086694	0.0
97.0	19.73354934833866	29.801391560949504	30.693899986981236	19.7711591037306	0.0
98.0	19.85842808856206	30.18608455230416	30.48066414307738	19.474823216056397	0.0
99.0	20.33061322018435	30.498092059055658	29.780532485681395	19.390762235078597	0.0
100.0	20.11305986374837	29.906508189592696	30.240614581823454	19.73981736483548	0.0
101.0	19.87743409362875	30.309315734126262	30.12655473764369	19.686695434601297	0.0
102.0	19.744483159117305	30.1945412311266	30.56329849012776	19.49767711962834	0.0
103.0	19.960330722620206	30.01641988404365	29.82388584547872	20.199363547857423	0.0
104.0	19.679690454717367	30.46649986908329	29.584994036016642	19.51022604951561	0.7585895906670933
105.0	20.492955182582737	30.66516183056031	29.620271598645648	19.221611388211308	0.0
106.0	20.33554894758323	30.082065185703456	29.588653722814996	19.993732143898317	0.0
107.0	19.56077779236503	29.993581608390592	30.37649701690663	20.06914358233775	0.0
108.0	19.447467009413362	30.180453214345704	30.358642547815357	20.01343722842558	0.0
109.0	19.829614367337395	30.142621249981733	30.75343766896088	19.27432671371999	0.0
110.0	19.39288038193556	30.63892321077374	29.509347331788238	19.71676524561878	0.7420838298836793
111.0	19.17406288185324	30.87020465504248	30.169241012958313	19.786491450145974	0.0
112.0	19.44399701278353	29.291561113470294	30.746364821133092	20.51807705261308	0.0
113.0	19.957781475156303	29.79117955333387	30.91920576400138	19.33183320750845	0.0
114.0	19.653365815001248	30.340030231431886	30.614461190766207	19.392142762800663	0.0
115.0	19.83808047488558	30.315096571332017	29.80156776890469	20.045255184877718	0.0
116.0	19.775831255653863	30.587119122741214	29.756782796078518	19.88026682552641	0.0
117.0	19.66992178869692	30.54806828391734	30.27558069314951	19.506429234236226	0.0
118.0	20.662558235536945	29.66326590788465	29.706758270920563	19.96741758565784	0.0
119.0	19.560903276257644	30.278640511689325	30.61356980029657	19.54688641175646	0.0
120.0	19.86133979134518	29.79127134724858	30.8338071013519	19.51358176005434	0.0
121.0	19.54227693944813	30.33579166728248	30.748880448116346	19.373050945153043	0.0
122.0	19.37478733004897	30.858224964123504	29.795245069755744	19.97174263607178	0.0
123.0	20.055848542308606	29.78416093861104	29.73083076558426	20.42915975349609	0.0
124.0	19.913281708231555	29.535448329113734	30.796872795848213	19.754397166806495	0.0
125.0	19.607770114257622	30.38403670544772	30.687929210922256	19.3202639693724	0.0
126.0	19.451946462943344	29.863173130007908	30.794998433280114	19.889881973768635	0.0
127.0	19.8011444280101	29.802190249951444	30.514096185737976	19.88256913630048	0.0
128.0	20.20641687233565	30.281953481415	29.543040909430857	19.96858873681849	0.0
129.0	20.141451184373015	29.826741009617187	30.248100886876472	19.78370691913333	0.0
130.0	20.182654559621206	30.37474901855015	29.622553867361923	19.82004255446672	0.0
131.0	19.696833325832923	29.893644150428273	30.55968078244303	19.84984174129577	0.0
132.0	19.26381566100371	30.525137818635184	30.905171766331698	19.30587475402941	0.0
133.0	19.753299988717988	30.723177014779434	29.36933548945132	20.154187507051258	0.0
134.0	19.579202699852353	30.52776689667641	30.09838189652575	19.794648506945492	0.0
135.0	19.72606874693431	30.1362109949817	30.282609515903857	19.85511074218013	0.0
136.0	19.904901575398384	30.307520183846876	29.664963260862994	20.122614979891747	0.0
137.0	19.774524956814254	29.885292602357787	30.254265539291453	20.085916901536503	0.0
138.0	20.218570940689865	30.650779797366525	29.982924145258604	19.147725116685006	0.0
139.0	19.569333242090377	29.637993567371517	30.40291369176608	20.389759498772023	0.0
140.0	19.728093225179936	31.302791423892764	29.683537073003542	19.28481663429681	7.616436269469515E-4
141.0	19.372962739604723	30.998419811140714	29.884653847034663	19.7439636022199	0.0
142.0	19.839162604923064	30.14285604976624	29.749561943821686	20.26841940148901	0.0
143.0	19.641226703904614	30.21107470863097	30.148926212087503	19.99877237537692	0.0
144.0	20.053576789549446	29.554219557067746	30.83975459367086	19.55244905971195	0.0
145.0	19.619136089177893	30.246942251122466	30.485369252206223	19.64855240749342	0.0
146.0	19.529865608681334	29.704088193322775	31.237748749392335	19.528297448603553	0.0
147.0	20.089772154369072	28.2611524012425	31.109629364601798	19.892175836328448	0.6472702434581795
148.0	21.356808823131885	24.608716807381445	33.6589145889837	20.375559780502968	0.0
149.0	20.17288955092672	14.450196576396182	41.82803838734097	23.548875485336133	0.0
150.0	0.0	0.0	63.869014187687725	36.130985812312275	0.0
