#Insert size (bp)	insert size
19.0	160.0
20.0	32.0
21.0	28.0
22.0	4.0
23.0	15.0
24.0	7.0
25.0	6.0
27.0	4.0
30.0	1.0
32.0	2.0
33.0	12.0
34.0	2.0
35.0	3.0
36.0	2.0
37.0	5.0
38.0	1.0
39.0	11.0
40.0	2.0
41.0	5.0
42.0	2.0
43.0	9.0
44.0	2.0
45.0	8.0
46.0	6.0
49.0	3.0
51.0	6.0
52.0	3.0
54.0	9.0
55.0	7.0
56.0	4.0
57.0	1.0
59.0	8.0
60.0	4.0
61.0	4.0
62.0	5.0
63.0	6.0
64.0	9.0
65.0	1.0
66.0	6.0
67.0	8.0
68.0	6.0
69.0	5.0
70.0	3.0
71.0	2.0
72.0	18.0
73.0	3.0
74.0	2.0
75.0	6.0
76.0	4.0
77.0	6.0
78.0	4.0
79.0	1.0
80.0	8.0
81.0	46.0
82.0	4.0
83.0	6.0
84.0	7.0
85.0	5.0
86.0	8.0
87.0	13.0
88.0	4.0
89.0	11.0
90.0	9.0
91.0	7.0
92.0	8.0
93.0	8.0
94.0	10.0
95.0	7.0
96.0	8.0
97.0	4.0
98.0	48.0
99.0	8.0
100.0	4.0
101.0	3.0
102.0	3.0
103.0	5.0
104.0	6.0
105.0	5.0
106.0	8.0
107.0	6.0
108.0	9.0
109.0	20.0
110.0	10.0
111.0	11.0
112.0	9.0
113.0	38.0
114.0	9.0
115.0	12.0
116.0	8.0
117.0	16.0
118.0	14.0
119.0	13.0
120.0	4.0
121.0	4.0
122.0	12.0
123.0	9.0
124.0	5.0
125.0	7.0
126.0	4.0
127.0	7.0
128.0	13.0
129.0	12.0
130.0	9.0
131.0	5.0
132.0	6.0
133.0	11.0
134.0	10.0
135.0	14.0
136.0	6.0
137.0	17.0
138.0	2.0
139.0	7.0
140.0	19.0
141.0	15.0
142.0	11.0
143.0	18.0
144.0	11.0
145.0	14.0
146.0	10.0
147.0	9.0
148.0	12.0
149.0	23.0
150.0	13.0
151.0	25.0
152.0	7.0
153.0	21.0
154.0	8.0
155.0	8.0
156.0	17.0
157.0	19.0
158.0	11.0
159.0	11.0
160.0	11.0
161.0	10.0
162.0	9.0
163.0	21.0
164.0	16.0
165.0	11.0
166.0	8.0
167.0	10.0
168.0	25.0
169.0	24.0
170.0	4.0
171.0	8.0
172.0	13.0
173.0	18.0
174.0	12.0
175.0	14.0
176.0	13.0
177.0	14.0
178.0	26.0
179.0	30.0
180.0	24.0
181.0	11.0
182.0	18.0
183.0	8.0
184.0	12.0
185.0	19.0
186.0	16.0
187.0	16.0
188.0	19.0
189.0	15.0
190.0	26.0
191.0	13.0
192.0	12.0
193.0	12.0
194.0	36.0
195.0	18.0
196.0	13.0
197.0	70.0
198.0	16.0
199.0	18.0
200.0	27.0
201.0	18.0
202.0	11.0
203.0	11.0
204.0	15.0
205.0	21.0
206.0	13.0
207.0	50.0
208.0	17.0
209.0	13.0
210.0	43.0
211.0	23.0
212.0	14.0
213.0	21.0
214.0	25.0
215.0	26.0
216.0	25.0
217.0	22.0
218.0	21.0
219.0	12.0
220.0	15.0
221.0	59.0
222.0	21.0
223.0	18.0
224.0	16.0
225.0	14.0
226.0	11.0
227.0	17.0
228.0	18.0
229.0	19.0
230.0	26.0
231.0	22.0
232.0	15.0
233.0	18.0
234.0	19.0
235.0	15.0
236.0	14.0
237.0	16.0
238.0	28.0
239.0	22.0
240.0	19.0
241.0	27.0
242.0	21.0
243.0	25.0
244.0	31.0
245.0	23.0
246.0	29.0
247.0	15.0
248.0	24.0
249.0	42.0
250.0	22.0
251.0	29.0
252.0	31.0
253.0	37.0
254.0	28.0
255.0	33.0
256.0	23.0
257.0	42.0
258.0	19.0
259.0	33.0
260.0	27.0
261.0	16.0
262.0	35.0
263.0	27.0
264.0	20.0
265.0	17.0
266.0	27.0
267.0	14.0
268.0	24.0
269.0	34.0
270.0	24.0
271.0	34.0
272.0	19.0
273.0	19.0
274.0	20.0
275.0	27.0
276.0	16.0
277.0	27.0
278.0	21.0
279.0	25.0
280.0	26.0
281.0	23.0
282.0	30.0
283.0	35.0
284.0	34.0
285.0	30.0
286.0	41.0
287.0	23.0
288.0	23.0
289.0	22.0
290.0	32.0
291.0	26.0
292.0	31.0
293.0	32.0
294.0	27.0
295.0	30.0
296.0	33.0
297.0	29.0
298.0	29.0
299.0	35.0
300.0	32.0
301.0	33.0
302.0	26.0
303.0	26.0
304.0	30.0
305.0	26.0
306.0	32.0
307.0	39.0
308.0	42.0
309.0	19.0
310.0	23.0
311.0	26.0
312.0	38.0
313.0	42.0
314.0	42.0
315.0	32.0
316.0	29.0
317.0	38.0
318.0	35.0
319.0	24.0
320.0	32.0
321.0	30.0
322.0	49.0
323.0	32.0
324.0	35.0
325.0	35.0
326.0	30.0
327.0	32.0
328.0	43.0
329.0	22.0
330.0	26.0
331.0	33.0
332.0	33.0
333.0	16.0
334.0	24.0
335.0	29.0
336.0	38.0
337.0	30.0
338.0	32.0
339.0	34.0
340.0	23.0
341.0	25.0
342.0	26.0
343.0	35.0
344.0	26.0
345.0	31.0
346.0	25.0
347.0	35.0
348.0	34.0
349.0	27.0
350.0	24.0
351.0	28.0
352.0	33.0
353.0	16.0
354.0	31.0
355.0	37.0
356.0	32.0
357.0	24.0
358.0	20.0
359.0	34.0
360.0	25.0
361.0	31.0
362.0	40.0
363.0	33.0
364.0	22.0
365.0	23.0
366.0	26.0
367.0	27.0
368.0	15.0
369.0	37.0
370.0	24.0
371.0	29.0
372.0	28.0
373.0	29.0
374.0	27.0
375.0	37.0
376.0	37.0
377.0	28.0
378.0	36.0
379.0	28.0
380.0	25.0
381.0	37.0
382.0	20.0
383.0	21.0
384.0	31.0
385.0	23.0
386.0	34.0
387.0	19.0
388.0	22.0
389.0	30.0
390.0	15.0
391.0	28.0
392.0	16.0
393.0	22.0
394.0	28.0
395.0	29.0
396.0	19.0
397.0	35.0
398.0	27.0
399.0	24.0
400.0	21.0
401.0	40.0
402.0	28.0
403.0	25.0
404.0	25.0
405.0	27.0
406.0	28.0
407.0	17.0
408.0	14.0
409.0	21.0
410.0	32.0
411.0	25.0
412.0	21.0
413.0	22.0
414.0	30.0
415.0	9.0
416.0	24.0
417.0	30.0
418.0	23.0
419.0	19.0
420.0	23.0
421.0	24.0
422.0	14.0
423.0	13.0
424.0	41.0
425.0	18.0
426.0	33.0
427.0	23.0
428.0	24.0
429.0	15.0
430.0	13.0
431.0	19.0
432.0	23.0
433.0	18.0
434.0	19.0
435.0	21.0
436.0	19.0
437.0	16.0
438.0	17.0
439.0	22.0
440.0	23.0
441.0	17.0
442.0	27.0
443.0	20.0
444.0	23.0
445.0	16.0
446.0	17.0
447.0	14.0
448.0	18.0
449.0	24.0
450.0	14.0
451.0	15.0
452.0	23.0
453.0	25.0
454.0	10.0
455.0	12.0
456.0	20.0
457.0	9.0
458.0	17.0
459.0	16.0
460.0	11.0
461.0	22.0
462.0	10.0
463.0	15.0
464.0	9.0
465.0	9.0
466.0	16.0
467.0	14.0
468.0	13.0
469.0	11.0
470.0	16.0
471.0	20.0
472.0	18.0
473.0	17.0
474.0	11.0
475.0	8.0
476.0	11.0
477.0	6.0
478.0	18.0
479.0	8.0
480.0	10.0
481.0	11.0
482.0	13.0
483.0	10.0
484.0	8.0
485.0	17.0
486.0	11.0
487.0	13.0
488.0	10.0
489.0	13.0
490.0	10.0
491.0	12.0
492.0	17.0
493.0	19.0
494.0	15.0
495.0	13.0
496.0	6.0
497.0	9.0
498.0	14.0
499.0	6.0
500.0	12.0
501.0	15.0
502.0	11.0
503.0	6.0
504.0	4.0
505.0	8.0
506.0	11.0
507.0	5.0
508.0	9.0
509.0	13.0
510.0	8.0
511.0	8.0
512.0	9.0
513.0	16.0
514.0	6.0
515.0	21.0
516.0	8.0
517.0	5.0
518.0	5.0
519.0	6.0
520.0	3.0
521.0	12.0
522.0	12.0
523.0	13.0
524.0	14.0
525.0	6.0
526.0	8.0
527.0	7.0
528.0	6.0
529.0	10.0
530.0	3.0
531.0	6.0
532.0	8.0
533.0	11.0
534.0	8.0
535.0	8.0
536.0	7.0
537.0	5.0
538.0	11.0
539.0	9.0
540.0	15.0
541.0	4.0
542.0	13.0
543.0	11.0
544.0	15.0
545.0	9.0
546.0	5.0
547.0	9.0
548.0	14.0
549.0	5.0
550.0	9.0
551.0	6.0
552.0	4.0
553.0	3.0
554.0	5.0
555.0	3.0
556.0	8.0
557.0	10.0
558.0	8.0
559.0	4.0
560.0	9.0
561.0	17.0
562.0	11.0
563.0	4.0
564.0	15.0
565.0	10.0
566.0	4.0
567.0	3.0
568.0	5.0
569.0	9.0
570.0	12.0
571.0	12.0
572.0	10.0
573.0	6.0
574.0	6.0
575.0	8.0
576.0	5.0
577.0	5.0
578.0	8.0
579.0	8.0
580.0	6.0
581.0	6.0
582.0	5.0
583.0	7.0
584.0	7.0
585.0	6.0
586.0	8.0
587.0	8.0
588.0	1.0
589.0	3.0
590.0	4.0
591.0	6.0
592.0	8.0
593.0	6.0
594.0	4.0
595.0	21.0
596.0	1.0
597.0	6.0
598.0	6.0
599.0	7.0
600.0	8.0
601.0	11.0
602.0	4.0
603.0	6.0
604.0	2.0
605.0	3.0
606.0	4.0
607.0	8.0
608.0	2.0
609.0	4.0
611.0	3.0
612.0	3.0
613.0	3.0
614.0	3.0
615.0	4.0
616.0	4.0
617.0	1.0
618.0	3.0
619.0	1.0
620.0	3.0
621.0	12.0
622.0	4.0
623.0	4.0
624.0	6.0
625.0	3.0
626.0	6.0
627.0	11.0
628.0	7.0
629.0	3.0
630.0	5.0
631.0	1.0
632.0	3.0
633.0	6.0
635.0	5.0
636.0	2.0
637.0	2.0
638.0	1.0
639.0	2.0
640.0	4.0
641.0	2.0
642.0	10.0
643.0	2.0
644.0	3.0
645.0	1.0
646.0	4.0
647.0	2.0
648.0	2.0
649.0	5.0
651.0	1.0
653.0	3.0
654.0	5.0
655.0	5.0
656.0	3.0
657.0	4.0
658.0	5.0
659.0	2.0
660.0	5.0
661.0	2.0
662.0	3.0
663.0	4.0
664.0	7.0
665.0	4.0
667.0	3.0
668.0	1.0
669.0	1.0
670.0	2.0
671.0	2.0
672.0	4.0
673.0	3.0
674.0	1.0
675.0	1.0
676.0	1.0
677.0	5.0
678.0	1.0
680.0	5.0
681.0	3.0
682.0	1.0
684.0	2.0
685.0	1.0
688.0	3.0
689.0	2.0
690.0	1.0
692.0	3.0
693.0	1.0
695.0	3.0
696.0	1.0
698.0	3.0
699.0	3.0
700.0	4.0
701.0	1.0
702.0	2.0
703.0	1.0
705.0	1.0
706.0	1.0
707.0	6.0
708.0	2.0
709.0	4.0
710.0	2.0
711.0	1.0
712.0	1.0
713.0	2.0
714.0	1.0
715.0	1.0
716.0	1.0
717.0	2.0
718.0	2.0
719.0	1.0
720.0	1.0
721.0	1.0
722.0	3.0
724.0	2.0
725.0	3.0
726.0	4.0
727.0	2.0
729.0	2.0
731.0	2.0
733.0	3.0
736.0	1.0
737.0	1.0
741.0	2.0
742.0	1.0
743.0	1.0
746.0	3.0
747.0	2.0
748.0	3.0
749.0	3.0
751.0	1.0
753.0	4.0
754.0	2.0
755.0	3.0
757.0	2.0
759.0	1.0
761.0	1.0
762.0	1.0
765.0	1.0
766.0	4.0
767.0	1.0
769.0	2.0
773.0	1.0
774.0	1.0
776.0	2.0
778.0	1.0
780.0	3.0
781.0	2.0
783.0	1.0
785.0	2.0
786.0	1.0
788.0	1.0
792.0	1.0
803.0	1.0
804.0	1.0
812.0	1.0
814.0	3.0
815.0	1.0
817.0	1.0
818.0	2.0
824.0	1.0
825.0	1.0
827.0	1.0
829.0	1.0
831.0	1.0
832.0	2.0
835.0	1.0
838.0	1.0
843.0	1.0
844.0	1.0
846.0	1.0
855.0	1.0
856.0	1.0
862.0	1.0
863.0	1.0
864.0	1.0
865.0	2.0
