#Coverage	Number of genomic locations
0.0	201.0
1.0	129.0
2.0	174.0
3.0	89.0
4.0	58.0
5.0	60.0
6.0	91.0
7.0	45.0
8.0	68.0
9.0	125.0
10.0	75.0
11.0	39.0
12.0	58.0
13.0	46.0
14.0	38.0
15.0	29.0
16.0	41.0
17.0	44.0
18.0	32.0
19.0	53.0
20.0	32.0
21.0	48.0
22.0	38.0
23.0	47.0
24.0	55.0
25.0	36.0
26.0	26.0
27.0	19.0
28.0	13.0
29.0	25.0
30.0	18.0
31.0	20.0
32.0	32.0
33.0	14.0
34.0	18.0
35.0	23.0
36.0	32.0
37.0	16.0
38.0	25.0
39.0	23.0
40.0	9.0
41.0	20.0
42.0	21.0
43.0	16.0
44.0	19.0
45.0	21.0
46.0	15.0
47.0	28.0
48.0	21.0
49.0	20.0
50.0	15.0
51.0	28.0
52.0	15.0
53.0	13.0
54.0	11.0
55.0	32.0
56.0	27.0
57.0	19.0
58.0	29.0
59.0	21.0
60.0	30.0
61.0	49.0
62.0	11.0
63.0	19.0
64.0	19.0
65.0	20.0
66.0	23.0
67.0	26.0
68.0	37.0
69.0	34.0
70.0	30.0
71.0	26.0
72.0	31.0
73.0	27.0
74.0	16.0
75.0	39.0
76.0	24.0
77.0	17.0
78.0	20.0
79.0	38.0
80.0	27.0
81.0	30.0
82.0	29.0
83.0	28.0
84.0	27.0
85.0	28.0
86.0	25.0
87.0	35.0
88.0	28.0
89.0	31.0
90.0	31.0
91.0	42.0
92.0	53.0
93.0	22.0
94.0	30.0
95.0	27.0
96.0	45.0
97.0	39.0
98.0	41.0
99.0	28.0
100.0	48.0
101.0	37.0
102.0	49.0
103.0	42.0
104.0	39.0
105.0	36.0
106.0	27.0
107.0	29.0
108.0	24.0
109.0	38.0
110.0	34.0
111.0	29.0
112.0	27.0
113.0	34.0
114.0	54.0
115.0	38.0
116.0	39.0
117.0	28.0
118.0	32.0
119.0	30.0
120.0	29.0
121.0	31.0
122.0	25.0
123.0	28.0
124.0	38.0
125.0	35.0
126.0	42.0
127.0	27.0
128.0	34.0
129.0	27.0
130.0	19.0
131.0	30.0
132.0	20.0
133.0	23.0
134.0	19.0
135.0	17.0
136.0	13.0
137.0	13.0
138.0	24.0
139.0	34.0
140.0	31.0
141.0	41.0
142.0	26.0
143.0	43.0
144.0	42.0
145.0	34.0
146.0	24.0
147.0	42.0
148.0	28.0
149.0	49.0
150.0	44.0
151.0	46.0
152.0	46.0
153.0	54.0
154.0	67.0
155.0	63.0
156.0	82.0
157.0	77.0
158.0	54.0
159.0	54.0
160.0	56.0
161.0	65.0
162.0	76.0
163.0	96.0
164.0	106.0
165.0	127.0
166.0	97.0
167.0	112.0
168.0	114.0
169.0	142.0
170.0	149.0
171.0	192.0
172.0	204.0
173.0	214.0
174.0	190.0
175.0	238.0
176.0	221.0
177.0	232.0
178.0	261.0
179.0	272.0
180.0	312.0
181.0	353.0
182.0	366.0
183.0	424.0
184.0	410.0
185.0	461.0
186.0	457.0
187.0	467.0
188.0	468.0
189.0	525.0
190.0	536.0
191.0	476.0
192.0	569.0
193.0	606.0
194.0	609.0
195.0	629.0
196.0	634.0
197.0	690.0
198.0	713.0
199.0	702.0
200.0	721.0
201.0	726.0
202.0	709.0
203.0	764.0
204.0	819.0
205.0	815.0
206.0	863.0
207.0	915.0
208.0	815.0
209.0	765.0
210.0	905.0
211.0	944.0
212.0	981.0
213.0	998.0
214.0	998.0
215.0	922.0
216.0	1005.0
217.0	972.0
218.0	967.0
219.0	1004.0
220.0	980.0
221.0	956.0
222.0	857.0
223.0	921.0
224.0	888.0
225.0	950.0
226.0	888.0
227.0	922.0
228.0	909.0
229.0	898.0
230.0	852.0
231.0	833.0
232.0	791.0
233.0	739.0
234.0	638.0
235.0	644.0
236.0	630.0
237.0	584.0
238.0	581.0
239.0	534.0
240.0	498.0
241.0	536.0
242.0	470.0
243.0	497.0
244.0	440.0
245.0	435.0
246.0	428.0
247.0	393.0
248.0	381.0
249.0	383.0
250.0	373.0
251.0	395.0
252.0	364.0
253.0	400.0
254.0	355.0
255.0	378.0
256.0	319.0
257.0	336.0
258.0	329.0
259.0	281.0
260.0	291.0
261.0	295.0
262.0	254.0
263.0	212.0
264.0	250.0
265.0	235.0
266.0	203.0
267.0	183.0
268.0	163.0
269.0	154.0
270.0	128.0
271.0	109.0
272.0	130.0
273.0	81.0
274.0	92.0
275.0	89.0
276.0	92.0
277.0	102.0
278.0	96.0
279.0	100.0
280.0	74.0
281.0	67.0
282.0	60.0
283.0	93.0
284.0	81.0
285.0	62.0
286.0	52.0
287.0	61.0
288.0	42.0
289.0	34.0
290.0	27.0
291.0	36.0
292.0	28.0
293.0	28.0
294.0	29.0
295.0	11.0
296.0	19.0
297.0	20.0
298.0	17.0
299.0	12.0
300.0	17.0
301.0	12.0
302.0	9.0
303.0	16.0
304.0	18.0
305.0	20.0
306.0	17.0
307.0	27.0
308.0	21.0
309.0	24.0
310.0	32.0
311.0	30.0
312.0	29.0
313.0	31.0
314.0	19.0
315.0	30.0
316.0	33.0
317.0	36.0
318.0	34.0
319.0	30.0
320.0	52.0
321.0	42.0
322.0	54.0
323.0	48.0
324.0	55.0
325.0	47.0
326.0	44.0
327.0	47.0
328.0	40.0
329.0	53.0
330.0	43.0
331.0	53.0
332.0	48.0
333.0	50.0
334.0	53.0
335.0	47.0
336.0	46.0
337.0	33.0
338.0	51.0
339.0	52.0
340.0	42.0
341.0	40.0
342.0	56.0
343.0	48.0
344.0	43.0
345.0	54.0
346.0	52.0
347.0	39.0
348.0	32.0
349.0	40.0
350.0	34.0
351.0	32.0
352.0	35.0
353.0	37.0
354.0	40.0
355.0	46.0
356.0	45.0
357.0	35.0
358.0	32.0
359.0	44.0
360.0	46.0
361.0	34.0
362.0	42.0
363.0	40.0
364.0	50.0
365.0	50.0
366.0	46.0
367.0	49.0
368.0	44.0
369.0	45.0
370.0	27.0
371.0	38.0
372.0	52.0
373.0	40.0
374.0	43.0
375.0	49.0
376.0	47.0
377.0	54.0
378.0	75.0
379.0	59.0
380.0	54.0
381.0	57.0
382.0	68.0
383.0	66.0
384.0	59.0
385.0	71.0
386.0	60.0
387.0	60.0
388.0	71.0
389.0	68.0
390.0	81.0
391.0	79.0
392.0	54.0
393.0	65.0
394.0	44.0
395.0	57.0
396.0	68.0
397.0	49.0
398.0	60.0
399.0	61.0
400.0	54.0
401.0	60.0
402.0	59.0
403.0	59.0
404.0	61.0
405.0	66.0
406.0	63.0
407.0	65.0
408.0	39.0
409.0	48.0
410.0	40.0
411.0	39.0
412.0	51.0
413.0	50.0
414.0	41.0
415.0	59.0
416.0	44.0
417.0	46.0
418.0	31.0
419.0	35.0
420.0	29.0
421.0	36.0
422.0	25.0
423.0	17.0
424.0	28.0
425.0	16.0
426.0	11.0
427.0	13.0
428.0	16.0
429.0	15.0
430.0	14.0
431.0	15.0
432.0	17.0
433.0	19.0
434.0	19.0
435.0	27.0
436.0	17.0
437.0	20.0
438.0	23.0
439.0	19.0
440.0	18.0
441.0	18.0
442.0	23.0
443.0	32.0
444.0	11.0
445.0	15.0
446.0	17.0
447.0	21.0
448.0	20.0
449.0	24.0
450.0	23.0
451.0	24.0
452.0	32.0
453.0	24.0
454.0	18.0
455.0	13.0
456.0	19.0
457.0	18.0
458.0	23.0
459.0	15.0
460.0	18.0
461.0	15.0
462.0	17.0
463.0	12.0
464.0	19.0
465.0	12.0
466.0	16.0
467.0	6.0
468.0	6.0
469.0	19.0
470.0	20.0
471.0	16.0
472.0	13.0
473.0	9.0
474.0	7.0
475.0	2.0
476.0	6.0
477.0	5.0
478.0	5.0
479.0	8.0
480.0	6.0
481.0	4.0
482.0	5.0
483.0	7.0
484.0	4.0
485.0	8.0
486.0	11.0
487.0	10.0
488.0	6.0
489.0	8.0
490.0	13.0
491.0	14.0
492.0	9.0
493.0	6.0
494.0	7.0
495.0	6.0
496.0	7.0
497.0	7.0
498.0	13.0
499.0	3.0
500.0	9.0
501.0	4.0
502.0	10.0
503.0	8.0
504.0	9.0
505.0	5.0
506.0	4.0
507.0	3.0
508.0	8.0
509.0	7.0
510.0	1.0
511.0	6.0
512.0	3.0
513.0	4.0
514.0	2.0
515.0	2.0
516.0	3.0
517.0	5.0
518.0	5.0
519.0	8.0
520.0	12.0
521.0	10.0
522.0	5.0
523.0	4.0
524.0	11.0
525.0	8.0
526.0	8.0
527.0	7.0
528.0	4.0
529.0	5.0
530.0	7.0
531.0	6.0
532.0	2.0
533.0	4.0
534.0	7.0
535.0	5.0
536.0	3.0
537.0	4.0
538.0	4.0
539.0	6.0
540.0	8.0
541.0	7.0
542.0	12.0
543.0	7.0
544.0	4.0
545.0	7.0
546.0	5.0
547.0	5.0
548.0	6.0
549.0	4.0
550.0	7.0
551.0	8.0
552.0	1.0
553.0	6.0
554.0	3.0
555.0	6.0
556.0	2.0
557.0	6.0
558.0	2.0
559.0	4.0
560.0	9.0
562.0	2.0
563.0	6.0
564.0	5.0
565.0	2.0
566.0	4.0
567.0	8.0
568.0	7.0
569.0	6.0
570.0	7.0
571.0	7.0
572.0	5.0
573.0	5.0
574.0	7.0
575.0	5.0
576.0	8.0
577.0	8.0
578.0	8.0
579.0	9.0
580.0	10.0
581.0	2.0
582.0	6.0
583.0	9.0
585.0	9.0
586.0	4.0
587.0	2.0
588.0	1.0
589.0	2.0
590.0	1.0
591.0	2.0
592.0	1.0
593.0	3.0
594.0	5.0
595.0	1.0
596.0	3.0
597.0	1.0
598.0	1.0
600.0	2.0
603.0	2.0
605.0	1.0
609.0	1.0
610.0	1.0
611.0	2.0
613.0	1.0
616.0	1.0
620.0	1.0
621.0	4.0
622.0	7.0
623.0	4.0
624.0	2.0
625.0	3.0
631.0	1.0
634.0	1.0
640.0	2.0
642.0	1.0
644.0	1.0
645.0	1.0
650.0	1.0
651.0	1.0
654.0	2.0
658.0	1.0
662.0	1.0
667.0	1.0
679.0	1.0
682.0	1.0
684.0	1.0
685.0	1.0
686.0	2.0
688.0	1.0
693.0	1.0
696.0	1.0
698.0	3.0
700.0	3.0
701.0	3.0
702.0	1.0
704.0	3.0
705.0	2.0
707.0	1.0
708.0	1.0
709.0	1.0
713.0	1.0
714.0	2.0
716.0	1.0
717.0	6.0
718.0	5.0
719.0	5.0
720.0	4.0
721.0	2.0
722.0	2.0
723.0	3.0
724.0	1.0
725.0	1.0
726.0	1.0
728.0	1.0
732.0	1.0
733.0	1.0
734.0	1.0
739.0	1.0
740.0	1.0
746.0	1.0
750.0	2.0
751.0	1.0
754.0	1.0
757.0	2.0
758.0	2.0
767.0	1.0
768.0	1.0
771.0	1.0
772.0	3.0
780.0	3.0
783.0	1.0
784.0	2.0
786.0	3.0
787.0	4.0
788.0	2.0
789.0	3.0
790.0	3.0
791.0	2.0
792.0	1.0
793.0	1.0
794.0	2.0
795.0	4.0
796.0	1.0
797.0	1.0
809.0	1.0
811.0	1.0
817.0	1.0
819.0	1.0
820.0	2.0
821.0	1.0
824.0	1.0
832.0	1.0
833.0	1.0
835.0	1.0
841.0	1.0
842.0	1.0
849.0	1.0
853.0	1.0
856.0	1.0
861.0	1.0
863.0	1.0
870.0	1.0
873.0	1.0
878.0	1.0
881.0	1.0
883.0	2.0
889.0	1.0
891.0	1.0
894.0	1.0
895.0	1.0
896.0	1.0
898.0	1.0
901.0	3.0
903.0	1.0
904.0	1.0
905.0	1.0
906.0	2.0
909.0	1.0
917.0	1.0
918.0	1.0
919.0	1.0
924.0	3.0
925.0	1.0
926.0	2.0
927.0	1.0
928.0	3.0
929.0	3.0
930.0	3.0
931.0	1.0
932.0	1.0
933.0	2.0
934.0	1.0
936.0	1.0
937.0	1.0
940.0	2.0
941.0	1.0
948.0	1.0
951.0	1.0
953.0	2.0
954.0	1.0
956.0	1.0
958.0	1.0
961.0	2.0
963.0	3.0
966.0	2.0
967.0	3.0
968.0	3.0
970.0	2.0
971.0	1.0
972.0	1.0
973.0	3.0
976.0	1.0
978.0	1.0
980.0	1.0
981.0	1.0
983.0	2.0
984.0	3.0
985.0	1.0
986.0	1.0
987.0	5.0
988.0	5.0
989.0	1.0
990.0	2.0
991.0	4.0
992.0	4.0
993.0	5.0
994.0	1.0
995.0	2.0
996.0	1.0
998.0	2.0
999.0	1.0
1000.0	2.0
1002.0	4.0
1003.0	3.0
1004.0	1.0
1005.0	2.0
1006.0	2.0
1007.0	6.0
1008.0	3.0
1009.0	2.0
1010.0	2.0
1011.0	2.0
1012.0	2.0
1013.0	1.0
1014.0	3.0
1015.0	4.0
1017.0	2.0
1018.0	4.0
1019.0	1.0
1020.0	1.0
1021.0	3.0
1022.0	1.0
1023.0	3.0
1024.0	2.0
1025.0	1.0
1026.0	3.0
1027.0	3.0
1028.0	3.0
1029.0	2.0
1030.0	1.0
1031.0	1.0
1033.0	2.0
1036.0	1.0
1037.0	1.0
1038.0	2.0
1039.0	2.0
1040.0	2.0
1041.0	1.0
1042.0	2.0
1043.0	4.0
1044.0	2.0
1045.0	1.0
1046.0	2.0
1047.0	3.0
1048.0	2.0
1049.0	2.0
1050.0	4.0
1051.0	1.0
1052.0	5.0
1053.0	1.0
1054.0	1.0
1055.0	2.0
1056.0	4.0
1059.0	2.0
1060.0	2.0
1061.0	5.0
1062.0	3.0
1063.0	5.0
1064.0	3.0
1065.0	4.0
1066.0	6.0
1067.0	1.0
1068.0	5.0
1070.0	5.0
1071.0	4.0
1072.0	7.0
1073.0	3.0
1074.0	4.0
1075.0	2.0
1076.0	5.0
1077.0	7.0
1078.0	6.0
1079.0	3.0
1080.0	5.0
1081.0	8.0
1082.0	4.0
1083.0	1.0
1084.0	5.0
1085.0	5.0
1086.0	4.0
1087.0	2.0
1088.0	4.0
1089.0	6.0
1090.0	3.0
1091.0	5.0
1092.0	5.0
1093.0	4.0
1094.0	3.0
1095.0	4.0
1096.0	6.0
1097.0	1.0
1098.0	6.0
1099.0	8.0
1100.0	5.0
1101.0	4.0
1102.0	3.0
1103.0	4.0
1104.0	4.0
1105.0	6.0
1106.0	5.0
1107.0	6.0
1108.0	5.0
1109.0	4.0
1110.0	5.0
1111.0	2.0
1112.0	8.0
1113.0	6.0
1114.0	6.0
1115.0	4.0
1116.0	7.0
1117.0	8.0
1118.0	1.0
1119.0	5.0
1120.0	5.0
1121.0	7.0
1122.0	4.0
1123.0	2.0
1124.0	5.0
1126.0	5.0
1127.0	1.0
1129.0	1.0
1130.0	2.0
1131.0	1.0
1132.0	2.0
1133.0	2.0
1134.0	3.0
1135.0	2.0
1136.0	3.0
1137.0	7.0
1138.0	3.0
1139.0	5.0
1140.0	4.0
1141.0	1.0
1142.0	1.0
1143.0	7.0
1144.0	5.0
1145.0	6.0
1146.0	4.0
1147.0	5.0
1148.0	2.0
1149.0	3.0
1150.0	7.0
1151.0	1.0
1152.0	3.0
1153.0	3.0
1154.0	2.0
1155.0	3.0
1156.0	2.0
1158.0	3.0
1159.0	5.0
1160.0	3.0
1161.0	9.0
1162.0	8.0
1163.0	7.0
1164.0	5.0
1165.0	9.0
1166.0	4.0
1167.0	10.0
1168.0	4.0
1169.0	1.0
1170.0	4.0
1171.0	6.0
1172.0	8.0
1173.0	6.0
1174.0	7.0
1175.0	5.0
1176.0	4.0
1177.0	3.0
1178.0	1.0
1179.0	10.0
1180.0	5.0
1181.0	5.0
1182.0	3.0
1183.0	8.0
1184.0	4.0
1185.0	5.0
1186.0	8.0
1187.0	4.0
1188.0	5.0
1189.0	6.0
1190.0	3.0
1191.0	8.0
1192.0	8.0
1193.0	4.0
1194.0	8.0
1195.0	7.0
1196.0	5.0
1197.0	6.0
1198.0	11.0
1199.0	13.0
1200.0	4.0
1201.0	5.0
1202.0	6.0
1203.0	8.0
1204.0	7.0
1205.0	6.0
1206.0	10.0
1207.0	7.0
1208.0	14.0
1209.0	13.0
1210.0	3.0
1211.0	5.0
1212.0	3.0
1213.0	10.0
1214.0	4.0
1215.0	2.0
1216.0	1.0
1217.0	4.0
1218.0	8.0
1219.0	2.0
1220.0	7.0
1221.0	4.0
1222.0	2.0
1223.0	7.0
1224.0	4.0
1225.0	3.0
1226.0	7.0
1227.0	3.0
1228.0	9.0
1229.0	6.0
1230.0	4.0
1231.0	4.0
1232.0	2.0
1233.0	5.0
1234.0	1.0
1235.0	5.0
1236.0	5.0
1237.0	4.0
1238.0	4.0
1239.0	4.0
1240.0	2.0
1241.0	2.0
1242.0	6.0
1243.0	1.0
1244.0	2.0
1245.0	4.0
1246.0	3.0
1247.0	3.0
1248.0	3.0
1249.0	1.0
1250.0	1.0
1251.0	6.0
1252.0	2.0
1253.0	4.0
1254.0	4.0
1255.0	4.0
1256.0	2.0
1257.0	2.0
1258.0	3.0
1259.0	6.0
1261.0	6.0
1262.0	6.0
1263.0	5.0
1264.0	2.0
1266.0	4.0
1267.0	3.0
1268.0	7.0
1269.0	2.0
1270.0	3.0
1271.0	4.0
1272.0	2.0
1274.0	3.0
1275.0	1.0
1276.0	2.0
1277.0	8.0
1278.0	2.0
1279.0	6.0
1280.0	3.0
1281.0	1.0
1283.0	1.0
1284.0	1.0
1285.0	1.0
1286.0	4.0
1287.0	2.0
1288.0	2.0
1289.0	2.0
1290.0	2.0
1292.0	3.0
1293.0	2.0
1294.0	1.0
1295.0	3.0
1297.0	2.0
1298.0	2.0
1300.0	1.0
1302.0	1.0
1304.0	2.0
1305.0	3.0
1306.0	2.0
1307.0	2.0
1309.0	3.0
1311.0	2.0
1312.0	3.0
1313.0	2.0
1315.0	2.0
1316.0	3.0
1317.0	1.0
1318.0	1.0
1319.0	1.0
1320.0	3.0
1321.0	2.0
1322.0	2.0
1323.0	3.0
1324.0	4.0
1325.0	1.0
1327.0	1.0
1328.0	3.0
1329.0	1.0
1331.0	2.0
1332.0	1.0
1333.0	2.0
1334.0	2.0
1335.0	3.0
1336.0	2.0
1337.0	2.0
1338.0	3.0
1339.0	2.0
1340.0	5.0
1341.0	4.0
1342.0	1.0
1343.0	3.0
1344.0	5.0
1345.0	2.0
1346.0	2.0
1347.0	3.0
1348.0	4.0
1349.0	5.0
1350.0	2.0
1351.0	4.0
1352.0	5.0
1353.0	2.0
1354.0	2.0
1355.0	1.0
1356.0	1.0
1357.0	6.0
1358.0	4.0
1359.0	6.0
1360.0	3.0
1361.0	3.0
1362.0	3.0
1363.0	6.0
1364.0	5.0
1365.0	6.0
1366.0	7.0
1367.0	2.0
1368.0	8.0
1369.0	4.0
1370.0	4.0
1371.0	6.0
1372.0	4.0
1373.0	4.0
1374.0	3.0
1375.0	7.0
1376.0	4.0
1377.0	3.0
1378.0	7.0
1379.0	7.0
1380.0	9.0
1381.0	4.0
1382.0	7.0
1383.0	6.0
1384.0	3.0
1385.0	5.0
1386.0	6.0
1387.0	4.0
1388.0	9.0
1389.0	4.0
1390.0	8.0
1391.0	6.0
1392.0	5.0
1393.0	7.0
1394.0	4.0
1395.0	2.0
1396.0	2.0
1397.0	5.0
1398.0	5.0
1399.0	5.0
1400.0	2.0
1401.0	4.0
1402.0	4.0
1403.0	3.0
1404.0	3.0
1405.0	1.0
1406.0	2.0
1407.0	2.0
1408.0	2.0
1409.0	2.0
1410.0	4.0
1412.0	4.0
1413.0	3.0
1414.0	2.0
1415.0	1.0
1417.0	1.0
1418.0	1.0
1419.0	1.0
1420.0	1.0
1421.0	2.0
1422.0	1.0
1423.0	1.0
1424.0	2.0
1425.0	1.0
1427.0	1.0
1428.0	2.0
1429.0	1.0
1430.0	3.0
1432.0	3.0
1434.0	3.0
1435.0	4.0
1436.0	5.0
1437.0	4.0
1439.0	1.0
1440.0	3.0
1441.0	1.0
1442.0	3.0
1443.0	1.0
1444.0	1.0
1445.0	4.0
1446.0	1.0
1447.0	1.0
1448.0	2.0
1450.0	1.0
1451.0	2.0
1452.0	2.0
1453.0	1.0
1454.0	1.0
1455.0	1.0
1456.0	1.0
1457.0	1.0
1460.0	1.0
1461.0	1.0
1463.0	2.0
1464.0	4.0
1466.0	1.0
1468.0	1.0
1471.0	1.0
1473.0	1.0
1474.0	1.0
1475.0	1.0
1479.0	2.0
1480.0	1.0
1482.0	1.0
1483.0	1.0
1486.0	1.0
1487.0	1.0
1489.0	1.0
1490.0	1.0
1496.0	2.0
1498.0	1.0
1500.0	1.0
1502.0	1.0
1503.0	1.0
1505.0	2.0
1506.0	1.0
1511.0	1.0
1513.0	1.0
1516.0	1.0
1521.0	1.0
1536.0	1.0
1539.0	1.0
1542.0	1.0
1543.0	1.0
1546.0	1.0
1548.0	1.0
1552.0	2.0
1556.0	1.0
1558.0	1.0
1560.0	1.0
1561.0	1.0
1562.0	1.0
1563.0	2.0
1565.0	3.0
1566.0	2.0
1567.0	3.0
1568.0	2.0
1569.0	3.0
1570.0	1.0
1571.0	4.0
1572.0	3.0
1573.0	1.0
1574.0	1.0
1575.0	5.0
1576.0	1.0
1577.0	4.0
1578.0	1.0
1579.0	1.0
1580.0	4.0
1581.0	1.0
1583.0	2.0
1584.0	1.0
1585.0	2.0
1586.0	1.0
1588.0	3.0
1589.0	1.0
1590.0	3.0
1591.0	1.0
1592.0	1.0
1593.0	4.0
1595.0	1.0
1596.0	3.0
1597.0	1.0
1598.0	1.0
1600.0	1.0
1601.0	2.0
1602.0	2.0
1604.0	5.0
1605.0	1.0
1606.0	7.0
1607.0	4.0
1608.0	1.0
1609.0	5.0
1610.0	2.0
1611.0	4.0
1613.0	4.0
1614.0	2.0
1615.0	4.0
1616.0	2.0
1617.0	4.0
1618.0	4.0
1619.0	2.0
1620.0	2.0
1621.0	2.0
1622.0	3.0
1623.0	9.0
1624.0	3.0
1625.0	4.0
1626.0	4.0
1627.0	3.0
1628.0	7.0
1629.0	2.0
1630.0	1.0
1631.0	2.0
1632.0	3.0
1633.0	3.0
1634.0	2.0
1635.0	5.0
1636.0	2.0
1637.0	3.0
1638.0	3.0
1639.0	1.0
1640.0	2.0
1641.0	2.0
1642.0	5.0
1643.0	3.0
1644.0	2.0
1645.0	4.0
1646.0	2.0
1647.0	2.0
1648.0	3.0
1649.0	6.0
1650.0	2.0
1651.0	5.0
1652.0	2.0
1653.0	9.0
1654.0	4.0
1655.0	4.0
1656.0	5.0
1657.0	3.0
1658.0	7.0
1659.0	6.0
1660.0	4.0
1661.0	3.0
1662.0	6.0
1663.0	5.0
1664.0	2.0
1665.0	2.0
1666.0	4.0
1667.0	6.0
1668.0	7.0
1669.0	5.0
1670.0	6.0
1671.0	6.0
1672.0	7.0
1673.0	1.0
1674.0	2.0
1675.0	5.0
1676.0	5.0
1677.0	4.0
1678.0	5.0
1679.0	5.0
1680.0	1.0
1681.0	4.0
1682.0	9.0
1683.0	3.0
1684.0	3.0
1685.0	4.0
1686.0	1.0
1687.0	2.0
1688.0	5.0
1689.0	3.0
1690.0	6.0
1691.0	4.0
1692.0	1.0
1693.0	4.0
1694.0	5.0
1695.0	4.0
1696.0	5.0
1697.0	3.0
1699.0	1.0
1700.0	1.0
1701.0	1.0
1702.0	3.0
1703.0	2.0
1704.0	1.0
1709.0	3.0
1710.0	2.0
1713.0	2.0
1714.0	2.0
1716.0	1.0
1717.0	1.0
1720.0	1.0
1724.0	1.0
1728.0	1.0
1730.0	1.0
1731.0	1.0
1736.0	1.0
