# Position (bp)	A	C	G	T	N
0.0	14.945345041534608	26.95758016455766	50.39005382505671	7.703069055729879	0.003951913121141945
1.0	15.729697688203911	32.34933807547915	23.185141276427583	28.73503260225252	7.903576368306659E-4
2.0	16.91141040325447	33.51080216438248	25.145542872941267	24.43224455942178	0.0
3.0	11.828355853011743	42.328576840510166	16.796628362166942	29.04643894431115	0.0
4.0	31.503457629256985	18.940869414371438	18.821015446968563	30.734657509403018	0.0
5.0	28.388021612766025	16.749106031726026	42.68521289834754	12.17765945716041	0.0
6.0	24.01363704362752	25.28049635059485	34.75162786303117	15.953451384569354	7.873581771083484E-4
7.0	27.62216573142034	25.024200974335166	32.22625353176821	15.126592738920678	7.870235556150196E-4
8.0	9.40540710616775	49.143783086471224	26.138803892109593	15.312005915251437	0.0
9.0	21.47192000503113	33.21960882963336	17.461165964404753	27.847305200930762	0.0
10.0	16.39000400656763	18.649393908446	48.2320038337353	16.72859825125107	0.0
11.0	18.035889582597086	33.556367063258335	24.67899634821534	23.72874700592924	0.0
12.0	13.663377218807163	28.87962505004828	37.15270417736326	20.304293553781292	0.0
13.0	13.733737189849183	41.94353332600951	24.794017483011345	19.52792730582715	7.846953028139175E-4
14.0	21.214593318324795	30.05890981542637	33.15893099472086	15.566781453213368	7.844183145988092E-4
15.0	21.61757442237885	29.950058408925194	30.75759120024461	17.673991956032584	7.840124187567131E-4
16.0	20.837611795229545	29.256840966631913	29.72479365402855	20.17996974376259	7.838403473980419E-4
17.0	20.662290047630986	29.70982702431687	29.926830032589624	19.701052895462524	0.0
18.0	20.513322423796364	29.186404315791947	31.10940595222249	19.1908673081892	0.0
19.0	20.261606744475493	30.55209825517225	29.947788241003842	19.238506759348407	0.0
20.0	19.743672050545303	30.272377805788906	30.780492769735453	19.203457373930334	0.0
21.0	19.382121461294492	30.696581698578644	30.687967422373625	19.2325463017346	7.831160186381612E-4
22.0	19.752757583354224	30.13364878415643	30.68751566808724	19.426077964402104	0.0
23.0	19.76753299683356	30.267736777753395	30.147819544157755	19.81691068125529	0.0
24.0	19.301864152896613	30.297778230897727	30.645199237712824	19.755158378492833	0.0
25.0	19.260224098427546	30.18266846614984	30.585198204701676	19.971909230720943	0.0
26.0	19.663957916225023	30.31288030463628	30.53821693557885	19.4841596985043	7.851450555490127E-4
27.0	19.561238836568144	30.32526136372562	30.83502863022629	19.277685703738033	7.854657419116665E-4
28.0	19.954103204916613	29.966520488517943	30.273023058424105	19.805567344115936	7.859040254004181E-4
29.0	19.274957732080367	30.608264852750366	30.605905713049975	19.510871702119296	0.0
30.0	19.522175705876798	30.291321728729265	30.872076552614185	19.314426012779755	0.0
31.0	20.047723299365263	30.076703784788393	30.61221275456364	19.2633601612827	0.0
32.0	20.01308096011095	30.027107531796187	30.235142078139038	19.724669429953824	0.0
33.0	18.9591957421644	30.453774886654838	31.13739404691504	19.44963532426572	0.0
34.0	19.426447494061662	30.82410688215658	30.337991934911102	19.41145368887065	0.0
35.0	19.680380446803806	30.55344898410592	30.4333744114766	19.33279615761368	0.0
36.0	19.79187259313148	30.183218541684788	30.505056895011112	19.51985197017262	0.0
37.0	19.80658742343426	30.150678210221425	30.380968962188	19.661765404156313	0.0
38.0	19.74019801980198	30.483168316831684	30.216237623762375	19.560396039603962	0.0
39.0	19.53333809195238	30.48292052313085	30.60347220569924	19.380269179217525	0.0
40.0	19.813575336048718	30.219374508729725	30.290038031266626	19.677012123954935	0.0
41.0	19.700450754835476	30.18944422803266	30.800785442288277	19.309319574843585	0.0
42.0	19.35440216526031	30.28259831237064	31.02929469829645	19.3337048240726	0.0
43.0	19.805750982001292	30.234485176361854	30.264761889585607	19.695001952051246	0.0
44.0	19.254727741132744	30.95145042551664	30.360432934270243	19.433388899080374	0.0
45.0	19.447239391180744	30.50165301135547	30.84662929423602	19.204478303227766	0.0
46.0	19.686575517710082	29.783321340049575	30.50051970896298	20.029583433277367	0.0
47.0	19.30726364335127	30.44693184729695	30.39328721496285	19.85251729438893	0.0
48.0	19.50240062841158	30.14692326806082	30.788961117033644	19.56091344111447	8.015453794916599E-4
49.0	19.532046394028175	30.083878476542118	30.506882851065537	19.87719227836417	0.0
50.0	19.56955026199891	30.445719612948853	30.28016202140997	19.704568103642266	0.0
51.0	19.262621628799767	29.94261615600679	31.206992297848707	19.58696509484833	8.048224963984193E-4
52.0	19.72229385597318	30.518664173812134	30.3349236026046	19.42411836761008	0.0
53.0	19.986765334861236	30.40502917275273	30.00072629259908	19.607479199786955	0.0
54.0	19.55551603149708	30.237521625947906	31.035458470095556	19.17069542580885	8.084466506055266E-4
55.0	19.88486389325215	30.218774796366166	30.44305539811831	19.45249623500073	8.096772626431104E-4
56.0	19.331689992377925	30.35288584726659	30.60830643984237	19.70711772051311	0.0
57.0	19.57674535694854	30.239319154465207	30.564150039385744	19.618973371988208	8.120772123013457E-4
58.0	19.225387631583228	30.43050290418626	30.089647430161236	20.253648536517904	8.134975513723703E-4
59.0	19.715465361531635	30.34764692948525	30.057737566878668	19.87670708567799	0.0024430564264599297
60.0	19.59759240531106	29.83884122271882	31.050794375754414	19.51195641535902	8.155808566861319E-4
61.0	19.877131209816433	30.40920862368982	30.196802470446954	19.51522380256031	0.001633893486483616
62.0	20.10668150172212	30.40504610048023	30.023806991565287	19.46201107720501	0.0024543290273494065
63.0	19.730026554765104	30.520768449005015	30.50683539324001	19.239910828443104	0.002458774546765892
64.0	19.668092723823914	30.32739097231916	30.52118146508897	19.48087140030054	0.0024634384674128147
65.0	19.57694585170077	30.631949470359892	30.521744851634974	19.26689255872097	0.002467267583393644
66.0	19.236883942766294	31.19599331120209	29.91754326713181	19.64710824814452	0.002471230755290493
67.0	20.124214381155046	29.89558073934775	30.530674188812455	19.447056300621895	0.0024743900628495076
68.0	19.35747615311558	30.649543708964778	30.694966345955322	19.29718792583722	8.258661271007969E-4
69.0	19.47933733843073	30.792909984608507	30.39322774440197	19.33204243417242	0.002482498386376049
70.0	20.11487108083244	29.697406698326663	30.456583538460265	19.728652295349626	0.002486387031005246
71.0	19.294268108359493	30.467387513079874	30.58531400003322	19.65136944209145	0.0016609364359625957
72.0	19.932109191051058	30.172306207516247	30.369489071742944	19.524431539274335	0.0016639904154152072
73.0	19.570019756750224	30.288681966338498	30.482081377804082	19.65671604464859	0.0025008544586066907
74.0	19.806702753274525	29.940189788826515	30.25344159315691	19.99966586474205	0.0
75.0	19.549621196266376	30.03055543928676	30.820811184127916	19.597337909673097	0.0016742706458499016
76.0	19.779427181616136	30.220992158342767	30.33589130708265	19.662850673040634	8.386799178093682E-4
77.0	19.543514067699753	30.47497394870416	30.514471074657973	19.464519815792126	0.0025210931459881004
78.0	19.216362947687387	30.794158495012837	30.76806531711628	19.21888809393544	0.002525146248053533
79.0	19.760872864635154	29.933051147574158	30.44908008566755	19.854466348505035	0.0025295536181048585
80.0	19.792810910381423	29.96214489716594	30.580670238115353	19.662683994389333	0.0016899599479492334
81.0	19.751654788305597	29.969866770496523	30.998290193157384	19.277648930947507	0.0025393170929897922
82.0	20.323513694621393	29.88048484642854	30.219775559193508	19.573681219410823	0.0025446803457372363
83.0	19.87111364273994	30.46087924980658	30.04514423199544	19.62031235387637	0.00255052158166345
84.0	19.48902746541266	30.20428678525182	31.03063449873918	19.274347440877804	0.0017038097185306344
85.0	19.89361611297525	30.07778147759193	30.06924344492542	19.9593589645074	0.0
86.0	19.665175325286363	30.172716151825966	30.76041301316544	19.401695509722234	0.0
87.0	19.760771704180062	30.171918542336552	31.056806002143624	19.010503751339762	0.0
88.0	19.83152827918171	29.844421523121884	30.422898401237752	19.900292246862644	8.595495960116898E-4
89.0	19.803524494808048	30.136584945495283	30.373561980266278	19.685466844758498	8.617346718945237E-4
90.0	19.851238812674936	30.363004941428525	30.623034659110544	19.162721586785995	0.0
91.0	19.74654158329219	30.21491125490502	30.02780593019932	20.010741231603475	0.0
92.0	19.224120707777033	30.794555293995014	30.843199763726865	19.13812423450109	0.0
93.0	19.363831993099904	30.438835695803313	30.72198360355808	19.475348707538704	0.0
94.0	19.65912763931476	30.07311895589276	30.660167203920647	19.607586200871836	0.0
95.0	19.95284176571649	30.26366536937695	30.179516847235373	19.60397601767119	0.0
96.0	19.62327532383021	29.99463580643176	30.864338665283114	19.516870828460124	8.79375994794094E-4
97.0	19.86763732627399	30.041032428855065	30.566071034634902	19.525259210236044	0.0
98.0	19.336072396266847	30.27520498698355	30.957904616855863	19.430817999893744	0.0
99.0	19.33030677244823	30.380511553940597	30.999742357341482	19.28943931626969	0.0
100.0	19.97130022460694	29.669506934293562	30.71678134692859	19.642411494170915	0.0
101.0	19.224682836988492	30.94473898311146	29.846849827001993	19.98372835289805	0.0
102.0	19.413902975362383	30.161109365884307	31.26060225283849	19.16438540591482	0.0
103.0	19.56654951788772	29.777417319996395	31.038118410381184	19.617914751734702	0.0
104.0	19.538763582408237	30.45535560803047	30.44811768857042	19.556858381058365	9.047399325064011E-4
105.0	19.959479594432533	29.739797216266307	30.778246175091763	19.522477014209397	0.0
106.0	20.347967301656812	29.9038391358295	30.15473323115101	19.593460331362675	0.0
107.0	19.782554933731465	30.73083158540718	29.81397180724878	19.672641673612574	0.0
108.0	20.020973038606947	30.00616312976608	30.846924414272703	19.12593941735427	0.0
109.0	19.93312210757734	30.313051350028175	30.6446696287538	19.10915691364069	0.0
110.0	19.409188747866104	30.12135381874861	30.751317449714243	19.718139983671044	0.0
111.0	19.410202655485676	30.462613556953176	30.641509433962266	19.48567435359888	0.0
112.0	19.317979767731313	30.19960883032782	30.61791706828625	19.86449433365463	0.0
113.0	19.45337620578778	30.001316259566384	30.624659182790847	19.920648351854986	0.0
114.0	19.678403733691084	30.33340576492484	30.5507005394579	19.437489961926175	0.0
115.0	19.944763965605603	29.820815063682783	30.27352276825541	19.9608982024562	0.0
116.0	20.072425787392195	30.165340448849285	30.254919712202792	19.507314051555724	0.0
117.0	19.39616787796961	30.203096722300423	31.129049246885565	19.27168615284441	0.0
118.0	19.888795898146277	29.834636807018555	30.447413735053342	19.829153559781826	0.0
119.0	19.754028674112146	30.0160374077366	30.88070487305329	19.349229045097964	0.0
120.0	19.881196191289664	30.22993972453823	30.51530181408757	19.37356227008454	0.0
121.0	19.68859379722523	30.150048261136625	30.596585646455488	19.56477229518266	0.0
122.0	19.382358126505906	30.157299849164527	30.577484377754704	19.88285764657486	0.0
123.0	19.521869217747334	30.37970946025747	30.562773119168536	19.53564820282666	0.0
124.0	20.228607589930192	29.899934740047858	30.53869124132339	19.33276642869856	0.0
125.0	20.30212681375472	30.096402305704633	29.951301928046114	19.650168952494536	0.0
126.0	19.631283019244787	30.22939948667246	30.80264853042514	19.33666896365761	0.0
127.0	19.869131490736837	29.506633748820775	31.1444973003352	19.47973746010718	0.0
128.0	19.554452949303645	30.099133714539278	30.681027440776937	19.665385895380147	0.0
129.0	19.86031990593387	30.022097431427007	30.9232266304458	19.194356032193323	0.0
130.0	19.960057468336373	30.23201312397469	30.07713391956471	19.73079548812423	0.0
131.0	19.674801745865864	29.964549906764205	30.90100612692363	19.4596422204463	0.0
132.0	19.950967263437647	29.855374029131216	30.848389954469603	19.345268752961537	0.0
133.0	19.541587656853906	30.24236583874745	30.49726962810988	19.718776876288764	0.0
134.0	19.795762968217044	29.77500547622276	30.823310976436595	19.605920579123595	0.0
135.0	19.833209045363358	29.911037822054638	30.904641367937906	19.3511117646441	0.0
136.0	19.937223901418275	29.552323983851537	30.40624801843123	20.104204096298957	0.0
137.0	19.60790574411699	29.53478718988474	31.078046340347182	19.779260725651095	0.0
138.0	19.592029342999936	30.044400592007893	30.58063962591965	19.782930439072523	0.0
139.0	19.622731304216153	29.2534665887901	31.06085188309862	20.061868604927856	0.00108161896727021
140.0	19.335248435332538	30.2611602022872	30.692604283857438	19.709894815025176	0.001092263497646172
141.0	19.826634275618375	29.74050353356891	30.88891342756184	19.543948763250885	0.0
142.0	20.058809060620288	29.057936987097783	31.340980747299923	19.538919076049282	0.003354128932716174
143.0	19.887484971530974	29.07583422180886	31.25241022616428	19.782002132341265	0.0022684481546174262
144.0	20.187446616957917	28.808375077910387	31.438860546180656	19.564163531014106	0.0011542279369329855
145.0	20.415458365390307	28.355329348405046	31.457655205065986	19.769189797005385	0.0023672841332780968
146.0	20.74432104687058	27.603340343627398	31.49466848688337	20.15767012261865	0.0
147.0	22.063888523728146	24.324963849086366	33.59800184041015	20.01314578677534	0.0
148.0	23.627889139637446	21.070253846040384	35.14019794386182	20.161659070460345	0.0
149.0	28.719302980068623	9.059717028412814	41.36049963375612	20.86048035776244	0.0
150.0	32.82273884552778	0.0	34.25435118327142	32.9229099712008	0.0
