#Position (bp)	insert size
6876.0	11315.031176929073
20627.0	760.9041916167664
34378.0	368.87898267188376
48129.0	352.3036312849162
61880.0	353.71268132896586
75631.0	355.29980495959876
89382.0	956.2301783264746
103133.0	641.9114994363022
116884.0	350.63138051044086
130635.0	1477.8630799886137
144386.0	351.87511097957974
158137.0	351.772191011236
171888.0	1681.8379872822782
185639.0	2361.5985262008735
199390.0	351.9897165091718
213141.0	1220.1476793248946
226892.0	1007.2187842278204
240643.0	351.05795454545455
254394.0	961.5326704545455
268145.0	350.01090248334344
281896.0	349.3827089337176
295647.0	11498.252867132867
309398.0	1446.0427426536064
323149.0	356.03159692570455
336900.0	1064.9073911773298
350651.0	349.5927880386983
364402.0	3051.077497129736
378153.0	525.9276865456641
391904.0	1294.0849165227403
405655.0	753.5374503210028
419406.0	1410.40690310323
433157.0	357.77784540474744
446908.0	355.36758059656523
460659.0	352.1460055096419
474410.0	351.6862562189055
488161.0	351.7587443946188
501912.0	1750.1356565028002
515663.0	1458.7951293759513
529414.0	1617.291471962617
543165.0	353.9996974281392
556916.0	1439.155960561697
570667.0	1602.381993006993
584418.0	348.5360082304527
598169.0	349.6852791878173
611920.0	509.4779702218171
625671.0	349.9271699368141
639422.0	353.52416823603266
653173.0	507.55133657351155
666924.0	355.16574245224894
680675.0	347.16725071678877
694426.0	742.6941906005222
708177.0	355.5521415270019
721928.0	348.82270168855536
735679.0	348.65051787504177
749430.0	352.18509238960223
763181.0	1249.9145270270271
776932.0	342.56518404907973
790683.0	349.39133827545845
804434.0	356.8502604166667
818185.0	346.9022177419355
831936.0	342.52984126984126
845687.0	349.7759186351706
859438.0	353.08658955923727
873189.0	521.3951537744641
886940.0	352.9189889825016
900691.0	1625.850291639663
914442.0	351.418826739427
928193.0	350.65234375
941944.0	8404.0551369863
955695.0	1964.455867768595
969446.0	1441.8465535157602
983197.0	704.8362068965517
996948.0	351.4938858695652
1010699.0	355.52945182158663
1024450.0	352.05892370572207
1038201.0	352.90469930989156
1051952.0	345.7941970310391
1065703.0	398.1901384667342
1079454.0	351.96738757294884
1093205.0	354.05173564753005
1106956.0	1586.2757242757243
1120707.0	348.86390126842645
1134458.0	356.8093398876405
1148209.0	351.5684503127172
1161960.0	1625.166547277937
1175711.0	347.5166142007695
1189462.0	1104.6025974025974
1203213.0	357.08715759516184
1216964.0	483.5813795446823
1230715.0	351.5549255846917
1244466.0	353.6697054698457
1258217.0	352.92540391887246
1271968.0	351.64316087880934
1285719.0	353.55778382053023
1299470.0	1715.9580138736765
1313221.0	554.1684442809857
1326972.0	347.6487517337032
1340723.0	354.3650677407543
1354474.0	353.4035674470457
1368225.0	350.44029574861366
1381976.0	352.11257570359817
1395727.0	1643.6900584795321
1409478.0	354.6444007858546
1423229.0	347.73416761471367
1436980.0	350.2152875175316
1450731.0	352.38648443432044
1464482.0	342.307720999627
1478233.0	342.2446460980036
1491984.0	349.60569550930995
1505735.0	347.45821325648416
1519486.0	348.037037037037
1533237.0	357.22852875280057
1546988.0	356.6276102088167
1560739.0	349.5451895043732
1574490.0	349.8051070221555
1588241.0	344.1299550469963
1601992.0	348.1539670070699
1615743.0	1143.979824895318
1629494.0	351.09612875163117
1643245.0	347.80783205490513
1656996.0	1317.1024143302182
1670747.0	353.14776632302403
1684498.0	349.7195918367347
1698249.0	346.1381553769613
1712000.0	347.3349455864571
1725751.0	351.2217107786728
1739502.0	354.8217475728155
1753253.0	352.8018088871412
1767004.0	347.0883612300506
1780755.0	346.48926380368096
1794506.0	1325.8764311093564
1808257.0	1357.4379860826853
1822008.0	346.76378600823045
1835759.0	1369.7510899722552
1849510.0	348.6870773854245
1863261.0	973.6515637530072
1877012.0	2240.6114130434785
1890763.0	359.1624040920716
1904514.0	347.8362573099415
1918265.0	343.29159935379647
1932016.0	349.1334496293066
1945767.0	345.91771080257365
1959518.0	336.3181173131504
1973269.0	354.93837535014006
1987020.0	348.6545454545454
2000771.0	1115.4338859684594
2014522.0	351.55831663326654
2028273.0	351.0284621920136
2042024.0	1644.4149155335806
2055775.0	354.4245472837022
2069526.0	347.47292269532863
2083277.0	349.82142857142856
2097028.0	347.6755319148936
2110779.0	354.25977102250295
2124530.0	356.2275421796626
2138281.0	354.65212071778143
2152032.0	351.7301401869159
2165783.0	350.4661654135338
2179534.0	353.4792233009709
2193285.0	353.1485507246377
2207036.0	393.92660194174755
2220787.0	351.7550607287449
2234538.0	349.78975535168195
2248289.0	353.8098619329389
2262040.0	358.9010458567981
2275791.0	351.6276071293136
2289542.0	350.4559356136821
2303293.0	351.34172237514747
2317044.0	344.4884417808219
2330795.0	343.7014314928425
2344546.0	355.7793427230047
2358297.0	354.7950128346168
2372048.0	352.0938115884903
2385799.0	352.14259395725867
2399550.0	349.35270170244263
2413301.0	1212.7315018315019
2427052.0	352.311753371869
2440803.0	352.65857302951065
2454554.0	354.1465946843854
2468305.0	344.90291262135923
2482056.0	353.0376766091052
2495807.0	345.10227272727275
2509558.0	349.31794667727814
2523309.0	351.7698884758364
2537060.0	347.9723798713583
2550811.0	351.75641516660284
2564562.0	351.1661880832735
2578313.0	355.06120178041544
2592064.0	354.3708260105448
2605815.0	351.9839612085043
2619566.0	353.33237410071945
2633317.0	357.8660869565217
2647068.0	349.65818702973843
2660819.0	355.41960507757403
2674570.0	348.4624459300039
2688321.0	356.2448443944507
2702072.0	858.1653126103851
2715823.0	453.5406698564593
2729574.0	350.960027567195
2743325.0	354.884670487106
2757076.0	347.11213675213673
2770827.0	821.6565867222802
2784578.0	350.30302002035967
2798329.0	351.41037735849056
2812080.0	629.0758147512864
2825831.0	805.1417139046349
2839582.0	346.8823972860912
2853333.0	352.7626366120219
2867084.0	350.83469387755105
2880835.0	720.3125
2894586.0	351.8666430845419
2908337.0	352.00733822548364
2922088.0	353.16104243234213
2935839.0	355.3658284533241
2949590.0	1220.5919387075282
2963341.0	847.9735697557711
2977092.0	351.74875089221985
2990843.0	625.956708526107
3004594.0	354.32044975404074
3018345.0	352.54653401797174
3032096.0	480.3602620087336
3045847.0	351.0891510980006
3059598.0	349.1904069767442
3073349.0	354.23302872062663
3087100.0	731.1966887417218
3100851.0	351.3412724306688
3114602.0	371.5437262357414
3128353.0	348.011319534282
3142104.0	347.1718551461245
3155855.0	351.49439601494396
3169606.0	356.39803361877574
3183357.0	352.61641221374043
3197108.0	354.7955261499685
3210859.0	354.9530136098509
3224610.0	348.43975316661255
3238361.0	1062.849981705086
3252112.0	345.7541348600509
3265863.0	791.0693548387097
3279614.0	355.36338461538463
3293365.0	353.7724049000645
3307116.0	350.8498478187352
3320867.0	609.7199157641396
3334618.0	351.51809720785934
3348369.0	378.55903987611305
3362120.0	352.4066110397946
3375871.0	350.9868073878628
3389622.0	349.2739643181131
3403373.0	354.8651452282158
3417124.0	352.62787314518476
3430875.0	349.48958971218616
3444626.0	348.0219614921781
3458377.0	351.00511432009625
3472128.0	349.88379204892965
3485879.0	354.627269929209
3499630.0	352.62709757613425
3513381.0	351.01905654482977
3527132.0	353.0386756519191
3540883.0	356.2156334231806
3554634.0	350.97484086086695
3568385.0	352.9108280254777
3582136.0	351.03757646373435
3595887.0	352.0405606919177
3609638.0	348.7463556851312
3623389.0	353.35910954891625
3637140.0	354.04615384615386
3650891.0	354.64523739309936
3664642.0	352.7595190380762
3678393.0	561.7087406555491
3692144.0	350.21989528795814
3705895.0	353.01598877980365
3719646.0	351.6415039347129
3733397.0	353.4307869040781
3747148.0	350.90469457013575
3760899.0	680.4088447653429
3774650.0	352.47082611207395
3788401.0	352.6716839134525
3802152.0	348.21315789473687
3815903.0	356.66494252873565
3829654.0	350.2495543672014
3843405.0	353.45310796074153
3857156.0	356.04853022739877
3870907.0	349.8262885192255
3884658.0	4310.9781715459685
3898409.0	667.8412955465587
3912160.0	351.43773475874025
3925911.0	351.25657894736844
3939662.0	353.50987689665044
3953413.0	395.76539426023965
3967164.0	403.9571038251366
3980915.0	351.3715533715534
3994666.0	349.4333153347732
4008417.0	721.5064763415279
4022168.0	350.57226823403687
4035919.0	355.4003609177623
4049670.0	354.70583616854225
4063421.0	353.4594668117519
4077172.0	357.2550491973071
4090923.0	434.6299850714438
4104674.0	345.474931880109
4118425.0	355.2656166577683
4132176.0	521.1591199795344
4145927.0	354.4566805845511
4159678.0	350.22131773085727
4173429.0	343.6930163447251
4187180.0	348.1408126756964
4200931.0	354.4482488238369
4214682.0	357.3049515326172
4228433.0	354.7976878612717
4242184.0	353.2727957799548
4255935.0	351.9193017961042
4269686.0	506.53761232349166
4283437.0	343.91826086956524
4297188.0	355.2773981270564
4310939.0	460.9599413776258
4324690.0	279.9166666666667
4338441.0	353.87909917028844
4352192.0	353.99522493088716
4365943.0	355.7528267157507
4379694.0	353.97483179666085
4393445.0	389.3083996023857
4407196.0	354.75504032258067
4420947.0	351.2472852912142
4434698.0	349.3013598834386
4448449.0	350.9932919254658
4462200.0	378.1418850806452
4475951.0	347.4223206867904
4489702.0	356.972397094431
4503453.0	344.45127795527156
4517204.0	356.7569073601114
4530955.0	357.1879115710254
4544706.0	351.7017208413002
4558457.0	349.76707404744786
4572208.0	350.56325301204816
4585959.0	350.64769713045575
4599710.0	349.67139656460046
4613461.0	359.1064973131412
4627212.0	355.0437636761488
4640963.0	351.69006622516554
4654714.0	342.5693231441048
4668465.0	348.4665510406343
4682216.0	347.28709198813056
4695967.0	357.52587579617835
4709718.0	351.24779843444225
4723469.0	349.8521739130435
4737220.0	350.574859103161
4750971.0	357.36422360248446
4764722.0	351.9790499390987
4778473.0	354.6150575287644
4792224.0	355.91297824456115
4805975.0	350.4032298763563
4819726.0	348.78099480326654
4833477.0	350.40083181700027
4847228.0	348.10085117358784
4860979.0	353.98079916969385
4874730.0	349.64669318746894
4888481.0	354.05169551814083
4902232.0	358.671649227703
4915983.0	358.9480587618048
4929734.0	354.26644736842104
4943485.0	356.83168316831683
4957236.0	352.1589147286822
4970987.0	345.76533018867923
4984738.0	351.3613445378151
4998489.0	349.5507683863886
5012240.0	349.5024154589372
5025991.0	350.0224215246637
5039742.0	355.1794670846395
5053493.0	358.2155878467635
5067244.0	349.8541092112521
5076613.5	346.85970636215336
5083489.0	0.0
5094746.0	338.4845995893224
5108497.0	331.3038850452368
5122248.0	318.35561497326205
5135999.0	0.0
5149750.0	19.0
5163501.0	0.0
5177252.0	0.0
5191003.0	0.0
5204754.0	0.0
5218505.0	0.0
5232256.0	291.5982142857143
5246007.0	0.0
5255740.0	0.0
5262615.5	1409.3168124392614
5273509.0	986.2674597929059
5287260.0	346.60881484605653
5301011.0	349.41096995361966
5314762.0	365.5287195851615
5328513.0	340.6151274550773
5342264.0	340.6022012578616
5356015.0	349.4510268562401
5369766.0	345.06289956692103
5383517.0	347.8095778483886
5397268.0	355.06885791553987
5411019.0	350.5210185933711
5421994.0	339.4261658031088
5428869.5	286.7003105590062
5438521.0	294.2372247611134
5452272.0	333.54221931627126
5464002.0	327.5416072277699
5470877.5	321.90252100840337
5479774.0	31.88888888888889
5493417.0	20.0
