# Position (bp)	A	C	G	T	N
0.0	12.485521775928998	25.50950882157343	55.284308121088046	6.696725462045179	0.023935819364349867
1.0	13.11539838894656	33.775050883722194	25.954279445696077	27.07431063322469	0.08096064841047865
2.0	15.25820787854841	34.51337257986754	29.201224883366017	21.027013408829745	1.8124938828331454E-4
3.0	10.53795970680211	46.641063555647136	16.979436746653747	25.83628652236234	0.005253468534667231
4.0	29.414197785349312	20.64700853811242	20.98999022056451	28.94749108378863	0.0013123721851313662
5.0	25.67086792244684	17.150156953683403	45.90118722361299	11.2776974761269	9.042412985990137E-5
6.0	20.868962256432415	28.91693648743757	35.37175147167775	14.842349784452265	0.0
7.0	26.1323531671184	27.06838539186013	33.36516101977534	13.434100421246134	0.0
8.0	8.720157878166585	52.402072580051396	25.32582246656178	13.55194707522024	0.0
9.0	20.108991850219965	35.44939835035701	18.849521439172857	25.591817438425114	2.7092182505584377E-4
10.0	15.285478795144613	17.97849272107161	51.47745184243643	15.25577809514696	0.002798546200386741
11.0	15.747917431031192	36.36655741048868	26.04245782625786	21.84139757650753	0.0016697557147389336
12.0	12.303402013668691	29.62712479223552	40.060014834519315	18.008420665098996	0.001037694477480225
13.0	11.746860381882566	44.84718337588952	26.021743121210932	17.384213121016984	0.0
14.0	19.119850550358315	31.38036656285213	35.54785801923312	13.951023047367656	9.018201887780201E-4
15.0	19.16121101309492	31.58220489996804	33.40974178451374	15.846842302423298	0.0
16.0	19.15241724155649	31.153439468225784	31.068929988290368	18.62503301503683	1.8028689052889863E-4
17.0	18.380515607981472	31.93616840063648	31.69503341235976	17.987786880111614	4.95698910679112E-4
18.0	18.24000958784002	31.5271879243678	32.97595200312866	17.25685048466351	0.0
19.0	18.235469298180405	32.05046588083489	31.97405430538229	17.73974019163266	2.7032396976156076E-4
20.0	17.505583039633386	32.78182467746317	32.020539999432344	17.692052283471092	0.0
21.0	17.27830137677503	32.75413573127658	32.64276832696605	17.32479456498234	0.0
22.0	17.807716842480836	32.20462678982668	32.26544395630535	17.722212411387137	0.0
23.0	17.66499881296628	32.259972547311285	32.302949024222244	17.77189942062844	1.801948717440476E-4
24.0	17.307516433652914	32.51239028275659	32.51680532760759	17.663287955982902	0.0
25.0	17.891649452255066	32.04534242224229	31.723476102191654	18.33899137439712	5.406489138588592E-4
26.0	17.602001163320356	32.32363554281601	32.28705087476554	17.787087144048527	2.2527504957177465E-4
27.0	17.555998603273295	32.268892418252065	32.80929048536253	17.36581849311211	0.0
28.0	18.142301625597586	31.70692477269072	32.293709589273156	17.85706401243854	0.0
29.0	17.762519120254293	32.42078751793756	32.22114840921737	17.59554495259078	0.0
30.0	17.604792307796284	32.4458522386782	32.662443283965416	17.286912169560104	0.0
31.0	18.07202368346348	32.018907118106405	32.10438567637106	17.804683522059054	0.0
32.0	17.677310269989654	32.516060941448764	32.175689755246395	17.63089396894524	4.506436994603091E-5
33.0	17.30211516716324	32.495868409228265	32.740856982287006	17.44335765943073	0.01780178189076556
34.0	17.932711766471627	32.01419393571173	32.02401953581702	18.020421022457356	0.008653739542271265
35.0	17.562767635789946	32.39761099842235	32.141356772594094	17.89790398918188	3.6060401171963036E-4
36.0	17.392752813040968	32.46803772360069	32.42787074437391	17.710932991921524	4.057270628967109E-4
37.0	18.15532037103329	31.870513457485995	31.963659512845226	18.008883590875115	0.0016230677603738827
38.0	17.711340224779086	32.355437000805296	32.15253523501886	17.78068753939676	0.0
39.0	17.604823686606476	32.38081366115956	32.641686324184676	17.372631233379796	4.509466949440307E-5
40.0	18.09618524431936	31.91991629006215	32.198784040989004	17.785114424629484	0.0
41.0	17.776849505273862	32.43440266115477	32.255675118257	17.53307271531436	0.0
42.0	17.616592001097423	32.44166338763885	32.55122503276019	17.390384205795396	1.3537270814005119E-4
43.0	17.963434241850027	32.15193964447149	31.964615063785146	17.92001104989334	0.0
44.0	17.617406860392297	32.59627771182993	32.03128351167849	17.755031916099288	0.0
45.0	17.475588268638123	32.40483162352975	32.59710830683149	17.522471801000634	0.0
46.0	17.976270720877828	32.03421056911597	31.967979659068934	18.021539050937264	0.0
47.0	17.661951300404542	32.33716759017477	32.18733380355959	17.813547305861093	0.0
48.0	17.586596349808442	32.36827678653344	32.52546379885486	17.51961787014762	4.5194655641581074E-5
49.0	18.02352966703523	31.86409280232313	32.080394686522745	18.030762331919647	0.0012205121992454522
50.0	17.72567810929235	32.47079962436152	32.12984033556073	17.6736819307854	0.0
51.0	17.546746291662124	32.38683672910963	32.576386310277876	17.490030668950368	0.0
52.0	18.086047814194053	31.93019428079189	32.15052576430594	17.833096412894868	1.357278132530066E-4
53.0	17.63143577957152	32.53259020750374	32.138366601701996	17.697335845018976	2.715662037669854E-4
54.0	17.55248339603026	32.47568041410762	32.62532895511359	17.346416675873485	9.055887504143068E-5
55.0	17.932828779926812	32.08019346296995	31.94557744248585	18.04140031461739	0.0
56.0	17.54772696276044	32.53725337916366	32.03049777048375	17.88447657682599	4.531076615521384E-5
57.0	17.535828774241445	32.3158071734144	32.58425387634229	17.564110176001872	0.0
58.0	17.91785697772354	31.897510704866622	32.1111547294069	18.073477588002934	0.0
59.0	17.639228068966332	32.40502529605773	32.090898950886924	17.864711659401436	1.3602468757396342E-4
60.0	17.606122164818235	32.301603607697785	32.56452506099079	17.527749166493184	0.0
61.0	18.093064617115687	31.99613440650436	31.94613576762883	17.96457446711977	9.074163135304846E-5
62.0	17.781878097935618	32.306543566279935	32.19470014706683	17.716832797719555	4.539099805726528E-5
63.0	17.600857404308364	32.42573212019101	32.546395427782535	17.42669715417156	3.178935465339385E-4
64.0	17.99516661282606	31.96428255005473	32.14247905782118	17.89775373351671	3.180457813271687E-4
65.0	17.668408925931026	32.44793108416889	32.141342544171245	17.74231744572883	0.0
66.0	17.541430560443647	32.38336102494427	32.58929748792983	17.48568357355465	2.273531276060352E-4
67.0	18.057123519581687	31.939510601155135	31.958978119055697	18.039520880732343	0.004866879475141162
68.0	17.638521437069627	32.42815448066262	32.12682755937933	17.805723073143323	7.73449745102812E-4
69.0	17.484988955038315	32.37252330273025	32.62919237529023	17.511110949302395	0.0021844176388083635
70.0	18.09372797744891	32.047671596076135	31.933359191336475	17.925104661178214	1.3657396026244052E-4
71.0	17.72050434826172	32.32501633871581	32.1655231463243	17.787498776019547	0.0014573906786203065
72.0	17.576990320591946	32.34420472611007	32.52272904355529	17.5560759097427	0.0
73.0	18.00600163581505	31.90773966650892	32.179782821388876	17.906475876287157	0.0
74.0	17.693394776144594	32.360296217362304	32.22294398163649	17.723228174405865	1.3685045073976793E-4
75.0	17.508300719966226	32.466939744189496	32.581723583172646	17.443035952671636	0.0
76.0	18.025659945900234	32.0301384274539	32.05867687536415	17.88515945914847	3.652921332512643E-4
77.0	17.75465613935231	32.293925491720564	32.17725648771481	17.77347666779803	6.852134142859688E-4
78.0	17.49837086512774	32.515110054572595	32.450036055747944	17.536483024551725	0.0
79.0	17.957675813241817	31.96371663979366	32.06099890786025	18.0166029013705	0.0010057377337711645
80.0	17.599887682378938	32.50648478773067	32.06645215342514	17.827175376465252	0.0
81.0	17.589746147233047	32.41842080821289	32.47639017824094	17.515442866313116	0.0
82.0	18.099052034637268	31.937341265699477	31.969797680716773	17.993717463473942	9.155547254526045E-5
83.0	17.766036145599294	32.35322005482991	32.122815334968614	17.757287179099592	6.412855025960611E-4
84.0	17.568877584929048	32.2946941720183	32.54779572019124	17.588632522861413	0.0
85.0	18.06170815322701	32.04086359310685	31.97665592717016	17.92077232649598	0.0
86.0	17.726463146948237	32.411465893597075	32.163051354761016	17.69511876674779	0.003900837945882987
87.0	17.55166698042601	32.4442464954612	32.58043335521996	17.42360725289156	4.5916001267281634E-5
88.0	17.96256501235246	32.018417065782714	32.06293002782864	17.956087894036184	0.0
89.0	17.644974509597564	32.42458237147832	32.22462070014619	17.705730503507258	9.19152706651954E-5
90.0	17.37595712485281	32.50727743642962	32.52856603580991	17.588199402907666	0.0
91.0	18.019650573659288	32.00052261674573	32.00585919619152	17.972541458551568	0.0014261548518938185
92.0	17.584701486010363	32.37147589249464	32.27218451164936	17.771638109845636	0.0
93.0	17.505197102980716	32.39800066423421	32.53301248640554	17.55761725092714	0.006172495452390944
94.0	18.03663934373332	31.858998175500446	32.12525157166024	17.977681917540732	0.0014289915652620448
95.0	17.719129024029197	32.43616516308311	32.06971424301176	17.774253501557556	7.380683183713047E-4
96.0	17.58060354040229	32.4306370776055	32.554999397576736	17.433759984415474	0.0
97.0	18.041555938750236	31.982302626382257	32.01357513092186	17.960672400421092	0.001893903524554459
98.0	17.69132994998937	32.358819342374076	32.23809127633416	17.71129722584283	4.6220545957088844E-4
99.0	17.537829197606197	32.450540298194106	32.53276310720828	17.47798875055089	8.786464405339026E-4
100.0	17.953244027569053	32.06961296722658	32.00844505807712	17.96420983276453	0.004488114362706268
101.0	17.6995149314714	32.40111468071916	32.10086943799739	17.797343489354372	0.0011574604576783843
102.0	17.483463529420487	32.32878260905824	32.56289001492301	17.623473935223643	0.0013899113746177164
103.0	18.02314071044902	31.98235352755581	32.053709074302034	17.94079668769314	0.0
104.0	17.73943863928077	32.414901683451056	32.06700950079305	17.778650176475118	0.0
105.0	17.58242319622412	32.287238760811	32.53505055388444	17.594683749704515	6.037393759285395E-4
106.0	18.09208003491662	31.824184221424918	32.11208829926034	17.971647444398116	0.0
107.0	17.755669065825774	32.42027908889324	32.12392332056149	17.69984942652298	2.790981965139705E-4
108.0	17.540828158872664	32.34002618923374	32.610716545069366	17.508056703927128	3.7240289710833806E-4
109.0	18.030362316815264	31.984730335299105	32.0923353550034	17.89257199288223	0.0
110.0	17.684911890782235	32.40113700139655	32.21197860244666	17.701879277972417	9.322740214385734E-5
111.0	17.57944806295857	32.49889563145857	32.47179370442293	17.449862601159925	0.0
112.0	17.962759466749322	31.955127995660497	32.043775925668314	18.035068915713044	0.0032676962088188585
113.0	17.746072833633924	32.35802861388082	32.23192008298212	17.663978469503135	0.0
114.0	17.52769115360944	32.4688480367856	32.46524692408854	17.53821388551642	0.0
115.0	18.056093246256307	32.00375621491129	32.01882975929609	17.92094628153917	3.7449799713789905E-4
116.0	17.767213445078877	32.438291202264274	32.06879989128474	17.72236839947236	0.003327061899752345
117.0	17.602174826644255	32.391962221955396	32.52362065860175	17.481069702518536	0.001172590280070843
118.0	18.153035787220258	31.956630940476693	32.02029022247886	17.869996103451026	4.694637315794168E-5
119.0	17.65381371560937	32.34230996027355	32.17377208623764	17.829634380410702	4.698574687368587E-4
120.0	17.635364114408887	32.359957172138564	32.57433159053216	17.43034712292038	0.0
121.0	18.034597536223224	32.01460364460512	32.05775762147704	17.893041197694625	0.0
122.0	17.64660444400903	32.43450230037944	32.111252830729	17.80448470370133	0.0031557211812005682
123.0	17.62534728000728	32.33960059911547	32.545293138977534	17.48683600746207	0.0029229744376456476
124.0	18.05146463676338	32.06668891140631	31.904997656751082	17.976612818350304	2.3597672891890092E-4
125.0	17.675420545777484	32.322618537420674	32.127282873352655	17.874441788412824	2.3625503636673774E-4
126.0	17.5839206231454	32.38267766305335	32.513966269000186	17.518820399079512	6.150457215527161E-4
127.0	18.033586727501476	31.989197905140138	32.119700322869136	17.857515044489244	0.0
128.0	17.718305958846752	32.404269907790706	32.140245758685346	17.7371783746772	0.0
129.0	17.614392348131535	32.41890657078097	32.393131356284194	17.571481125470232	0.0020885993330722586
130.0	18.113886899922885	32.01599112828775	32.01285524028267	17.857171704597448	9.502690924502546E-5
131.0	17.763255204085176	32.350007871106	32.09508866765242	17.786178908574847	0.005469348581560115
132.0	17.53435041085272	32.45707924615263	32.604822436777056	17.403747906217593	0.0
133.0	18.051879704982802	31.88128761126069	32.11148378091846	17.95515822471036	1.9067812769332857E-4
134.0	17.675730629895327	32.40798812472854	32.106094668060386	17.809995656552637	1.9092076311029015E-4
135.0	17.5808960097579	32.277342999463734	32.60483669764761	17.536924293130756	0.0
136.0	18.039714799377368	31.94310155677112	32.103593918426036	17.913589725425474	0.0
137.0	17.65234615816062	32.44333908914931	32.20148935333839	17.702825399351678	0.0
138.0	17.610125400789915	32.371533569366065	32.51965418996506	17.49580604985111	0.0028807900278572393
139.0	18.064084574095144	31.951207548730416	32.05464577576747	17.93006210140697	0.0
140.0	17.800196596785387	32.34965908614763	32.15802297417898	17.692121342888008	0.0
141.0	17.615324913499983	32.45681269930699	32.4095409771065	17.51817670073286	1.447093536749664E-4
142.0	18.00655546343377	32.03175882388184	31.96455179531184	17.997133917372558	0.0
143.0	17.717807270852447	32.398016116031556	32.195900069953936	17.68827654316206	0.0
144.0	17.581083337864396	32.47159024708524	32.555236870926905	17.391992449957666	9.709416580576506E-5
145.0	18.163751269553316	32.0931365299966	31.842373821896008	17.900738378554077	0.0
146.0	17.77268084719679	32.54908759015937	32.04472852917993	17.633107922566165	3.9511089775122634E-4
147.0	17.888172920106733	33.126492884752984	32.02540059021232	16.95983189679065	1.0170813731208787E-4
148.0	19.550113256384936	32.96708519123723	31.41409949431121	16.06781789014324	8.841679233824286E-4
149.0	21.9838323169968	38.03253297411334	26.51893837131955	13.464696337570311	0.0
150.0	46.198581936957275	0.0	36.4558714183286	17.34554664471413	0.0
