#Coverage	Number of genomic locations
0.0	157964.0
1.0	147.0
2.0	218.0
3.0	67.0
4.0	251.0
5.0	84.0
6.0	236.0
7.0	162.0
8.0	251.0
9.0	137.0
10.0	312.0
11.0	97.0
12.0	235.0
13.0	105.0
14.0	166.0
15.0	60.0
16.0	211.0
17.0	23.0
18.0	114.0
19.0	57.0
20.0	61.0
21.0	39.0
22.0	31.0
23.0	37.0
24.0	62.0
25.0	65.0
26.0	38.0
27.0	28.0
28.0	20.0
29.0	19.0
30.0	110.0
31.0	52.0
32.0	41.0
33.0	28.0
34.0	37.0
35.0	32.0
36.0	29.0
37.0	35.0
38.0	3.0
39.0	22.0
40.0	18.0
41.0	39.0
42.0	34.0
43.0	7.0
44.0	16.0
45.0	33.0
46.0	17.0
47.0	7.0
48.0	10.0
49.0	3.0
50.0	1.0
51.0	10.0
52.0	34.0
53.0	30.0
54.0	24.0
55.0	23.0
56.0	12.0
57.0	19.0
58.0	45.0
59.0	58.0
60.0	33.0
61.0	24.0
62.0	57.0
63.0	45.0
64.0	65.0
65.0	50.0
66.0	81.0
67.0	25.0
68.0	33.0
69.0	34.0
70.0	34.0
71.0	35.0
72.0	27.0
73.0	42.0
74.0	47.0
75.0	25.0
76.0	74.0
77.0	55.0
78.0	22.0
79.0	55.0
80.0	64.0
81.0	52.0
82.0	64.0
83.0	43.0
84.0	67.0
85.0	62.0
86.0	59.0
87.0	63.0
88.0	63.0
89.0	37.0
90.0	22.0
91.0	41.0
92.0	30.0
93.0	25.0
94.0	16.0
95.0	19.0
96.0	11.0
97.0	20.0
98.0	22.0
99.0	16.0
100.0	26.0
101.0	29.0
102.0	15.0
103.0	12.0
104.0	20.0
105.0	22.0
106.0	23.0
107.0	34.0
108.0	9.0
109.0	21.0
110.0	12.0
111.0	17.0
112.0	20.0
113.0	26.0
114.0	7.0
115.0	3.0
116.0	9.0
117.0	13.0
118.0	4.0
119.0	8.0
120.0	11.0
121.0	16.0
122.0	9.0
123.0	2.0
124.0	20.0
125.0	8.0
126.0	10.0
127.0	5.0
128.0	10.0
129.0	5.0
130.0	1.0
131.0	1.0
132.0	1.0
133.0	2.0
135.0	2.0
136.0	1.0
137.0	9.0
138.0	4.0
139.0	6.0
140.0	1.0
141.0	3.0
143.0	1.0
144.0	1.0
146.0	1.0
148.0	2.0
149.0	33.0
151.0	4.0
153.0	5.0
154.0	16.0
155.0	10.0
156.0	1.0
157.0	1.0
158.0	7.0
159.0	16.0
160.0	1.0
162.0	2.0
163.0	17.0
165.0	2.0
166.0	1.0
167.0	1.0
168.0	8.0
169.0	1.0
170.0	1.0
171.0	2.0
172.0	1.0
173.0	3.0
175.0	5.0
176.0	1.0
177.0	3.0
178.0	3.0
185.0	1.0
186.0	1.0
187.0	4.0
188.0	3.0
189.0	2.0
190.0	1.0
191.0	2.0
192.0	4.0
194.0	3.0
197.0	2.0
198.0	3.0
199.0	2.0
201.0	1.0
202.0	6.0
204.0	2.0
205.0	3.0
206.0	6.0
207.0	3.0
208.0	2.0
209.0	2.0
210.0	3.0
211.0	2.0
213.0	1.0
214.0	7.0
215.0	6.0
216.0	14.0
217.0	1.0
218.0	2.0
219.0	2.0
221.0	13.0
223.0	15.0
224.0	2.0
225.0	3.0
226.0	2.0
227.0	4.0
228.0	8.0
229.0	1.0
230.0	14.0
232.0	7.0
233.0	7.0
234.0	7.0
235.0	3.0
236.0	1.0
237.0	11.0
238.0	6.0
239.0	5.0
240.0	5.0
241.0	4.0
242.0	7.0
243.0	1.0
244.0	10.0
245.0	12.0
246.0	8.0
247.0	4.0
248.0	5.0
249.0	1.0
252.0	3.0
253.0	2.0
254.0	6.0
255.0	4.0
256.0	2.0
258.0	2.0
259.0	1.0
260.0	3.0
261.0	2.0
262.0	11.0
263.0	3.0
264.0	5.0
265.0	2.0
266.0	3.0
267.0	2.0
268.0	3.0
269.0	2.0
270.0	2.0
271.0	5.0
272.0	1.0
273.0	3.0
274.0	2.0
275.0	6.0
276.0	1.0
277.0	7.0
278.0	3.0
279.0	2.0
280.0	7.0
281.0	8.0
282.0	7.0
283.0	9.0
284.0	6.0
285.0	6.0
286.0	4.0
287.0	2.0
289.0	1.0
290.0	3.0
291.0	5.0
292.0	10.0
293.0	7.0
294.0	2.0
295.0	1.0
296.0	5.0
297.0	5.0
298.0	7.0
299.0	5.0
300.0	1.0
301.0	9.0
302.0	2.0
303.0	5.0
304.0	7.0
305.0	1.0
306.0	10.0
307.0	2.0
308.0	6.0
309.0	5.0
310.0	5.0
312.0	5.0
313.0	9.0
314.0	14.0
315.0	6.0
316.0	4.0
317.0	8.0
318.0	2.0
319.0	3.0
320.0	7.0
321.0	5.0
322.0	7.0
323.0	9.0
324.0	11.0
325.0	8.0
326.0	2.0
327.0	8.0
328.0	7.0
329.0	2.0
330.0	6.0
331.0	10.0
332.0	9.0
333.0	8.0
334.0	7.0
335.0	8.0
336.0	14.0
337.0	11.0
338.0	1.0
339.0	12.0
340.0	3.0
341.0	8.0
342.0	7.0
343.0	6.0
344.0	10.0
345.0	5.0
346.0	9.0
347.0	12.0
348.0	5.0
349.0	8.0
350.0	6.0
351.0	2.0
352.0	2.0
353.0	11.0
354.0	10.0
355.0	5.0
356.0	8.0
357.0	6.0
358.0	8.0
359.0	10.0
360.0	10.0
361.0	6.0
362.0	14.0
363.0	6.0
364.0	8.0
365.0	10.0
366.0	16.0
367.0	15.0
368.0	17.0
369.0	9.0
370.0	11.0
371.0	6.0
372.0	16.0
373.0	12.0
374.0	25.0
375.0	15.0
376.0	19.0
377.0	9.0
378.0	17.0
379.0	13.0
380.0	17.0
381.0	12.0
382.0	7.0
383.0	7.0
384.0	13.0
385.0	12.0
386.0	7.0
387.0	5.0
388.0	5.0
389.0	21.0
390.0	4.0
391.0	8.0
392.0	8.0
393.0	9.0
394.0	8.0
395.0	5.0
396.0	8.0
397.0	16.0
398.0	6.0
399.0	11.0
400.0	9.0
401.0	12.0
402.0	17.0
403.0	14.0
404.0	13.0
405.0	15.0
406.0	13.0
407.0	10.0
408.0	9.0
409.0	9.0
410.0	12.0
411.0	10.0
412.0	16.0
413.0	19.0
414.0	6.0
415.0	11.0
416.0	15.0
417.0	21.0
418.0	8.0
419.0	16.0
420.0	15.0
421.0	15.0
422.0	15.0
423.0	16.0
424.0	18.0
425.0	13.0
426.0	14.0
427.0	6.0
428.0	17.0
429.0	14.0
430.0	16.0
431.0	10.0
432.0	11.0
433.0	9.0
434.0	11.0
435.0	21.0
436.0	14.0
437.0	17.0
438.0	14.0
439.0	20.0
440.0	17.0
441.0	9.0
442.0	10.0
443.0	4.0
444.0	10.0
445.0	13.0
446.0	6.0
447.0	11.0
448.0	6.0
449.0	10.0
450.0	14.0
451.0	10.0
452.0	14.0
453.0	3.0
454.0	5.0
455.0	7.0
456.0	14.0
457.0	6.0
458.0	9.0
459.0	4.0
460.0	2.0
461.0	5.0
462.0	3.0
463.0	2.0
464.0	6.0
465.0	5.0
466.0	7.0
467.0	6.0
468.0	2.0
469.0	3.0
471.0	6.0
472.0	5.0
473.0	1.0
474.0	5.0
475.0	4.0
476.0	4.0
478.0	4.0
479.0	3.0
480.0	9.0
481.0	2.0
482.0	4.0
483.0	4.0
484.0	2.0
485.0	1.0
487.0	1.0
494.0	1.0
495.0	3.0
496.0	1.0
499.0	3.0
502.0	1.0
504.0	2.0
505.0	6.0
506.0	3.0
507.0	2.0
508.0	1.0
509.0	1.0
510.0	2.0
511.0	5.0
513.0	9.0
514.0	4.0
515.0	1.0
516.0	2.0
519.0	2.0
521.0	1.0
522.0	2.0
524.0	1.0
528.0	1.0
530.0	1.0
531.0	1.0
532.0	2.0
533.0	3.0
534.0	2.0
535.0	4.0
536.0	6.0
537.0	1.0
538.0	4.0
539.0	16.0
540.0	9.0
541.0	2.0
542.0	8.0
543.0	3.0
544.0	7.0
545.0	5.0
546.0	5.0
547.0	5.0
548.0	7.0
549.0	3.0
551.0	2.0
552.0	2.0
553.0	1.0
554.0	2.0
555.0	2.0
556.0	6.0
557.0	4.0
558.0	3.0
561.0	1.0
563.0	3.0
564.0	2.0
565.0	3.0
567.0	5.0
568.0	5.0
572.0	4.0
573.0	1.0
574.0	3.0
575.0	1.0
577.0	2.0
578.0	2.0
580.0	2.0
581.0	2.0
583.0	4.0
584.0	8.0
585.0	5.0
586.0	8.0
588.0	2.0
589.0	2.0
590.0	1.0
591.0	1.0
593.0	1.0
595.0	1.0
596.0	2.0
597.0	1.0
598.0	1.0
599.0	2.0
600.0	2.0
601.0	1.0
602.0	1.0
603.0	1.0
604.0	1.0
605.0	1.0
608.0	1.0
610.0	3.0
611.0	2.0
612.0	1.0
615.0	2.0
616.0	2.0
617.0	2.0
618.0	1.0
619.0	2.0
620.0	5.0
621.0	7.0
623.0	1.0
624.0	2.0
625.0	4.0
626.0	1.0
627.0	4.0
628.0	4.0
629.0	3.0
630.0	1.0
631.0	3.0
632.0	2.0
633.0	2.0
634.0	1.0
635.0	3.0
636.0	2.0
637.0	3.0
638.0	1.0
639.0	2.0
640.0	2.0
642.0	3.0
643.0	5.0
644.0	2.0
645.0	7.0
646.0	2.0
647.0	4.0
648.0	4.0
650.0	3.0
651.0	4.0
652.0	2.0
653.0	1.0
654.0	3.0
655.0	1.0
658.0	2.0
662.0	3.0
663.0	3.0
666.0	1.0
667.0	2.0
669.0	1.0
670.0	2.0
672.0	2.0
674.0	4.0
675.0	2.0
676.0	1.0
677.0	5.0
678.0	2.0
679.0	3.0
681.0	2.0
682.0	3.0
683.0	1.0
684.0	4.0
685.0	1.0
686.0	2.0
687.0	4.0
688.0	1.0
689.0	2.0
690.0	2.0
693.0	1.0
695.0	1.0
698.0	2.0
699.0	2.0
700.0	5.0
701.0	5.0
702.0	6.0
703.0	2.0
704.0	2.0
705.0	2.0
706.0	3.0
708.0	2.0
711.0	1.0
713.0	6.0
715.0	1.0
716.0	3.0
717.0	3.0
718.0	3.0
719.0	5.0
720.0	3.0
721.0	3.0
722.0	7.0
723.0	2.0
724.0	1.0
727.0	8.0
728.0	4.0
729.0	7.0
730.0	7.0
731.0	3.0
732.0	1.0
733.0	3.0
734.0	3.0
735.0	1.0
736.0	1.0
737.0	5.0
739.0	3.0
740.0	4.0
741.0	2.0
742.0	2.0
745.0	1.0
746.0	2.0
747.0	2.0
748.0	4.0
749.0	1.0
750.0	2.0
751.0	4.0
752.0	6.0
754.0	3.0
755.0	5.0
756.0	5.0
757.0	1.0
758.0	2.0
761.0	1.0
762.0	2.0
763.0	5.0
764.0	5.0
765.0	4.0
766.0	5.0
767.0	1.0
768.0	4.0
769.0	1.0
771.0	2.0
772.0	3.0
773.0	4.0
775.0	2.0
776.0	3.0
777.0	6.0
778.0	8.0
779.0	2.0
781.0	1.0
782.0	1.0
784.0	3.0
785.0	3.0
786.0	3.0
787.0	2.0
788.0	1.0
789.0	4.0
790.0	3.0
791.0	1.0
792.0	4.0
793.0	2.0
794.0	3.0
795.0	4.0
796.0	3.0
797.0	4.0
798.0	3.0
799.0	7.0
800.0	3.0
801.0	7.0
802.0	8.0
803.0	8.0
804.0	4.0
805.0	6.0
806.0	3.0
807.0	2.0
808.0	5.0
809.0	3.0
810.0	7.0
811.0	3.0
812.0	2.0
813.0	7.0
814.0	2.0
815.0	4.0
816.0	1.0
817.0	3.0
819.0	3.0
820.0	4.0
821.0	8.0
822.0	1.0
823.0	1.0
824.0	3.0
825.0	7.0
826.0	3.0
827.0	4.0
828.0	3.0
829.0	2.0
830.0	5.0
831.0	6.0
832.0	6.0
833.0	5.0
835.0	1.0
837.0	4.0
838.0	5.0
839.0	3.0
840.0	2.0
841.0	5.0
842.0	2.0
843.0	1.0
844.0	5.0
845.0	4.0
846.0	4.0
847.0	1.0
848.0	5.0
849.0	5.0
852.0	3.0
853.0	2.0
854.0	3.0
855.0	3.0
856.0	3.0
857.0	1.0
859.0	1.0
860.0	3.0
861.0	1.0
862.0	1.0
866.0	1.0
867.0	1.0
868.0	3.0
870.0	2.0
871.0	1.0
872.0	3.0
873.0	1.0
874.0	2.0
878.0	6.0
879.0	2.0
882.0	1.0
883.0	1.0
884.0	1.0
885.0	1.0
888.0	1.0
889.0	3.0
890.0	1.0
892.0	5.0
893.0	3.0
894.0	1.0
899.0	1.0
900.0	4.0
901.0	2.0
904.0	1.0
905.0	1.0
906.0	1.0
907.0	2.0
908.0	2.0
909.0	3.0
911.0	3.0
912.0	3.0
913.0	2.0
914.0	2.0
915.0	1.0
917.0	2.0
921.0	1.0
922.0	2.0
925.0	1.0
937.0	2.0
938.0	1.0
941.0	1.0
946.0	3.0
947.0	2.0
951.0	2.0
952.0	2.0
953.0	2.0
954.0	2.0
956.0	1.0
958.0	2.0
965.0	1.0
968.0	2.0
976.0	1.0
978.0	1.0
996.0	2.0
999.0	2.0
