#Coverage	Number of genomic locations
0.0	1536.0
1.0	281.0
2.0	229.0
3.0	217.0
4.0	86.0
5.0	50.0
6.0	57.0
7.0	110.0
8.0	88.0
9.0	122.0
10.0	18.0
11.0	32.0
12.0	18.0
13.0	20.0
14.0	13.0
15.0	8.0
16.0	42.0
17.0	9.0
18.0	10.0
19.0	16.0
20.0	12.0
21.0	2.0
22.0	9.0
23.0	6.0
24.0	45.0
25.0	6.0
26.0	13.0
27.0	12.0
28.0	13.0
29.0	16.0
30.0	49.0
31.0	39.0
32.0	39.0
33.0	31.0
34.0	13.0
35.0	10.0
36.0	24.0
37.0	37.0
38.0	31.0
39.0	23.0
40.0	57.0
41.0	12.0
42.0	19.0
43.0	34.0
44.0	24.0
45.0	14.0
46.0	28.0
47.0	24.0
48.0	48.0
49.0	38.0
50.0	31.0
51.0	42.0
52.0	49.0
53.0	40.0
54.0	44.0
55.0	58.0
56.0	85.0
57.0	123.0
58.0	107.0
59.0	108.0
60.0	119.0
61.0	138.0
62.0	168.0
63.0	192.0
64.0	224.0
65.0	326.0
66.0	298.0
67.0	411.0
68.0	438.0
69.0	452.0
70.0	537.0
71.0	622.0
72.0	720.0
73.0	775.0
74.0	854.0
75.0	1038.0
76.0	1136.0
77.0	1352.0
78.0	1517.0
79.0	1760.0
80.0	1944.0
81.0	2116.0
82.0	2437.0
83.0	2741.0
84.0	2898.0
85.0	3034.0
86.0	3188.0
87.0	3609.0
88.0	3694.0
89.0	3915.0
90.0	4252.0
91.0	4475.0
92.0	4531.0
93.0	4347.0
94.0	4490.0
95.0	4550.0
96.0	4425.0
97.0	4700.0
98.0	4650.0
99.0	4634.0
100.0	4556.0
101.0	4502.0
102.0	4341.0
103.0	4260.0
104.0	4121.0
105.0	3976.0
106.0	3885.0
107.0	3702.0
108.0	3358.0
109.0	3258.0
110.0	3054.0
111.0	2773.0
112.0	2565.0
113.0	2296.0
114.0	2148.0
115.0	1993.0
116.0	1799.0
117.0	1686.0
118.0	1492.0
119.0	1268.0
120.0	1145.0
121.0	1026.0
122.0	892.0
123.0	804.0
124.0	720.0
125.0	651.0
126.0	547.0
127.0	401.0
128.0	398.0
129.0	344.0
130.0	293.0
131.0	239.0
132.0	204.0
133.0	133.0
134.0	125.0
135.0	115.0
136.0	79.0
137.0	77.0
138.0	66.0
139.0	79.0
140.0	64.0
141.0	57.0
142.0	82.0
143.0	62.0
144.0	57.0
145.0	66.0
146.0	57.0
147.0	47.0
148.0	43.0
149.0	24.0
150.0	30.0
151.0	34.0
152.0	33.0
153.0	68.0
154.0	51.0
155.0	40.0
156.0	47.0
157.0	40.0
158.0	27.0
159.0	37.0
160.0	32.0
161.0	29.0
162.0	44.0
163.0	45.0
164.0	51.0
165.0	42.0
166.0	36.0
167.0	38.0
168.0	47.0
169.0	50.0
170.0	31.0
171.0	43.0
172.0	28.0
173.0	39.0
174.0	32.0
175.0	26.0
176.0	27.0
177.0	20.0
178.0	11.0
179.0	12.0
180.0	29.0
181.0	22.0
182.0	33.0
183.0	27.0
184.0	25.0
185.0	20.0
186.0	10.0
187.0	5.0
188.0	4.0
189.0	5.0
190.0	6.0
191.0	6.0
192.0	7.0
193.0	8.0
194.0	14.0
195.0	13.0
196.0	8.0
197.0	12.0
198.0	5.0
199.0	3.0
200.0	8.0
201.0	8.0
202.0	9.0
203.0	6.0
204.0	6.0
205.0	1.0
206.0	5.0
207.0	3.0
209.0	7.0
210.0	9.0
211.0	15.0
212.0	9.0
213.0	7.0
214.0	8.0
215.0	7.0
216.0	4.0
217.0	12.0
218.0	6.0
219.0	4.0
220.0	10.0
221.0	5.0
222.0	2.0
223.0	2.0
224.0	5.0
225.0	4.0
226.0	7.0
227.0	7.0
228.0	2.0
229.0	4.0
230.0	10.0
231.0	10.0
232.0	8.0
233.0	4.0
234.0	5.0
235.0	4.0
236.0	19.0
237.0	13.0
238.0	3.0
239.0	7.0
240.0	6.0
241.0	11.0
242.0	4.0
243.0	10.0
244.0	5.0
245.0	10.0
246.0	5.0
247.0	3.0
248.0	4.0
249.0	7.0
250.0	11.0
251.0	4.0
252.0	5.0
253.0	2.0
254.0	4.0
255.0	10.0
256.0	5.0
257.0	5.0
258.0	3.0
259.0	11.0
260.0	14.0
261.0	20.0
262.0	12.0
263.0	14.0
264.0	10.0
265.0	4.0
266.0	4.0
267.0	1.0
268.0	6.0
269.0	9.0
270.0	6.0
271.0	12.0
272.0	6.0
273.0	8.0
274.0	14.0
275.0	11.0
276.0	6.0
277.0	4.0
278.0	13.0
279.0	16.0
280.0	14.0
281.0	12.0
282.0	16.0
283.0	20.0
284.0	10.0
285.0	16.0
286.0	13.0
287.0	16.0
288.0	14.0
289.0	11.0
290.0	14.0
291.0	20.0
292.0	23.0
293.0	24.0
294.0	22.0
295.0	15.0
296.0	19.0
297.0	16.0
298.0	18.0
299.0	13.0
300.0	25.0
301.0	27.0
302.0	37.0
303.0	31.0
304.0	33.0
305.0	22.0
306.0	15.0
307.0	22.0
308.0	22.0
309.0	31.0
310.0	27.0
311.0	26.0
312.0	22.0
313.0	29.0
314.0	33.0
315.0	22.0
316.0	30.0
317.0	25.0
318.0	19.0
319.0	15.0
320.0	19.0
321.0	27.0
322.0	32.0
323.0	27.0
324.0	20.0
325.0	48.0
326.0	24.0
327.0	24.0
328.0	32.0
329.0	27.0
330.0	37.0
331.0	34.0
332.0	24.0
333.0	29.0
334.0	37.0
335.0	31.0
336.0	24.0
337.0	32.0
338.0	27.0
339.0	26.0
340.0	30.0
341.0	27.0
342.0	39.0
343.0	25.0
344.0	20.0
345.0	26.0
346.0	27.0
347.0	28.0
348.0	37.0
349.0	29.0
350.0	25.0
351.0	23.0
352.0	25.0
353.0	23.0
354.0	17.0
355.0	16.0
356.0	31.0
357.0	20.0
358.0	21.0
359.0	23.0
360.0	22.0
361.0	30.0
362.0	32.0
363.0	24.0
364.0	28.0
365.0	31.0
366.0	19.0
367.0	28.0
368.0	29.0
369.0	18.0
370.0	17.0
371.0	25.0
372.0	21.0
373.0	20.0
374.0	19.0
375.0	10.0
376.0	23.0
377.0	18.0
378.0	14.0
379.0	17.0
380.0	11.0
381.0	18.0
382.0	22.0
383.0	10.0
384.0	17.0
385.0	16.0
386.0	11.0
387.0	9.0
388.0	12.0
389.0	9.0
390.0	18.0
391.0	8.0
392.0	10.0
393.0	12.0
394.0	10.0
395.0	5.0
396.0	5.0
397.0	9.0
398.0	5.0
399.0	9.0
400.0	7.0
401.0	5.0
402.0	11.0
403.0	5.0
404.0	6.0
405.0	8.0
406.0	5.0
407.0	3.0
408.0	1.0
409.0	4.0
411.0	9.0
412.0	6.0
413.0	2.0
414.0	4.0
415.0	2.0
416.0	8.0
417.0	1.0
418.0	5.0
420.0	1.0
421.0	3.0
422.0	5.0
423.0	8.0
424.0	1.0
425.0	1.0
426.0	3.0
428.0	3.0
429.0	3.0
430.0	3.0
431.0	2.0
432.0	5.0
433.0	1.0
434.0	1.0
435.0	3.0
436.0	5.0
437.0	3.0
438.0	2.0
439.0	6.0
440.0	3.0
441.0	1.0
442.0	4.0
443.0	1.0
444.0	2.0
445.0	3.0
446.0	2.0
447.0	3.0
448.0	6.0
449.0	4.0
450.0	7.0
451.0	4.0
452.0	1.0
453.0	4.0
454.0	3.0
455.0	5.0
456.0	6.0
457.0	3.0
458.0	4.0
459.0	7.0
460.0	6.0
461.0	6.0
462.0	5.0
463.0	2.0
464.0	2.0
465.0	4.0
466.0	1.0
467.0	4.0
468.0	5.0
469.0	8.0
470.0	6.0
471.0	3.0
472.0	1.0
473.0	5.0
474.0	5.0
477.0	2.0
478.0	5.0
479.0	2.0
480.0	1.0
481.0	4.0
482.0	1.0
483.0	2.0
485.0	2.0
487.0	1.0
488.0	2.0
489.0	1.0
490.0	1.0
491.0	1.0
493.0	3.0
494.0	1.0
495.0	3.0
496.0	3.0
498.0	2.0
500.0	5.0
501.0	8.0
503.0	2.0
504.0	5.0
505.0	1.0
506.0	7.0
507.0	2.0
508.0	4.0
509.0	2.0
510.0	2.0
511.0	1.0
513.0	3.0
514.0	2.0
515.0	2.0
516.0	5.0
517.0	1.0
518.0	5.0
519.0	4.0
520.0	5.0
521.0	5.0
522.0	5.0
523.0	5.0
524.0	2.0
525.0	3.0
528.0	4.0
529.0	5.0
530.0	2.0
531.0	1.0
532.0	2.0
533.0	2.0
534.0	2.0
535.0	2.0
536.0	4.0
537.0	1.0
538.0	2.0
539.0	9.0
540.0	4.0
541.0	7.0
542.0	2.0
543.0	1.0
544.0	1.0
545.0	3.0
547.0	5.0
550.0	3.0
552.0	1.0
553.0	1.0
555.0	2.0
556.0	4.0
557.0	1.0
558.0	1.0
559.0	2.0
560.0	6.0
561.0	2.0
563.0	3.0
564.0	1.0
565.0	3.0
566.0	4.0
567.0	4.0
568.0	3.0
569.0	6.0
570.0	3.0
571.0	3.0
572.0	1.0
573.0	5.0
574.0	3.0
575.0	2.0
577.0	1.0
578.0	1.0
579.0	4.0
580.0	5.0
581.0	5.0
582.0	1.0
583.0	7.0
584.0	4.0
585.0	2.0
586.0	2.0
587.0	3.0
588.0	6.0
589.0	5.0
590.0	3.0
591.0	3.0
592.0	5.0
593.0	4.0
594.0	7.0
595.0	5.0
596.0	4.0
597.0	4.0
598.0	3.0
599.0	2.0
600.0	2.0
601.0	7.0
602.0	7.0
603.0	1.0
604.0	4.0
605.0	4.0
606.0	5.0
607.0	10.0
608.0	9.0
609.0	4.0
610.0	8.0
611.0	5.0
612.0	8.0
613.0	9.0
614.0	7.0
615.0	7.0
616.0	4.0
617.0	10.0
618.0	8.0
619.0	8.0
620.0	11.0
621.0	5.0
622.0	2.0
623.0	4.0
624.0	1.0
625.0	9.0
626.0	1.0
627.0	4.0
628.0	3.0
629.0	1.0
630.0	2.0
631.0	3.0
633.0	6.0
634.0	3.0
636.0	2.0
637.0	1.0
638.0	2.0
639.0	2.0
641.0	3.0
642.0	3.0
643.0	3.0
644.0	2.0
645.0	7.0
646.0	2.0
647.0	6.0
648.0	4.0
649.0	2.0
650.0	2.0
653.0	1.0
655.0	1.0
656.0	2.0
658.0	1.0
661.0	1.0
664.0	3.0
665.0	1.0
666.0	4.0
667.0	1.0
670.0	3.0
672.0	1.0
675.0	2.0
676.0	3.0
677.0	2.0
678.0	1.0
680.0	1.0
681.0	3.0
682.0	2.0
683.0	1.0
684.0	1.0
685.0	2.0
686.0	2.0
687.0	3.0
688.0	4.0
689.0	2.0
691.0	2.0
695.0	2.0
696.0	2.0
697.0	3.0
698.0	2.0
700.0	2.0
701.0	1.0
702.0	1.0
703.0	3.0
704.0	1.0
705.0	2.0
706.0	3.0
708.0	2.0
709.0	3.0
710.0	1.0
711.0	3.0
714.0	1.0
718.0	1.0
719.0	1.0
724.0	1.0
725.0	1.0
726.0	2.0
728.0	2.0
730.0	1.0
732.0	1.0
733.0	3.0
734.0	3.0
736.0	1.0
742.0	1.0
743.0	1.0
746.0	1.0
751.0	1.0
755.0	1.0
760.0	1.0
