#Position (bp)	insert size
210.0	12595.254237288136
629.0	354.125
1048.0	312.7261146496815
1467.0	292.25136612021856
1886.0	348.63513513513516
2305.0	365.6808510638298
2724.0	343.66285714285715
3143.0	370.9185185185185
3562.0	355.0064935064935
3981.0	307.79619565217394
4400.0	342.7894736842105
4819.0	321.9187725631769
5238.0	327.4842219804135
5657.0	372.394
6076.0	541.0264705882353
6495.0	351.3146551724138
6914.0	357.8523206751055
7333.0	331.0655737704918
7752.0	317.0730593607306
8171.0	232.8134110787172
8590.0	0.0
9009.0	0.0
9428.0	61895.40425531915
9847.0	365.88271604938274
10266.0	333.8992805755396
10685.0	335.7251908396947
11104.0	345.75539568345323
11523.0	343.4080459770115
11942.0	340.184
12361.0	346.5153374233129
12780.0	332.2517006802721
13199.0	346.01129943502826
13618.0	364.75882352941176
14037.0	327.18064516129033
14456.0	342.8263888888889
14875.0	342.63945578231295
15294.0	344.6363636363636
15713.0	344.9530201342282
16132.0	346.4727272727273
16551.0	376.35714285714283
16970.0	342.9868421052632
17389.0	369.82278481012656
17808.0	361.27906976744185
18227.0	346.8076923076923
18646.0	358.4054054054054
19065.0	373.5933333333333
19484.0	362.8933333333333
19903.0	349.121546961326
20322.0	331.04487179487177
20741.0	364.9159663865546
21160.0	352.66906474820144
21579.0	354.55913978494624
21998.0	328.3618421052632
22417.0	348.90972222222223
22836.0	348.1030303030303
23255.0	340.86
23674.0	349.3112582781457
24093.0	338.3636363636364
24512.0	343.36690647482015
24931.0	343.97402597402595
25350.0	357.7401129943503
25769.0	358.5
26188.0	345.81045751633985
26607.0	342.6574074074074
27026.0	378.08029197080293
27445.0	327.63398692810455
27864.0	361.4144736842105
28283.0	346.7185185185185
28702.0	339.12213740458014
29121.0	342.2191011235955
29540.0	329.6746031746032
29959.0	333.7014925373134
30378.0	376.944099378882
30797.0	345.5914634146341
31216.0	337.4032258064516
31635.0	327.944099378882
32054.0	343.88461538461536
32473.0	326.5796178343949
32892.0	353.79470198675494
33311.0	347.9835164835165
33730.0	353.7121212121212
34149.0	355.4965034965035
34568.0	356.0833333333333
34987.0	349.936
35406.0	361.5344827586207
35825.0	349.85350318471336
36244.0	337.8909090909091
36663.0	350.6551724137931
37082.0	339.85714285714283
37501.0	349.49685534591197
37920.0	339.5855263157895
38339.0	340.0967741935484
38758.0	315.76335877862596
39177.0	356.0617283950617
39596.0	332.36526946107784
40015.0	354.06944444444446
40434.0	346.3941605839416
40853.0	377.73880597014926
41272.0	355.98148148148147
41691.0	354.5189873417722
42110.0	330.92198581560285
42529.0	370.54761904761904
42948.0	350.7313432835821
43367.0	369.06962025316454
43786.0	334.82236842105266
44205.0	359.03205128205127
44624.0	360.38775510204084
45043.0	365.2345679012346
45462.0	340.8805031446541
45881.0	341.9037037037037
46300.0	353.8841463414634
46719.0	369.5212121212121
47138.0	336.95757575757574
47557.0	367.69465648854964
47976.0	361.0059171597633
48395.0	355.80392156862746
48814.0	340.5
49233.0	322.75409836065575
49652.0	368.4496644295302
50071.0	364.43195266272187
50490.0	347.98837209302326
50909.0	346.08
51328.0	318.9290322580645
51747.0	345.42285714285714
52166.0	346.88188976377955
52585.0	358.17763157894734
53004.0	346.443661971831
53423.0	357.0
53842.0	343.9356725146199
54261.0	334.0066225165563
54680.0	355.8529411764706
55099.0	364.00763358778624
55518.0	339.98924731182797
55937.0	355.0133333333333
56356.0	343.9710144927536
56775.0	343.0
57194.0	365.59722222222223
57613.0	329.8980891719745
58032.0	348.72847682119203
58451.0	351.0691823899371
58870.0	344.9627329192547
59289.0	353.9357142857143
59708.0	338.41843971631204
60127.0	338.0479041916168
60546.0	309.97350993377484
60965.0	814.4463276836158
61384.0	348.253164556962
61803.0	359.4913294797688
62222.0	365.24347826086955
62641.0	364.07909604519773
63060.0	349.51851851851853
63479.0	343.24460431654677
63898.0	321.6222222222222
64317.0	351.9758064516129
64736.0	351.1904761904762
65155.0	343.1090909090909
65574.0	325.9788732394366
65993.0	357.61744966442956
66412.0	336.0632911392405
66831.0	323.06164383561645
67250.0	355.1753246753247
67669.0	331.59859154929575
68088.0	358.3783783783784
68507.0	335.16901408450707
68926.0	347.4189189189189
69345.0	375.1526717557252
69764.0	333.125
70183.0	357.27941176470586
70602.0	337.33516483516485
71021.0	338.9724770642202
71440.0	337.3313253012048
71859.0	336.9006622516556
72278.0	340.3292682926829
72697.0	344.9874213836478
73116.0	353.20118343195264
73535.0	333.0970149253731
73954.0	341.56756756756755
74373.0	333.9591836734694
74792.0	347.5779220779221
75211.0	330.9463087248322
75630.0	1373.8468468468468
76049.0	335.21022727272725
76468.0	328.4080459770115
76887.0	355.61038961038963
77306.0	357.8775510204082
77725.0	331.81081081081084
78144.0	332.7258883248731
78563.0	328.76153846153846
78982.0	351.2857142857143
79401.0	333.4861111111111
79820.0	341.1914893617021
80239.0	337.9312977099237
80658.0	353.46590909090907
81077.0	339.8783783783784
81496.0	316.31724137931036
81915.0	347.99319727891157
82334.0	358.4736842105263
82753.0	340.09415584415586
83172.0	354.09694793536806
83591.0	308.09611451942743
84010.0	305.8606060606061
84429.0	344.1940298507463
84848.0	356.8243243243243
85267.0	334.1142857142857
85686.0	360.1241379310345
86105.0	312.87115384615385
86524.0	318.7560975609756
86943.0	331.6821705426357
87362.0	338.96590909090907
87781.0	320.9751552795031
88200.0	338.42763157894734
88619.0	349.2162162162162
89038.0	308.61046511627904
89457.0	340.90677966101697
89876.0	322.44375
90295.0	336.53125
90714.0	329.0872483221477
91133.0	341.5759493670886
91552.0	343.19883040935673
91971.0	350.4901960784314
92390.0	343.4016393442623
92809.0	360.7628205128205
93228.0	346.6095890410959
93647.0	354.8707865168539
94066.0	344.3248407643312
94485.0	328.5923566878981
94904.0	356.3375796178344
95323.0	351.6449275362319
95742.0	327.9382716049383
96161.0	347.82716049382714
96580.0	346.2012987012987
96999.0	370.5870967741935
97418.0	350.030303030303
97837.0	341.5359477124183
98256.0	374.46078431372547
98675.0	329.734375
99094.0	357.84276729559747
99513.0	328.18562874251495
99932.0	374.61538461538464
100351.0	349.994923857868
100770.0	358.70212765957444
101189.0	350.1775147928994
101608.0	350.10526315789474
102027.0	341.0642857142857
102446.0	362.15909090909093
102865.0	347.4662162162162
103284.0	344.34
103703.0	353.3636363636364
104122.0	353.0552147239264
104541.0	345.92
104960.0	358.0
105379.0	341.6356589147287
105798.0	369.7483870967742
106217.0	332.73571428571427
106636.0	336.51234567901236
107055.0	348.3235294117647
107474.0	342.1216216216216
107893.0	1681.7368421052631
108312.0	369.17808219178085
108731.0	347.0281690140845
109150.0	355.1063829787234
109569.0	355.4060606060606
109988.0	350.1566265060241
110407.0	348.5933333333333
110826.0	344.4294871794872
111245.0	358.05555555555554
111664.0	350.0833333333333
112083.0	345.3757575757576
112502.0	331.59183673469386
112921.0	361.2112676056338
113340.0	343.70621468926555
113759.0	334.53416149068323
114178.0	345.86538461538464
114597.0	355.14649681528664
115016.0	341.36129032258066
115435.0	326.0536912751678
115854.0	336.64367816091954
116273.0	340.485549132948
116692.0	352.8343949044586
117111.0	347.125
117530.0	340.1694915254237
117949.0	341.6818181818182
118368.0	344.50943396226415
118787.0	368.2936507936508
119206.0	357.79213483146066
119625.0	351.20567375886526
120044.0	334.50931677018633
120463.0	346.13513513513516
120882.0	353.46527777777777
121301.0	350.02515723270443
121720.0	347.2826086956522
122139.0	364.012987012987
122558.0	335.57251908396944
122977.0	313.81333333333333
123396.0	345.8137931034483
123815.0	362.76510067114094
124234.0	314.95569620253167
124653.0	313.5853658536585
125072.0	0.0
125491.0	0.0
125910.0	318.3958333333333
126329.0	338.3961038961039
126748.0	351.4860335195531
127167.0	352.1232876712329
127586.0	347.58
128005.0	354.709219858156
128424.0	367.3907284768212
128843.0	340.14649681528664
129262.0	343.0625
129681.0	345.27272727272725
130100.0	351.6235294117647
130519.0	373.4468085106383
130938.0	327.24050632911394
131357.0	349.43195266272187
131776.0	352.57142857142856
132195.0	345.8
132614.0	346.5388888888889
133033.0	343.3170731707317
133452.0	357.6896551724138
133871.0	368.74038461538464
134290.0	352.1578947368421
134709.0	340.6744186046512
135128.0	369.141975308642
135547.0	354.5617283950617
135966.0	346.85128205128206
136385.0	370.1518987341772
136804.0	348.3636363636364
137223.0	324.1714285714286
137642.0	344.67605633802816
138061.0	354.91603053435114
138480.0	368.2352941176471
138899.0	360.4583333333333
139318.0	354.60843373493975
139737.0	335.7692307692308
140156.0	371.1865671641791
140575.0	346.7878787878788
140994.0	366.44767441860466
141413.0	361.325
141832.0	348.57714285714286
142251.0	370.6363636363636
142670.0	368.381679389313
143089.0	339.63057324840764
143508.0	357.7910447761194
143927.0	354.57971014492756
144346.0	348.4625
144765.0	354.26573426573424
145184.0	361.5753424657534
145603.0	350.24460431654677
146022.0	346.04458598726114
146441.0	344.5083333333333
146860.0	367.1666666666667
147279.0	370.1063829787234
147698.0	338.4146341463415
148117.0	350.56934306569343
148536.0	350.63448275862066
148955.0	358.84831460674155
149374.0	367.3717277486911
149793.0	364.54491017964074
150212.0	366.5032679738562
150631.0	352.757225433526
151050.0	339.89032258064515
151469.0	362.72592592592594
151888.0	360.64071856287427
152307.0	344.1812865497076
152726.0	352.7916666666667
153145.0	330.24183006535947
153564.0	331.62025316455697
153983.0	374.15862068965515
154402.0	340.41212121212124
154821.0	349.3636363636364
155240.0	337.2027027027027
155659.0	339.33093525179856
156078.0	350.09558823529414
156497.0	340.65277777777777
156916.0	347.7076023391813
157335.0	324.1223021582734
157754.0	333.29447852760734
158173.0	345.5625
158592.0	341.0503144654088
159011.0	359.59712230215825
159430.0	337.35766423357666
159849.0	323.6619718309859
160268.0	336.92215568862275
160687.0	344.9217391304348
161106.0	0.0
161525.0	423.3333333333333
161944.0	329.14285714285717
162363.0	333.2485549132948
162782.0	344.04487179487177
163201.0	334.78014184397165
163620.0	348.6545454545454
164039.0	344.33812949640287
164458.0	350.736
164877.0	343.3968253968254
165296.0	347.9477124183006
165715.0	344.0352941176471
166134.0	348.9016393442623
166553.0	334.6513157894737
166972.0	337.13138686131384
167339.0	142.0
