#Position (bp)	Coverage	Std
6876.0	75.61406443167769	23.264167966270033
20627.0	61.29612391826049	19.368395747611213
34378.0	60.5593774998182	18.722158929053293
48129.0	59.899716384262966	18.783141752086525
61880.0	36.005163260853756	32.441620339837556
75631.0	66.8428477928878	21.122933373573236
89382.0	61.29059704748745	20.5392805715445
103133.0	67.64068067776888	21.738323838163122
116884.0	59.8048869173151	19.983958369211862
130635.0	60.06683150316341	17.94809863975005
144386.0	57.29379681477711	20.667527192226867
158137.0	56.1570067631445	16.630295319692536
171888.0	60.87368191404261	20.818124281415603
185639.0	74.45858483019417	20.843322987359926
199390.0	66.36091920587593	17.508886967121327
213141.0	70.2026761690059	21.954521586857094
226892.0	68.50476328994255	20.04427141410818
240643.0	65.91127917969602	23.546599920748523
254394.0	62.2548905534143	16.443588655858047
268145.0	55.50010908297578	18.2295517990905
281896.0	62.089593484110246	14.995733036714608
295647.0	68.59479310595593	25.963931449418187
309398.0	58.68635008363028	20.170096979417718
323149.0	69.58090320703948	19.230035608590843
336900.0	73.20354883281216	20.36748418540594
350651.0	56.7176932586721	19.674823601041307
364402.0	85.13126318085958	23.671349260194784
378153.0	83.71878408842993	23.21648003240159
391904.0	66.02268925896298	19.415791187124096
405655.0	62.52854337866337	19.681725034706513
419406.0	54.292124209148426	16.501644426554957
433157.0	50.627808886626426	17.605135736629276
446908.0	54.2962693622282	22.85487917590681
460659.0	61.93993164133518	25.98762592717565
474410.0	53.30783215766126	17.588441755811427
488161.0	62.98196494800378	21.072142687448434
501912.0	61.43131408624827	19.765454394082436
515663.0	61.79572394734928	19.42467349824488
529414.0	62.50185441058832	17.049963580322423
543165.0	60.28172496545706	15.530886040587983
556916.0	60.397425641771505	17.52295314694521
570667.0	70.59144789469856	21.796101286020235
584418.0	77.17904152425278	34.75111546669998
598169.0	79.26078103410661	25.799023815739666
611920.0	65.79841466075194	20.515363856646708
625671.0	60.41269725838121	18.74551215289894
639422.0	60.9581121372991	19.07749945309608
653173.0	62.77179841466075	19.42873696204588
666924.0	60.942913242673264	19.627329310185925
680675.0	66.95382154025162	21.30041790831504
694426.0	58.889098974620026	20.112001857563527
708177.0	64.23743727728892	17.932032166382413
721928.0	66.05090538869901	18.031239304776552
735679.0	72.29946912951786	28.631943015817644
749430.0	75.11162824521853	18.73318507651719
763181.0	64.10319249509126	21.403369141396066
776932.0	76.31946767507817	39.36380015952544
790683.0	88.6465711584612	43.28505213687221
804434.0	55.35379245145808	38.12239779045356
818185.0	69.52607083121228	28.873195293267557
831936.0	74.7889608028507	24.90054247380532
845687.0	58.70823940077085	18.56414015872374
859438.0	61.73812813613555	19.70791183664071
873189.0	59.25278161588248	16.95365784824366
886940.0	61.10450149080067	18.63837217059635
900691.0	55.60351974401862	20.363152715380945
914442.0	56.653479746927495	18.619277053677457
928193.0	64.62184568395026	20.08622602413561
941944.0	60.796378445203985	26.297042302497744
955695.0	60.3401207184932	18.28943559255542
969446.0	54.71114828012508	15.850308325595279
983197.0	53.20602138026325	15.301918718153775
996948.0	57.03737909970184	16.96675922144993
1010699.0	61.912442731437714	19.28839115392128
1024450.0	65.15737037306377	18.510595212403242
1038201.0	60.676096283906624	18.815036529136925
1051952.0	65.24180059632027	20.120582247440097
1065703.0	57.68940440695222	17.274590038106712
1079454.0	57.0533779361501	17.76346292894444
1093205.0	57.07628536106465	16.49481002947642
1106956.0	68.58148498291034	19.241999037093183
1120707.0	64.35597411097375	18.044646429917755
1134458.0	57.26754417860519	16.44867375948381
1148209.0	65.75281797687441	21.60467161293762
1161960.0	58.78430659588393	20.26179828603611
1175711.0	62.87855428696095	19.34485090380479
1189462.0	53.36215547960148	15.188347959923988
1203213.0	59.90335248345575	20.65878499393519
1216964.0	62.921605701403536	19.11146776495463
1230715.0	57.6217729619664	17.319557065390367
1244466.0	53.37633626645335	18.333470402742023
1258217.0	62.23700094538579	15.351383319439876
1271968.0	57.58439386226456	18.101315557163442
1285719.0	52.48810995563959	18.906888652381777
1299470.0	52.56657697621991	17.11505466998656
1313221.0	58.99941822412915	21.26352209365851
1326972.0	54.67602356192277	18.70742202221312
1340723.0	48.72423823721911	16.81932678416335
1354474.0	51.215475238164494	13.986121402455597
1368225.0	56.769834921096646	17.137366532958563
1381976.0	61.578067049669116	18.95514648737745
1395727.0	57.61522798341939	19.193132528757612
1409478.0	51.9701112646353	23.126166495077694
1423229.0	69.41604246963857	23.27398754209028
1436980.0	67.86931859501126	22.50185069837613
1450731.0	62.04363319031343	19.12832475142024
1464482.0	86.76198094684023	26.53991112284577
1478233.0	95.31328630645044	26.50845944095865
1491984.0	69.5243982255836	17.52246342846367
1505735.0	66.83579376045378	20.77556322566168
1519486.0	60.540615227983416	18.449716643216124
1533237.0	59.598792815067995	18.134860706941083
1546988.0	52.54592393280489	17.210850249207112
1560739.0	64.0343247763799	14.81427698894744
1574490.0	63.16886044651298	18.021528992730826
1588241.0	72.48156497709257	40.8745604549579
1601992.0	67.36819140426151	25.216757941883728
1615743.0	56.830048723729185	18.777131970593597
1629494.0	59.88102683441204	32.6633785523026
1643245.0	51.665551596247546	16.808840667123903
1656996.0	57.426296269362226	18.447227335005024
1670747.0	53.6242455094175	17.67823619331273
1684498.0	48.19416769689477	16.780379059276083
1698249.0	57.32048578285216	18.281049906619515
1712000.0	62.086248272852885	20.09769427333285
1725751.0	52.98945531234092	18.843467975960912
1739502.0	51.993818631372264	17.70678240850969
1753253.0	52.91527888880809	19.79528896486562
1767004.0	58.121954766926045	19.664453041024597
1780755.0	56.9141153370664	19.34289599897666
1794506.0	58.543233219402225	21.176687950990612
1808257.0	55.977456185004726	18.834431263848984
1822008.0	51.900734492036946	15.937740203536787
1835759.0	58.20267616900589	17.12889658581078
1849510.0	60.96691149734565	18.82361123050273
1863261.0	57.72292924150971	21.59451054338392
1877012.0	43.78968802268926	37.0284999722595
1890763.0	16.948585557414006	27.512095964007827
1904514.0	125.9523671005745	80.94448961630243
1918265.0	52.12391826049014	26.63838433058617
1932016.0	58.291833321213005	24.470142418324677
1945767.0	68.11911860955567	28.98479335696133
1959518.0	86.16696967493273	55.4853555619978
1973269.0	53.07454003345211	26.723650875356075
1987020.0	56.8117955057814	17.067037270159254
2000771.0	55.29045160351974	15.604378181387123
2014522.0	62.656534070249435	21.23489765648906
2028273.0	60.34135699221875	15.142426146260002
2042024.0	58.60526507163115	17.850138522619567
2055775.0	58.05948658279398	14.659225099498972
2069526.0	59.445713039051704	17.954740325809798
2083277.0	60.494654934186606	23.88213123397753
2097028.0	65.60577412551814	20.279827377069797
2110779.0	51.93884081157734	15.67311619169784
2124530.0	53.8365937022762	29.313304122191767
2138281.0	66.47683804814196	23.435836989215094
2152032.0	60.72583812086394	18.704675419637635
2165783.0	56.96938404479674	21.331741533649105
2179534.0	63.09090247981965	16.684313010510248
2193285.0	59.61973674641844	19.490581627084005
2207036.0	56.462729983273945	15.490316154072634
2220787.0	54.92371463893535	19.30422157697742
2234538.0	57.811504617845976	19.224035025272347
2248289.0	54.06632244927641	14.730137376518858
2262040.0	51.109373863719	16.035975118468645
2275791.0	67.51974401861683	20.579273763122824
2289542.0	50.94298596465712	22.125561456921627
2303293.0	49.93884081157734	17.063574887966457
2317044.0	53.58206675878118	26.452237958742955
2330795.0	47.19111337357283	29.711583565155866
2344546.0	57.801178096138464	17.07790352305097
2358297.0	55.77659806559523	17.404726788454845
2372048.0	58.66904225147262	18.440776827947904
2385799.0	57.282961239182605	16.00473531847232
2399550.0	57.660315613409935	19.283376074474415
2413301.0	56.8569558577558	16.63258872759296
2427052.0	51.5396698421933	16.38668523038731
2440803.0	60.763871718420475	19.48379164492306
2454554.0	52.96734782924878	24.7086815527821
2468305.0	67.40891571522072	32.67081056749627
2482056.0	67.84044796742054	26.80727631200391
2495807.0	29.094829466947857	38.71819952709614
2509558.0	63.086393716820595	30.650855571689373
2523309.0	56.22172932877609	16.47300522364095
2537060.0	58.19060431968584	19.08985752094995
2550811.0	60.99134608392117	25.86587496579897
2564562.0	57.04421496618428	14.705278594081838
2578313.0	55.945676678059776	17.557433518242618
2592064.0	60.99578212493637	21.662103907312932
2605815.0	52.724892735073816	16.661337717385155
2619566.0	58.05214166242455	16.000884002195626
2633317.0	60.81746782052215	16.217620022232417
2647068.0	66.60555595956657	20.701484265713354
2660819.0	61.57959421133008	19.814838098925424
2674570.0	59.83935713766272	24.769198595030677
2688321.0	55.60126536251909	18.10823236576134
2702072.0	54.33248491018835	14.61289707631034
2715823.0	58.41000654497855	15.915270435349974
2729574.0	57.72903788815359	16.9468062011365
2743325.0	55.31117736891862	15.296647315565362
2757076.0	63.057377645262164	15.081018925953135
2770827.0	57.96102101665333	17.7911387041846
2784578.0	62.641626063559016	16.668263080162834
2798329.0	53.98821903861538	18.581888960446822
2812080.0	54.46367536906407	18.117255993384813
2825831.0	59.972801978037964	20.00142711801653
2839582.0	62.67791433350302	27.65566608278378
2853333.0	62.700603592466	22.020151288287558
2867084.0	58.949458221220276	22.014932688747614
2880835.0	62.938259035706494	19.160648820930817
2894586.0	50.91847865609774	17.69464613327118
2908337.0	62.15933386662788	18.017360062372934
2922088.0	58.005745036724605	19.58524382975218
2935839.0	54.39378954257872	18.206916783926275
2949590.0	58.08603010690132	16.360983118341256
2963341.0	59.26463529925096	17.19728784809485
2977092.0	56.73580103265217	18.05866376746616
2990843.0	56.466656970402155	17.864868208523667
3004594.0	55.522507454003346	21.649494303388845
3018345.0	60.70954839648026	17.995999846409365
3032096.0	53.67907788524471	26.1962964128405
3045847.0	58.383244854919646	17.24385877366641
3059598.0	66.91942404188786	31.35979888967703
3073349.0	63.854701476256274	21.75686915752767
3087100.0	62.42840520689404	19.09803276902787
3100851.0	64.40607955785033	20.324280013890995
3114602.0	70.56257726710784	20.23053807818821
3128353.0	65.13315395243983	17.34669387879058
3142104.0	63.52985237437277	24.55802909356759
3155855.0	62.86655515962475	18.33694681908404
3169606.0	60.91811504617846	20.625691976633036
3183357.0	65.08959348411025	15.60704367832941
3197108.0	63.37684532034034	20.787989293647644
3210859.0	66.06152279834194	18.78228222336531
3224610.0	68.42549632753982	20.89363444782263
3238361.0	67.45734855646862	29.17363305095215
3252112.0	77.25889026252636	20.145375582757776
3265863.0	66.9696022107483	20.321853928048505
3279614.0	64.78147043851357	18.908490577677384
3293365.0	66.83993891353356	20.023030518514716
3307116.0	57.63180859573849	25.908507201310044
3320867.0	61.29059704748745	21.22004148713156
3334618.0	63.91913315395244	31.536313799591774
3348369.0	75.14340775216348	40.08791335344038
3362120.0	57.26608973892808	15.73120241435784
3375871.0	61.600247254745106	19.927130723460923
3389622.0	58.368555014180785	19.683982488461655
3403373.0	59.56984946549342	26.34778968680795
3417124.0	61.90429786924587	20.440354367882296
3430875.0	64.47000218165951	20.158457077696376
3444626.0	73.21700239982546	20.082617881611895
3458377.0	73.97621991127917	22.958121438290085
3472128.0	58.70722129299687	17.68382575289273
3485879.0	59.091338811722785	16.661959677605754
3499630.0	54.50389062613628	18.589585407503414
3513381.0	56.125299978183406	16.527552400899616
3527132.0	63.52178023416479	17.574852125740787
3540883.0	60.79172423823722	18.21226222981642
3554634.0	59.90349792742346	20.173894948152668
3568385.0	59.5670860301069	17.886446011230422
3582136.0	61.8124500036361	19.10361612955806
3595887.0	61.121227547087486	17.046218298692235
3609638.0	64.77114391680605	21.99666610553888
3623389.0	63.98276488982619	20.44451830806514
3637140.0	55.50272707439459	16.024068781270472
3650891.0	54.67166024289143	20.00838490512232
3664642.0	60.16696967493273	16.46248625108046
3678393.0	62.3852810704676	16.98521389596131
3692144.0	63.05686859137517	19.102685365555423
3705895.0	71.10530143262308	23.72801180263283
3719646.0	65.1049378227038	18.009578572788097
3733397.0	69.0706130463239	16.958077557436766
3747148.0	61.933313940804304	17.739485102025036
3760899.0	53.348411024652755	18.346690360840764
3774650.0	65.26521707512181	21.127227827004056
3788401.0	65.46287542724166	28.51872454415663
3802152.0	62.594865827939785	18.551676886293404
3815903.0	63.61631881317722	18.680839043357444
3829654.0	60.26419896734783	15.786030190705885
3843405.0	64.5194531306814	16.988991888663147
3857156.0	69.28456112282743	20.781735196574065
3870907.0	81.44454948731001	28.70360015853309
3884658.0	80.45094902188931	43.180897636953276
3898409.0	64.97360191986037	21.789245435278158
3912160.0	63.31932223111046	19.56650412760862
3925911.0	59.38208130317795	18.30131651859294
3939662.0	55.53363391753327	17.551041328232653
3953413.0	56.9154243327758	19.935599171305554
3967164.0	55.87811795505782	19.557907469880124
3980915.0	55.399170969384045	18.465060946209153
3994666.0	74.84190240709766	25.233438527016784
4008417.0	69.78445203985164	23.512251621072654
4022168.0	67.33728456112283	18.435791516585148
4035919.0	63.923787360919206	20.07370246497431
4049670.0	63.43582284924733	21.78667873329066
4063421.0	60.9039342593266	20.359347189002154
4077172.0	65.19074976365356	18.29858446945885
4090923.0	96.06341356992219	82.9980189594246
4104674.0	72.07214020798487	19.34550312136738
4118425.0	66.91077012580904	23.440357660368978
4132176.0	60.66984219329503	17.132657750705008
4145927.0	62.191695149443674	17.613108297083986
4159678.0	67.51647152934332	22.210334533176912
4173429.0	64.00159988364483	26.989847987857935
4187180.0	67.68409570213075	20.217098557995453
4200931.0	61.51501708966621	17.25794713012657
4214682.0	59.566286088284485	16.917955566964263
4228433.0	61.40098901898044	20.35236467164045
4242184.0	65.92538724456404	19.549638102486362
4255935.0	63.922623809177516	21.691896202187664
4269686.0	71.32448549196423	23.59006340722674
4283437.0	56.08064868009599	25.444468702736565
4297188.0	63.569049523671005	20.28602470524817
4310939.0	30.876299905461423	32.49232888327922
4324690.0	2.196785688313577	16.900881870895454
4338441.0	38.82364918914988	32.7812611537497
4352192.0	54.205366882408555	17.408012702814833
4365943.0	56.33292124209149	16.51099773859544
4379694.0	60.70736673696459	19.391448859013085
4393445.0	62.347247472911064	18.592462442105823
4407196.0	59.12755435968293	16.16558111091665
4420947.0	77.5319613119046	23.573432338951193
4434698.0	72.00356337720893	19.768198921613084
4448449.0	64.1131554068795	18.28986302629854
4462200.0	70.92684168424114	21.026749847478225
4475951.0	52.69798560104719	18.01620768542619
4489702.0	66.89157152207112	22.017850963151727
4503453.0	80.87869973092866	36.596644342565185
4517204.0	62.72256563159043	17.472344313091316
4530955.0	60.51676241727874	21.336772768034823
4544706.0	67.60446512980874	25.981513653082843
4558457.0	63.3509562940877	18.005410914354318
4572208.0	62.70089448040142	20.186549082785746
4585959.0	65.0541778779725	16.627636407133128
4599710.0	61.16507890335248	17.266974997637814
4613461.0	62.78314304414224	19.45240831794475
4627212.0	59.82037669987637	22.769418970603756
4640963.0	57.9789833466657	22.300122632407337
4654714.0	67.26848956439531	35.312895403462335
4668465.0	71.12406370445785	24.243564468769993
4682216.0	56.787506363173584	19.067246433444588
4695967.0	38.687586357355826	34.91606024712495
4709718.0	62.89382590357065	19.980331758721338
4723469.0	65.5524689113519	24.2932895127772
4737220.0	68.75441786051924	18.236669201257815
4750971.0	62.04690567958694	18.882350502451178
4764722.0	68.69384044796742	24.11711028218405
4778473.0	57.621700239982545	18.000616106263585
4792224.0	63.723874627299836	19.601973486241256
4805975.0	69.83048505563232	24.77981430820857
4819726.0	73.87135481055923	20.261159412969505
4833477.0	68.31255908661188	18.1559514137992
4847228.0	65.21889317140571	18.133475176295118
4860979.0	65.00530870482147	16.750879288819018
4874730.0	65.31524980001454	18.1238376961637
4888481.0	79.66242455094175	29.437611596574865
4902232.0	62.24456403170679	19.89109868384376
4915983.0	52.630281434077524	17.919322020247684
4929734.0	48.54708748454658	16.196854154524733
4943485.0	57.594574940004364	19.011406272754986
4957236.0	58.75703585193804	22.638001069653694
4970987.0	65.73761908224856	33.09922651247228
4984738.0	70.05723220129445	25.513528760390763
4998489.0	62.251327176205365	18.49026301041872
5012240.0	61.517562359101156	20.294081806806496
5025991.0	63.31161370082176	18.628115589680966
5039742.0	60.22616536979129	18.308862802762782
5053493.0	68.91353356119555	21.406567826217863
5067244.0	59.178968802268926	17.91164816102569
5076613.5	52.224538893344025	15.441822421958715
5083489.0	0.0	0.0
5094746.0	16.473856446803868	44.46980379910523
5108497.0	23.551159915642497	41.726392701330056
5122248.0	11.117300559959276	32.67278376898122
5135999.0	0.018325939931641336	0.18799703230072468
5149750.0	0.11068285942840521	0.5465728768236638
5163501.0	0.06268635008363029	0.28128547498053097
5177252.0	0.0	0.0
5191003.0	0.0	0.0
5204754.0	0.0	0.0
5218505.0	0.0	0.0
5232256.0	2.131481346811141	14.814559248705349
5246007.0	0.0	0.0
5255740.0	0.0	0.0
5262615.5	57.09046789447486	40.84589188672346
5273509.0	86.97934695658498	35.825499840259745
5287260.0	86.30477783433932	23.30252579722396
5301011.0	88.24798196494801	22.911337519963254
5314762.0	90.32281288633554	26.33582892923922
5328513.0	99.83397571085739	28.68230791425608
5342264.0	97.48687368191405	43.32157912070442
5356015.0	99.68525925387245	27.032959302722347
5369766.0	99.21780234164788	28.8697067277776
5383517.0	85.7056941313359	36.69161680350168
5397268.0	74.90066177005309	20.93175727590165
5411019.0	80.93309577485273	29.210780986446107
5421994.0	77.42505183558971	37.66826946131545
5428869.5	19.155979827089336	37.232963727002094
5438521.0	28.34266598792815	54.70646576551055
5452272.0	111.96800232710348	53.83358731557616
5464002.0	70.74497888557009	61.07901185813652
5470877.5	23.38941118258288	48.237416415110275
5479774.0	0.06174096429350593	0.9905744435251822
5493417.0	0.05142223864056151	1.3058364055800253
