#Insert size (bp)	insert size
2.0	2.0
3.0	1.0
4.0	1.0
6.0	4.0
7.0	1.0
8.0	4.0
9.0	2.0
10.0	5.0
11.0	6.0
12.0	4.0
13.0	11.0
14.0	7.0
15.0	10.0
16.0	7.0
17.0	5.0
18.0	10.0
19.0	286.0
20.0	82.0
21.0	47.0
22.0	36.0
23.0	25.0
24.0	24.0
25.0	20.0
26.0	18.0
27.0	35.0
28.0	48.0
29.0	60.0
30.0	48.0
31.0	53.0
32.0	47.0
33.0	71.0
34.0	54.0
35.0	59.0
36.0	65.0
37.0	90.0
38.0	69.0
39.0	55.0
40.0	88.0
41.0	70.0
42.0	95.0
43.0	75.0
44.0	66.0
45.0	101.0
46.0	94.0
47.0	119.0
48.0	110.0
49.0	100.0
50.0	102.0
51.0	132.0
52.0	92.0
53.0	107.0
54.0	100.0
55.0	104.0
56.0	117.0
57.0	125.0
58.0	122.0
59.0	124.0
60.0	103.0
61.0	114.0
62.0	127.0
63.0	123.0
64.0	142.0
65.0	156.0
66.0	133.0
67.0	146.0
68.0	160.0
69.0	120.0
70.0	147.0
71.0	154.0
72.0	162.0
73.0	149.0
74.0	131.0
75.0	210.0
76.0	128.0
77.0	154.0
78.0	152.0
79.0	161.0
80.0	215.0
81.0	181.0
82.0	141.0
83.0	178.0
84.0	144.0
85.0	121.0
86.0	171.0
87.0	180.0
88.0	182.0
89.0	223.0
90.0	184.0
91.0	207.0
92.0	154.0
93.0	211.0
94.0	203.0
95.0	201.0
96.0	206.0
97.0	214.0
98.0	182.0
99.0	209.0
100.0	225.0
101.0	208.0
102.0	211.0
103.0	202.0
104.0	211.0
105.0	227.0
106.0	222.0
107.0	220.0
108.0	227.0
109.0	275.0
110.0	329.0
111.0	303.0
112.0	276.0
113.0	286.0
114.0	312.0
115.0	282.0
116.0	344.0
117.0	340.0
118.0	328.0
119.0	335.0
120.0	6879.0
121.0	6550.0
122.0	6684.0
123.0	6542.0
124.0	6366.0
125.0	6456.0
126.0	6476.0
127.0	6421.0
128.0	6350.0
129.0	6399.0
130.0	6623.0
131.0	6589.0
132.0	6506.0
133.0	6442.0
134.0	6355.0
135.0	6178.0
136.0	6114.0
137.0	6138.0
138.0	6077.0
139.0	6290.0
140.0	6349.0
141.0	6292.0
142.0	6244.0
143.0	6208.0
144.0	5961.0
145.0	5981.0
146.0	6046.0
147.0	5921.0
148.0	5947.0
149.0	5798.0
150.0	5997.0
151.0	6033.0
152.0	6035.0
153.0	6161.0
154.0	5981.0
155.0	5984.0
156.0	5857.0
157.0	5625.0
158.0	5698.0
159.0	5696.0
160.0	5827.0
161.0	5698.0
162.0	5769.0
163.0	5741.0
164.0	5671.0
165.0	5623.0
166.0	5616.0
167.0	5363.0
168.0	5476.0
169.0	5486.0
170.0	5536.0
171.0	5382.0
172.0	5505.0
173.0	5619.0
174.0	5578.0
175.0	5499.0
176.0	5462.0
177.0	5373.0
178.0	5337.0
179.0	5270.0
180.0	5171.0
181.0	5173.0
182.0	5245.0
183.0	5267.0
184.0	5276.0
185.0	5185.0
186.0	5257.0
187.0	5199.0
188.0	5070.0
189.0	4982.0
190.0	5054.0
191.0	5004.0
192.0	4917.0
193.0	5157.0
194.0	4985.0
195.0	5076.0
196.0	4869.0
197.0	4990.0
198.0	4829.0
199.0	4908.0
200.0	4829.0
201.0	4925.0
202.0	4888.0
203.0	4743.0
204.0	4823.0
205.0	4953.0
206.0	4799.0
207.0	4653.0
208.0	4605.0
209.0	4714.0
210.0	4657.0
211.0	4628.0
212.0	4573.0
213.0	4684.0
214.0	4590.0
215.0	4653.0
216.0	4557.0
217.0	4578.0
218.0	4378.0
219.0	4430.0
220.0	4414.0
221.0	4412.0
222.0	4404.0
223.0	4476.0
224.0	4217.0
225.0	4408.0
226.0	4388.0
227.0	4241.0
228.0	4247.0
229.0	4230.0
230.0	4271.0
231.0	4254.0
232.0	4153.0
233.0	4183.0
234.0	4230.0
235.0	4124.0
236.0	4155.0
237.0	4240.0
238.0	4078.0
239.0	4082.0
240.0	4069.0
241.0	4016.0
242.0	3893.0
243.0	4015.0
244.0	3916.0
245.0	4031.0
246.0	3978.0
247.0	3889.0
248.0	3944.0
249.0	3975.0
250.0	3971.0
251.0	3871.0
252.0	3805.0
253.0	3860.0
254.0	3885.0
255.0	3821.0
256.0	3658.0
257.0	3696.0
258.0	3885.0
259.0	3658.0
260.0	3640.0
261.0	3694.0
262.0	3595.0
263.0	3579.0
264.0	3702.0
265.0	3516.0
266.0	3553.0
267.0	3628.0
268.0	3554.0
269.0	3560.0
270.0	3609.0
271.0	3506.0
272.0	3529.0
273.0	3575.0
274.0	3500.0
275.0	3438.0
276.0	3353.0
277.0	3408.0
278.0	3367.0
279.0	3413.0
280.0	3322.0
281.0	3244.0
282.0	3252.0
283.0	3278.0
284.0	3281.0
285.0	3303.0
286.0	3235.0
287.0	3300.0
288.0	3201.0
289.0	3215.0
290.0	3135.0
291.0	3215.0
292.0	3164.0
293.0	3180.0
294.0	3118.0
295.0	3117.0
296.0	3101.0
297.0	3139.0
298.0	3072.0
299.0	3003.0
300.0	3080.0
301.0	3032.0
302.0	2865.0
303.0	2937.0
304.0	3067.0
305.0	2887.0
306.0	2948.0
307.0	2901.0
308.0	2862.0
309.0	2986.0
310.0	3067.0
311.0	2871.0
312.0	2763.0
313.0	2820.0
314.0	2816.0
315.0	2855.0
316.0	2833.0
317.0	2686.0
318.0	2735.0
319.0	2786.0
320.0	2736.0
321.0	2771.0
322.0	2726.0
323.0	2701.0
324.0	2721.0
325.0	2551.0
326.0	2695.0
327.0	2623.0
328.0	2629.0
329.0	2635.0
330.0	2633.0
331.0	2519.0
332.0	2569.0
333.0	2587.0
334.0	2492.0
335.0	2445.0
336.0	2524.0
337.0	2493.0
338.0	2445.0
339.0	2521.0
340.0	2451.0
341.0	2448.0
342.0	2397.0
343.0	2495.0
344.0	2435.0
345.0	2356.0
346.0	2366.0
347.0	2373.0
348.0	2305.0
349.0	2374.0
350.0	2312.0
351.0	2382.0
352.0	2303.0
353.0	2310.0
354.0	2324.0
355.0	2295.0
356.0	2292.0
357.0	2270.0
358.0	2249.0
359.0	2187.0
360.0	2194.0
361.0	2139.0
362.0	2147.0
363.0	2186.0
364.0	2169.0
365.0	2103.0
366.0	2069.0
367.0	2130.0
368.0	2194.0
369.0	2121.0
370.0	2111.0
371.0	2136.0
372.0	2101.0
373.0	2060.0
374.0	2058.0
375.0	2021.0
376.0	2018.0
377.0	2046.0
378.0	1923.0
379.0	2043.0
380.0	1945.0
381.0	2060.0
382.0	1918.0
383.0	1967.0
384.0	1953.0
385.0	1961.0
386.0	1887.0
387.0	1919.0
388.0	1936.0
389.0	1864.0
390.0	1887.0
391.0	1817.0
392.0	1839.0
393.0	1853.0
394.0	1841.0
395.0	1797.0
396.0	1840.0
397.0	1833.0
398.0	1786.0
399.0	1789.0
400.0	1776.0
401.0	1735.0
402.0	1724.0
403.0	1763.0
404.0	1810.0
405.0	1802.0
406.0	1747.0
407.0	1645.0
408.0	1694.0
409.0	1761.0
410.0	1680.0
411.0	1650.0
412.0	1636.0
413.0	1646.0
414.0	1618.0
415.0	1626.0
416.0	1627.0
417.0	1621.0
418.0	1614.0
419.0	1573.0
420.0	1597.0
421.0	1542.0
422.0	1559.0
423.0	1542.0
424.0	1521.0
425.0	1548.0
426.0	1518.0
427.0	1568.0
428.0	1453.0
429.0	1478.0
430.0	1511.0
431.0	1408.0
432.0	1450.0
433.0	1487.0
434.0	1469.0
435.0	1391.0
436.0	1466.0
437.0	1497.0
438.0	1472.0
439.0	1409.0
440.0	1373.0
441.0	1330.0
442.0	1398.0
443.0	1411.0
444.0	1384.0
445.0	1320.0
446.0	1363.0
447.0	1376.0
448.0	1390.0
449.0	1280.0
450.0	1311.0
451.0	1259.0
452.0	1305.0
453.0	1247.0
454.0	1277.0
455.0	1327.0
456.0	1235.0
457.0	1245.0
458.0	1268.0
459.0	1208.0
460.0	1207.0
461.0	1199.0
462.0	1133.0
463.0	1249.0
464.0	1206.0
465.0	1209.0
466.0	1165.0
467.0	1178.0
468.0	1169.0
469.0	1209.0
470.0	1195.0
471.0	1105.0
472.0	1126.0
473.0	1077.0
474.0	1119.0
475.0	1061.0
476.0	1133.0
477.0	1176.0
478.0	1107.0
479.0	1089.0
480.0	1131.0
481.0	1069.0
482.0	1040.0
483.0	1078.0
484.0	1068.0
485.0	1013.0
486.0	1065.0
487.0	1028.0
488.0	1039.0
489.0	1041.0
490.0	1056.0
491.0	1000.0
492.0	1030.0
493.0	1041.0
494.0	995.0
495.0	1025.0
496.0	1016.0
497.0	986.0
498.0	908.0
499.0	979.0
500.0	963.0
501.0	1004.0
502.0	904.0
503.0	842.0
504.0	949.0
505.0	979.0
506.0	928.0
507.0	918.0
508.0	883.0
509.0	861.0
510.0	894.0
511.0	840.0
512.0	918.0
513.0	829.0
514.0	864.0
515.0	908.0
516.0	836.0
517.0	878.0
518.0	829.0
519.0	843.0
520.0	847.0
521.0	838.0
522.0	844.0
523.0	870.0
524.0	812.0
525.0	782.0
526.0	831.0
527.0	788.0
528.0	788.0
529.0	766.0
530.0	770.0
531.0	762.0
532.0	726.0
533.0	762.0
534.0	776.0
535.0	793.0
536.0	783.0
537.0	735.0
538.0	704.0
539.0	714.0
540.0	740.0
541.0	742.0
542.0	743.0
543.0	697.0
544.0	658.0
545.0	719.0
546.0	699.0
547.0	706.0
548.0	702.0
549.0	691.0
550.0	697.0
551.0	705.0
552.0	690.0
553.0	683.0
554.0	669.0
555.0	653.0
556.0	625.0
557.0	627.0
558.0	639.0
559.0	599.0
560.0	618.0
561.0	679.0
562.0	608.0
563.0	628.0
564.0	617.0
565.0	657.0
566.0	609.0
567.0	584.0
568.0	622.0
569.0	576.0
570.0	569.0
571.0	569.0
572.0	576.0
573.0	576.0
574.0	584.0
575.0	550.0
576.0	572.0
577.0	590.0
578.0	546.0
579.0	595.0
580.0	524.0
581.0	558.0
582.0	553.0
583.0	486.0
584.0	520.0
585.0	539.0
586.0	495.0
587.0	495.0
588.0	480.0
589.0	528.0
590.0	513.0
591.0	470.0
592.0	510.0
593.0	493.0
594.0	489.0
595.0	456.0
596.0	489.0
597.0	514.0
598.0	478.0
599.0	432.0
600.0	448.0
601.0	491.0
602.0	448.0
603.0	451.0
604.0	448.0
605.0	451.0
606.0	444.0
607.0	452.0
608.0	444.0
609.0	444.0
610.0	429.0
611.0	448.0
612.0	426.0
613.0	390.0
614.0	412.0
615.0	396.0
616.0	406.0
617.0	431.0
618.0	389.0
619.0	407.0
620.0	413.0
621.0	398.0
622.0	357.0
623.0	398.0
624.0	366.0
625.0	415.0
626.0	377.0
627.0	369.0
628.0	336.0
629.0	388.0
630.0	363.0
631.0	359.0
632.0	387.0
633.0	355.0
634.0	367.0
635.0	331.0
636.0	346.0
637.0	371.0
638.0	290.0
639.0	352.0
640.0	329.0
641.0	356.0
642.0	334.0
643.0	362.0
644.0	334.0
645.0	313.0
646.0	317.0
647.0	341.0
648.0	287.0
649.0	315.0
650.0	334.0
651.0	309.0
652.0	316.0
653.0	313.0
654.0	322.0
655.0	313.0
656.0	313.0
657.0	290.0
658.0	307.0
659.0	300.0
660.0	279.0
661.0	268.0
662.0	255.0
663.0	276.0
664.0	257.0
665.0	226.0
666.0	255.0
667.0	277.0
668.0	287.0
669.0	293.0
670.0	257.0
671.0	255.0
672.0	264.0
673.0	248.0
674.0	241.0
675.0	241.0
676.0	241.0
677.0	260.0
678.0	256.0
679.0	248.0
680.0	233.0
681.0	239.0
682.0	207.0
683.0	253.0
684.0	229.0
685.0	205.0
686.0	232.0
687.0	249.0
688.0	237.0
689.0	249.0
690.0	248.0
691.0	220.0
692.0	218.0
693.0	217.0
694.0	217.0
695.0	196.0
696.0	220.0
697.0	190.0
698.0	199.0
699.0	190.0
700.0	209.0
701.0	203.0
702.0	198.0
703.0	202.0
704.0	192.0
705.0	204.0
706.0	170.0
707.0	173.0
708.0	226.0
709.0	208.0
710.0	215.0
711.0	190.0
712.0	174.0
713.0	150.0
714.0	182.0
715.0	176.0
716.0	163.0
