#Position (bp)	mapping quality
6876.0	59.97949159861469
20627.0	59.99258971885778
34378.0	59.99484600457279
48129.0	59.99816919414191
61880.0	59.236286297709384
75631.0	59.996804677334424
89382.0	59.99787495832379
103133.0	59.94225519740853
116884.0	59.995860779180354
130635.0	59.74742699269594
144386.0	59.990765973596396
158137.0	59.99219388382769
171888.0	59.99757966440243
185639.0	59.99765206860179
199390.0	59.99386759215324
213141.0	59.99455538210216
226892.0	59.99911147345726
240643.0	59.996941565362455
254394.0	59.989211124830184
268145.0	59.98662311218032
281896.0	59.994490474283026
295647.0	59.724954333276436
309398.0	59.99297270370609
323149.0	59.998257746860126
336900.0	59.9976634724852
350651.0	59.98386383306087
364402.0	59.997748240278824
378153.0	59.993671045510965
391904.0	59.995966418395426
405655.0	59.986542688671015
419406.0	59.99680003643324
433157.0	59.33483581184832
446908.0	59.459347894801695
460659.0	59.995065372368906
474410.0	59.97797925340638
488161.0	59.99824493542633
501912.0	59.99362764015522
515663.0	59.991960016616595
529414.0	59.99845019506366
543165.0	59.997403894640584
556916.0	59.986673489660156
570667.0	59.99574329120235
584418.0	59.734639669307796
598169.0	59.69726446557759
611920.0	59.99876325439824
625671.0	59.82828579510915
639422.0	59.99672645499174
653173.0	59.97698033423118
666924.0	59.99524597088873
680675.0	59.99852392031125
694426.0	59.712097300020744
708177.0	59.989882591876864
721928.0	59.99064150810445
735679.0	59.40827306651646
749430.0	59.99516585016362
763181.0	59.835875450802796
776932.0	59.32380756363456
790683.0	59.84664050816298
804434.0	58.13676708225495
818185.0	59.017067045446225
831936.0	59.99519847377976
845687.0	59.998797220849326
859438.0	59.98732803980395
873189.0	59.98366072031272
886940.0	59.98870690558026
900691.0	59.98049709392051
914442.0	59.995728086547324
928193.0	59.988519212482345
941944.0	59.699147499255396
955695.0	59.995198478554045
969446.0	59.95197738235595
983197.0	59.9855023536294
996948.0	59.9982660160827
1010699.0	59.99247555082586
1024450.0	59.99417620279047
1038201.0	59.96492268896887
1051952.0	59.99584011414049
1065703.0	59.99126545625984
1079454.0	59.98689424771937
1093205.0	59.99602347436982
1106956.0	59.99533435694714
1120707.0	59.998734404644736
1134458.0	59.998288223536676
1148209.0	59.98649143355154
1161960.0	59.9890442547285
1175711.0	59.99605154959908
1189462.0	59.97609511258778
1203213.0	59.99199253154246
1216964.0	59.995554964836145
1230715.0	59.99559920591349
1244466.0	59.99740182948263
1258217.0	59.98982030120784
1271968.0	59.987004999728484
1285719.0	59.98860430833347
1299470.0	59.94747130428046
1313221.0	59.988790843349136
1326972.0	59.996032453281906
1340723.0	59.97534503370861
1354474.0	59.99575727284087
1368225.0	59.99712288091084
1381976.0	59.996625962492324
1395727.0	59.99736452483822
1409478.0	59.67154977114383
1423229.0	59.99748360466822
1436980.0	59.9995028239386
1450731.0	59.9969595457838
1464482.0	59.997451938873354
1478233.0	59.99521154722112
1491984.0	59.99695407047896
1505735.0	59.99680542816076
1519486.0	59.99568645539787
1533237.0	59.992683727394414
1546988.0	59.99291407345282
1560739.0	59.97520260386855
1574490.0	59.98817454972457
1588241.0	58.629390765871975
1601992.0	59.99574256784473
1615743.0	59.99757892177563
1629494.0	59.22133675967667
1643245.0	59.98934623402252
1656996.0	59.99801435791452
1670747.0	59.991619054851796
1684498.0	59.996704480638826
1698249.0	59.997208879821976
1712000.0	59.99519881744965
1725751.0	59.98524410628855
1739502.0	59.994830530639874
1753253.0	59.94550724398671
1767004.0	59.99244402459852
1780755.0	59.99784315880127
1794506.0	59.995011353642354
1808257.0	59.99578432366001
1822008.0	59.99673946702126
1835759.0	59.98724550037796
1849510.0	59.98380282362147
1863261.0	59.99506266472483
1877012.0	59.0107331703623
1890763.0	59.999485111130184
1904514.0	58.337297218025014
1918265.0	59.001803961180656
1932016.0	59.64683852085467
1945767.0	59.982913528898074
1959518.0	55.97779525724925
1973269.0	59.62894956071842
1987020.0	59.99835641478254
2000771.0	59.979364697309876
2014522.0	59.696530832530556
2028273.0	59.99862609881965
2042024.0	59.99302626566453
2055775.0	59.994839524234195
2069526.0	59.996556313751014
2083277.0	59.52117538726375
2097028.0	59.99788060677607
2110779.0	59.998654459256436
2124530.0	59.525467137282234
2138281.0	59.98147732854331
2152032.0	59.997858787772095
2165783.0	59.9913107969762
2179534.0	59.996920108395585
2193285.0	59.99784345798098
2207036.0	59.997666208580675
2220787.0	59.99599473555986
2234538.0	59.996767157337544
2248289.0	59.995321911156665
2262040.0	59.973507587453135
2275791.0	59.99348601561288
2289542.0	59.99318646085677
2303293.0	59.90483305155459
2317044.0	59.9882045094577
2330795.0	59.73881573371345
2344546.0	59.68400551568649
2358297.0	59.971801237053185
2372048.0	59.9827779829887
2385799.0	59.9988967853162
2399550.0	59.983012711773554
2413301.0	59.987146986595725
2427052.0	59.99323712259532
2440803.0	59.99574658553983
2454554.0	59.604711445258765
2468305.0	59.31139340194619
2482056.0	59.48940907346544
2495807.0	55.94120220054339
2509558.0	59.99755158783679
2523309.0	59.99433453411891
2537060.0	59.99688569682534
2550811.0	59.57828141916222
2564562.0	59.9844623063047
2578313.0	59.97298744717662
2592064.0	59.99750105215719
2605815.0	59.98971890430609
2619566.0	59.99559049199837
2633317.0	59.98956356622795
2647068.0	59.99568508548488
2660819.0	59.99740901130281
2674570.0	59.11548020236957
2688321.0	59.99418368161052
2702072.0	59.96063180775398
2715823.0	59.996609793873475
2729574.0	59.985838313396286
2743325.0	59.993633839260355
2757076.0	59.995065171110205
2770827.0	59.98688492914876
2784578.0	59.98969682546132
2798329.0	59.998309518421536
2812080.0	59.998365668353514
2825831.0	59.99399286516323
2839582.0	59.50181694984476
2853333.0	59.98934465017235
2867084.0	59.99423646766525
2880835.0	59.99745801096291
2894586.0	59.99800194235768
2908337.0	59.774488068482945
2922088.0	59.98645749883719
2935839.0	59.99765765693498
2949590.0	59.9983073361703
2963341.0	59.994846296941645
2977092.0	59.99579837318342
2990843.0	59.99677001003254
3004594.0	59.99342100092994
3018345.0	59.98936653182673
3032096.0	59.804928868603696
3045847.0	59.99788497660769
3059598.0	59.73158054311575
3073349.0	59.99423391863482
3087100.0	59.995216977516534
3100851.0	59.996112450996335
3114602.0	59.99459861115978
3128353.0	59.99713837833251
3142104.0	59.996062266554794
3155855.0	59.99714162766433
3169606.0	59.9989781361729
3183357.0	59.99687167266077
3197108.0	59.99122198061951
3210859.0	59.98521155599001
3224610.0	59.99760659525421
3238361.0	59.996765868267346
3252112.0	59.98670540961062
3265863.0	59.991319352067926
3279614.0	59.99730357764282
3293365.0	59.99607448896548
3307116.0	59.61963671695089
3320867.0	59.99341248945488
3334618.0	59.13935914589192
3348369.0	59.872533260040434
3362120.0	59.946226249768245
3375871.0	59.94545282829535
3389622.0	59.99807133085646
3403373.0	59.98454852315524
3417124.0	59.99580849719118
3430875.0	59.99674911198418
3444626.0	59.12135791666129
3458377.0	59.99854509278474
3472128.0	59.087212291104855
3485879.0	59.99329038292321
3499630.0	59.99687784779641
3513381.0	59.61516185332848
3527132.0	59.98496602128478
3540883.0	59.977901709079646
3554634.0	59.996603268292034
3568385.0	59.99629840790031
3582136.0	59.99410341148
3595887.0	59.384512146659404
3609638.0	59.99222381403621
3623389.0	59.987765776681094
3637140.0	59.99815517977825
3650891.0	59.848186328629005
3664642.0	59.99285555432002
3678393.0	59.99908726365607
3692144.0	59.9960246570445
3705895.0	59.99697679104165
3719646.0	59.94746207238584
3733397.0	59.99031785973742
3747148.0	59.99776550088358
3760899.0	59.987130483619005
3774650.0	59.98645513681916
3788401.0	59.7046635117421
3802152.0	59.997208222672995
3815903.0	59.98695455356041
3829654.0	59.98593447754476
3843405.0	59.994504101072245
3857156.0	59.97602473728184
3870907.0	59.99261570221368
3884658.0	58.63640702497828
3898409.0	59.99850579549881
3912160.0	59.99373954868704
3925911.0	59.99346284365077
3939662.0	59.99672098087719
3953413.0	59.95505874957196
3967164.0	59.99615294515734
3980915.0	59.99451295232044
3994666.0	59.99809260254326
4008417.0	59.994081946132056
4022168.0	59.99833253235848
4035919.0	59.946946358200535
4049670.0	59.98635685183869
4063421.0	59.99401664497486
4077172.0	59.99745660045647
4090923.0	58.998822075932196
4104674.0	59.98760019534561
4118425.0	59.83662902542142
4132176.0	59.98723196659119
4145927.0	59.99577875532918
4159678.0	59.405869548124286
4173429.0	59.73162963619465
4187180.0	59.87711716899962
4200931.0	59.98580435114134
4214682.0	59.99467095432037
4228433.0	59.82458887276819
4242184.0	59.943650583537405
4255935.0	59.99057110352673
4269686.0	59.99829523961977
4283437.0	59.95682895359618
4297188.0	59.99762737691303
4310939.0	59.98536200480475
4324690.0	14.691240730932204
4338441.0	59.997242743470245
4352192.0	59.99565321219569
4365943.0	59.98844228371076
4379694.0	59.99729272257474
4393445.0	59.998054440669186
4407196.0	59.998273196541966
4420947.0	59.99699289588066
4434698.0	59.99333818795885
4448449.0	59.991397654318185
4462200.0	59.9858302189549
4475951.0	59.98392603325743
4489702.0	59.99523061970416
4503453.0	59.99706967413949
4517204.0	59.996108976484585
4530955.0	59.9950971320626
4544706.0	59.98960015231883
4558457.0	59.9950363834015
4572208.0	59.99832985386221
4585959.0	59.99521440708281
4599710.0	59.99602416414115
4613461.0	59.997261768661154
4627212.0	59.99536342527869
4640963.0	59.97743672461867
4654714.0	59.994331947040514
4668465.0	59.99197056931966
4682216.0	59.818279260070305
4695967.0	59.34144998148472
4709718.0	59.99707927243127
4723469.0	59.99030853816013
4737220.0	59.960878615504704
4750971.0	59.99493675040172
4764722.0	59.41315507262794
4778473.0	59.174459460141655
4792224.0	59.97629489641856
4805975.0	59.99691326846754
4819726.0	59.99630637770044
4833477.0	59.99452183706883
4847228.0	59.984093886767205
4860979.0	59.97913385122074
4874730.0	59.996766687078996
4888481.0	58.39161321772661
4902232.0	59.99136957093203
4915983.0	59.99355412805246
4929734.0	59.97039266235352
4943485.0	59.99219048893726
4957236.0	59.624106400253474
4970987.0	59.99879197927337
4984738.0	59.99357766643103
4998489.0	59.99757715375144
5012240.0	59.997582536575216
5025991.0	59.981635611384355
5039742.0	59.9985848316167
5053493.0	59.99845509323259
5067244.0	59.966073952099485
5076613.5	59.99829555924083
5083489.0	0.0
5094746.0	56.044037928416294
5108497.0	58.22191309610563
5122248.0	58.88606957363581
5135999.0	59.523809523809526
5149750.0	57.00394218134034
5163501.0	60.0
5177252.0	0.0
5191003.0	0.0
5204754.0	0.0
5218505.0	0.0
5232256.0	26.79365404298874
5246007.0	0.0
5255740.0	0.0
5262615.5	50.780746285248455
5273509.0	59.71051868102835
5287260.0	59.998702367841645
5301011.0	59.999010299151706
5314762.0	59.9363074453173
5328513.0	59.99853440043356
5342264.0	57.43850472420856
5356015.0	59.998476770753996
5369766.0	59.99837577619721
5383517.0	59.98285843743822
5397268.0	59.99622023789296
5411019.0	59.99655677767584
5421994.0	59.766866517120135
5428869.5	50.79527803373639
5438521.0	57.27554266947195
5452272.0	57.14137816366083
5464002.0	57.61603405628197
5470877.5	31.705394541992806
5479774.0	52.77856301531213
5493417.0	45.53735632183908
