#Position (bp)	Coverage	Std
94.0	775.8983957219251	318.40788760283647
281.0	1039.7379679144385	54.22221065524953
468.0	998.2994652406417	44.444702167998656
655.0	796.6470588235294	91.88192841932204
842.0	861.3048128342245	50.09184078638979
1029.0	896.475935828877	44.84149148153661
1216.0	810.2513368983957	465.94888521850083
1403.0	263.32085561497325	17.918412840332255
1590.0	271.7005347593583	36.37880031418655
1777.0	329.96791443850265	33.57663435086289
1964.0	290.9465240641711	26.387790889375164
2151.0	290.45454545454544	25.124183547539992
2338.0	254.67914438502675	38.083920842502216
2525.0	301.7379679144385	31.505707826812177
2712.0	276.2139037433155	22.9628856559245
2899.0	270.5935828877005	21.81901736368033
3086.0	300.0	88.70036082618375
3273.0	670.716577540107	69.83016065353439
3460.0	554.3689839572193	116.50714329388859
3647.0	287.6951871657754	23.816365199939593
3834.0	301.379679144385	31.53463421510096
4021.0	296.9251336898396	28.10284778231443
4208.0	320.0534759358289	33.94065282870235
4395.0	265.80213903743316	25.187001146186
4582.0	279.70588235294116	23.612966618224178
4769.0	277.98930481283423	24.59261660425439
4956.0	309.475935828877	24.01926588573941
5143.0	315.72727272727275	27.991881940045687
5330.0	312.89304812834223	27.470840155035745
5517.0	329.5935828877005	30.272470330203397
5704.0	329.72192513368987	31.67372095176819
5891.0	310.3529411764706	23.207619069773127
6078.0	285.3850267379679	18.09156745100379
6265.0	284.73262032085563	24.411906448915197
6452.0	297.5935828877005	22.402850277024136
6639.0	278.32620320855614	20.453547212718142
6826.0	290.24598930481284	15.361943393100653
7013.0	289.01069518716577	18.042730030454656
7200.0	320.4812834224599	21.399310299246004
7387.0	301.7860962566845	33.335356444844074
7574.0	232.8181818181818	38.14263969059885
7761.0	244.70053475935828	24.025610221679383
7948.0	262.3636363636364	18.948000896345597
8135.0	153.40641711229947	71.21331966981825
8322.0	285.2834224598931	21.683306376128773
8509.0	282.096256684492	19.743272055154602
8696.0	264.5668449197861	31.230127371097552
8883.0	304.7647058823529	29.680382977479336
9070.0	293.27807486631013	21.37755832643195
9257.0	298.2566844919786	21.387186928296305
9444.0	338.6898395721925	69.00251874810724
9631.0	357.7005347593583	107.30378187313849
9818.0	127.23529411764706	60.01537236230479
10005.0	24.299465240641712	12.912705677527018
10192.0	12.62566844919786	6.10732881386304
10379.0	54.93582887700535	32.07561253953066
10566.0	192.7058823529412	77.20650827350048
10753.0	321.94117647058823	61.16122290443333
10940.0	297.0534759358289	21.438258569232783
11127.0	282.13903743315507	16.189717473496998
11314.0	281.5668449197861	27.851784954176523
11501.0	308.26737967914437	16.80447483057849
11688.0	294.6951871657754	23.75228668980425
11875.0	294.9144385026738	27.88920017911987
12062.0	291.3368983957219	20.919760123776936
12249.0	308.9197860962567	27.296549310820744
12436.0	305.3155080213904	19.48124011908745
12623.0	289.4598930481283	21.068261858872066
12810.0	211.8716577540107	35.24239971920064
12997.0	133.88770053475935	57.915113984239795
13184.0	194.74866310160428	104.02408709134228
13371.0	107.70588235294117	59.230087021345405
13558.0	273.05882352941177	18.36542322010243
13745.0	303.951871657754	28.231756685716515
13932.0	278.4064171122995	17.973242143672486
14119.0	328.668449197861	36.53545637038792
14306.0	327.9732620320856	29.619873369002086
14493.0	292.49732620320856	23.198169760002834
14680.0	281.02139037433153	17.215836509968803
14867.0	320.70588235294116	25.489643487771534
15054.0	297.58288770053474	24.357849101146428
15241.0	272.8770053475936	28.038838609832574
15428.0	295.9144385026738	31.877271335662986
15615.0	313.96791443850265	27.330420261272213
15802.0	303.2139037433155	17.602260428493807
15989.0	271.63101604278074	22.73340024349679
16176.0	285.2245989304813	58.436216885166886
16363.0	279.11764705882354	50.63885975855956
16550.0	306.85561497326205	31.26957141146449
16737.0	322.7967914438503	31.495607027521892
16924.0	304.58288770053474	70.11792969113625
17111.0	337.7433155080214	27.654669563440933
17298.0	315.6417112299465	24.980206067748345
17485.0	291.5614973262032	24.16210848893407
17672.0	276.94117647058823	28.880354331450903
17859.0	183.2566844919786	34.88238450368752
18046.0	211.49732620320856	26.815970179810577
18233.0	164.8342245989305	58.14080272215436
18420.0	233.58288770053477	27.64490263522787
18607.0	276.331550802139	19.20965109488382
18794.0	289.32620320855614	17.813502059252038
18981.0	320.1818181818182	17.345806563766043
19168.0	277.9946524064171	29.041644448953978
19355.0	270.13903743315507	24.548108392877324
19542.0	265.06951871657753	9.986889801857034
19729.0	254.27807486631016	23.890794324926393
19916.0	330.2139037433155	23.05503761346497
20103.0	341.0267379679144	17.39798377893814
20290.0	337.6417112299465	24.54974214879241
20477.0	322.36898395721926	21.331481091604942
20664.0	279.6149732620321	23.098950134718205
20851.0	281.19786096256684	14.008591710490961
21038.0	303.6363636363636	25.784172071481414
21225.0	282.59893048128345	22.86498385372314
21412.0	278.19786096256684	18.997888990523645
21599.0	265.096256684492	25.7170951695019
21786.0	256.7647058823529	32.629421453421806
21973.0	276.1818181818182	35.499416279000094
22160.0	313.6096256684492	28.61630738107812
22347.0	246.8288770053476	28.19707194568546
22534.0	209.46524064171123	26.660571941664806
22721.0	212.7379679144385	56.03866121529083
22908.0	274.2032085561497	16.325237180021514
23095.0	280.3475935828877	22.066743676188096
23282.0	274.2834224598931	22.762902552625498
23469.0	300.14438502673795	22.33040659781018
23656.0	186.03208556149733	75.6694189390063
23843.0	61.3903743315508	26.100484557142742
24030.0	17.513368983957218	4.7278897170376775
24217.0	24.176470588235293	12.555545039142924
24404.0	122.1336898395722	37.273451147268446
24591.0	357.9465240641711	161.35951489803242
24778.0	272.67914438502675	79.25485190701029
24965.0	62.88770053475936	35.44190094007359
25152.0	15.005347593582888	5.990634401693977
25339.0	33.25668449197861	11.776892084322393
25526.0	147.8716577540107	64.61275018625207
25713.0	444.06417112299465	144.0237836865137
25900.0	307.1818181818182	22.93597226039072
26087.0	292.2245989304813	25.179887568611452
26274.0	274.37433155080214	17.42516466597569
26461.0	255.08021390374333	13.535653059358285
26648.0	274.0855614973262	16.3432433830641
26835.0	318.1283422459893	17.086599183505143
27022.0	315.55080213903744	24.8605737733915
27209.0	318.29411764705884	23.334581071808113
27396.0	309.11764705882354	19.401196280443706
27583.0	305.60427807486633	29.940314959817055
27770.0	286.0	30.191899611303715
27957.0	312.18716577540107	19.861014401287004
28144.0	298.90909090909093	29.057567792045234
28331.0	271.7914438502674	27.056684407425056
28518.0	302.88770053475935	28.503494485079518
28705.0	287.6844919786096	26.061014381413436
28892.0	283.1016042780749	17.984842102574717
29079.0	265.13903743315507	13.479435713922902
29266.0	272.7486631016043	24.562590572148057
29453.0	267.7433155080214	22.35242752013262
29640.0	268.7967914438503	23.600734149733867
29827.0	299.39572192513367	23.88183925055406
30014.0	303.8181818181818	25.346476091704996
30201.0	303.9465240641711	29.181526644886112
30388.0	314.94117647058823	26.46943550668926
30575.0	294.88235294117646	26.69685234505547
30762.0	314.27807486631013	19.512507986274752
30949.0	297.29411764705884	22.55415348826452
31136.0	317.1711229946524	16.074359294789165
31323.0	332.01604278074865	17.057468137192274
31510.0	310.67379679144386	25.306041214009184
31697.0	304.86096256684493	29.45521389615859
31884.0	313.2299465240642	25.120671335420983
32071.0	306.5668449197861	29.562405667959464
32258.0	293.97860962566847	26.765669607142602
32445.0	284.7433155080214	24.54691023609777
32632.0	302.7914438502674	29.52548070218659
32819.0	305.3422459893048	21.165252524798774
33006.0	286.28877005347596	18.211766778593084
33193.0	285.2085561497326	17.84079924350541
33380.0	285.57754010695186	26.95787960369434
33567.0	252.33689839572193	18.709287350272792
33754.0	307.60427807486633	36.954300437914
33941.0	334.8716577540107	29.34990821620162
34128.0	326.620320855615	26.114310621789915
34315.0	296.2192513368984	16.66515144627493
34502.0	298.8449197860963	27.084537886280604
34689.0	313.1336898395722	15.709426986897943
34876.0	305.42245989304814	21.13238131652358
35063.0	314.75935828877004	26.573075513496672
35250.0	326.1283422459893	21.139212619216273
35437.0	292.3582887700535	16.73975063544537
35624.0	279.4064171122995	37.59081694665046
35811.0	256.668449197861	25.491007117222008
35998.0	257.98930481283423	25.500445628904618
36185.0	256.2085561497326	16.292283531592552
36372.0	264.4812834224599	19.3246953473366
36559.0	214.44385026737967	38.31469747734868
36746.0	261.80213903743316	25.08914587310049
36933.0	270.71122994652404	23.492631681348573
37120.0	293.27272727272725	16.056551131068137
37307.0	296.67379679144386	24.46234692567953
37494.0	279.80213903743316	24.652558956457383
37681.0	289.3903743315508	17.499121444715264
37868.0	290.3048128342246	21.03968747861685
38055.0	283.5882352941176	23.26733727690425
38242.0	294.16042780748666	18.585544379787347
38429.0	261.6577540106952	29.700915558728806
38616.0	275.75935828877004	39.64386918095114
38803.0	198.63636363636363	47.66589381470862
38990.0	219.25133689839572	37.23354533744697
39177.0	244.75935828877004	26.55223889570021
39364.0	259.4438502673797	23.05225405708307
39551.0	265.45454545454544	29.810273504567345
39738.0	313.6149732620321	27.029692526458167
39925.0	294.3529411764706	21.675289659383484
40112.0	293.4652406417112	21.95669047658361
40299.0	304.572192513369	29.151365989219688
40486.0	315.3422459893048	20.519066391078788
40673.0	274.72192513368987	23.064777415341727
40860.0	277.9572192513369	33.173825130617445
41047.0	284.7486631016043	31.030948842989954
41234.0	250.5133689839572	31.584620233495272
41421.0	268.96791443850265	28.5594417177569
41608.0	306.7005347593583	26.851144430345194
41795.0	295.1283422459893	15.094532777999127
41982.0	276.7005347593583	23.594502214697204
42169.0	287.63101604278074	22.975224973149814
42356.0	281.06417112299465	10.484008703862939
42543.0	282.03743315508024	12.87392589362064
42730.0	305.7807486631016	30.664913148347882
42917.0	293.18716577540107	23.37373634663772
43104.0	290.9144385026738	28.827070610799147
43291.0	294.14973262032083	12.479287652780924
43478.0	298.88235294117646	26.373195759055363
43665.0	276.45454545454544	22.904124748203824
43852.0	269.83422459893046	24.034289230670506
44039.0	264.096256684492	12.673607255063997
44226.0	272.6631016042781	24.630640454479998
44413.0	280.0802139037433	11.287681989934352
44600.0	278.37433155080214	16.230953461438208
44787.0	268.3636363636364	17.732263112197952
44974.0	283.4438502673797	21.01412817339081
45161.0	291.4598930481283	18.689411912820134
45348.0	277.620320855615	23.90231904261544
45535.0	255.11764705882354	15.40851906878286
45722.0	276.5614973262032	40.68267707395545
45909.0	298.9732620320856	29.356284571625597
46096.0	263.3475935828877	25.803038414958976
46283.0	285.19786096256684	14.41237584647681
46470.0	250.8342245989305	29.525661819548592
46657.0	256.70588235294116	23.317845636629762
46844.0	271.72192513368987	33.88696214192949
47031.0	288.1764705882353	29.232517971462368
47218.0	289.96256684491976	30.15858264162741
47405.0	279.3850267379679	23.5975617339184
47592.0	289.19251336898395	19.062380007512274
47779.0	286.3475935828877	20.110789399408787
47966.0	292.59893048128345	22.254483415383156
48153.0	256.1016042780749	24.86971398703221
48340.0	253.20855614973263	30.045687136559575
48527.0	261.1336898395722	16.172697664045632
48714.0	264.4919786096257	18.42458250929218
48901.0	264.9946524064171	24.80145760767378
49088.0	245.12299465240642	12.9880652744046
49275.0	256.2139037433155	23.19113789802794
49462.0	310.24598930481284	23.499004416275838
49649.0	306.85026737967917	25.365457163479288
49836.0	324.4064171122995	23.344318778909134
50023.0	289.93048128342247	30.60565115061166
50210.0	330.3048128342246	21.235501502535158
50397.0	240.92513368983958	40.22496896633046
50584.0	256.75401069518716	24.64127661808495
50771.0	237.40641711229947	24.228193238324348
50958.0	104.16042780748663	46.60575347191044
51145.0	24.63101604278075	16.15599092537343
51332.0	10.11229946524064	5.22386543217529
51519.0	57.3475935828877	27.02454815919327
51706.0	185.40641711229947	45.000178252766396
51893.0	313.59893048128345	30.03046581399209
52080.0	247.59893048128342	30.18764842857184
52267.0	254.28877005347593	23.199898579900097
52454.0	211.02139037433156	24.926415771397117
52641.0	269.2032085561497	24.887554607304146
52828.0	315.4866310160428	21.245572045741756
53015.0	330.7379679144385	26.279757769987082
53202.0	351.90909090909093	28.766625046701993
53389.0	291.4064171122995	25.247968097415875
53576.0	297.4385026737968	22.89618514333011
53763.0	281.32085561497325	16.551653067030184
53950.0	275.2566844919786	18.345029488988843
54137.0	280.4385026737968	24.78301557443254
54324.0	278.2566844919786	19.40560589383787
54511.0	269.44919786096256	33.973408915929824
54698.0	324.2352941176471	16.099290846971943
54885.0	318.13903743315507	13.121603201904783
55072.0	305.75401069518716	24.954182614273755
55259.0	295.4652406417112	27.180226376583942
55446.0	311.4438502673797	25.341095536591393
55633.0	272.379679144385	23.643633188965012
55820.0	269.2192513368984	32.47870548775663
56007.0	274.4331550802139	43.453952516483554
56194.0	283.572192513369	35.74403955397833
56381.0	284.27272727272725	28.556258386702726
56568.0	269.75935828877004	23.46005821712307
56755.0	282.4919786096257	25.678597592772583
56942.0	271.75401069518716	32.742636025582
57129.0	242.86096256684493	25.83679753668922
57316.0	244.5614973262032	27.704031637723
57503.0	259.8181818181818	21.99112606640356
57690.0	263.2352941176471	13.816985594155053
57877.0	290.90909090909093	45.40607040855355
58064.0	375.3636363636364	22.415736451022546
58251.0	352.54545454545456	34.724430826965005
58438.0	353.06417112299465	22.741631827593714
58625.0	337.4117647058824	26.229957971509815
58812.0	295.2513368983957	17.836002765541693
58999.0	313.3155080213904	18.026569813786807
59186.0	361.3048128342246	24.738093338656608
59373.0	489.3903743315508	185.9860411069364
59560.0	722.0909090909091	142.04236018019955
59747.0	437.80748663101605	31.959784221528235
59934.0	427.2032085561497	34.60479704621332
60121.0	427.3048128342246	31.935513231316694
60308.0	383.4331550802139	27.72515990898175
60495.0	371.11229946524065	22.556050209855464
60682.0	375.5187165775401	37.13776923488146
60869.0	423.5668449197861	37.82693491875338
61056.0	379.7860962566845	41.61152144031179
61243.0	390.048128342246	24.96478803657707
61430.0	437.72727272727275	31.729555715174293
61617.0	376.7165775401069	30.595253205629287
61804.0	371.3636363636364	22.263012177824304
61991.0	343.4331550802139	36.264698292499226
62178.0	334.27807486631013	27.468698763587238
62365.0	343.048128342246	16.96063387979002
62552.0	380.28877005347596	21.661345843305952
62739.0	475.11764705882354	68.05746235217838
62926.0	532.620320855615	36.3809317158506
63113.0	618.7379679144385	117.73710858505025
63300.0	775.75935828877	63.32798082269943
63487.0	488.42245989304814	130.6128090286437
63674.0	597.6737967914438	224.68050994868727
63861.0	921.2085561497327	97.31675499182545
64048.0	757.0267379679144	188.162064632712
64235.0	776.9732620320856	173.93543273110936
64422.0	1159.7486631016043	57.64375195142594
64609.0	1151.8716577540106	73.19569403775401
64796.0	884.7754010695187	277.12355591079177
64983.0	599.2566844919786	241.2075126755445
65170.0	283.0802139037433	16.731442749224808
65357.0	308.0267379679144	14.645544667564565
65544.0	278.90909090909093	27.495648659145527
65731.0	306.57754010695186	24.514756005966824
65918.0	307.80748663101605	27.544907426486184
66105.0	288.0267379679144	29.19077943937209
66292.0	245.55614973262033	22.867673280931392
66479.0	298.37433155080214	29.94567273427033
66666.0	300.9946524064171	28.312333625014233
66853.0	311.9465240641711	26.600832281619844
67040.0	348.29411764705884	57.15243712667656
67227.0	266.73262032085563	22.656231214264647
67414.0	250.7379679144385	23.453218882188153
67601.0	262.3475935828877	25.64181494740155
67788.0	279.90909090909093	26.132324728617842
67975.0	290.6898395721925	25.191671656633087
68162.0	292.37433155080214	20.308581995644154
68349.0	270.13903743315507	16.974028604277336
68536.0	288.5614973262032	27.586228448267445
68723.0	277.8449197860963	24.657222260945616
68910.0	247.50267379679144	24.494569953752002
69097.0	268.6898395721925	23.64397244870423
69284.0	285.55080213903744	21.52613136517576
69471.0	298.8983957219251	26.82424476013948
69658.0	297.5882352941176	28.798395677240254
69845.0	199.9572192513369	81.87109993976871
70032.0	285.03208556149735	35.044967293754524
70219.0	316.3475935828877	20.65944903003479
70406.0	315.97860962566847	30.275119945270912
70593.0	300.7486631016043	26.694548703457844
70780.0	230.5614973262032	46.09313983779967
70967.0	292.29411764705884	34.97508662593959
71154.0	373.0	32.56946504743284
71341.0	299.9572192513369	48.24575013840193
71528.0	330.2245989304813	37.40621069996905
71715.0	283.03743315508024	14.404767481747648
71902.0	323.1550802139037	26.71257189650967
72089.0	835.8823529411765	222.95294580422282
72276.0	945.7433155080214	65.3630339198582
72463.0	895.475935828877	42.53919237245256
72650.0	945.6684491978609	50.88568503200585
72837.0	982.3422459893048	46.31807030051713
73024.0	834.0427807486631	180.26227179034444
73211.0	661.5454545454545	157.79474585100044
73398.0	268.7165775401069	74.33505589396803
73585.0	216.85026737967914	60.214278691094286
73772.0	160.86096256684493	48.284639556615716
73959.0	249.5668449197861	57.97454724568575
74146.0	134.24064171122996	29.672994978869983
74333.0	188.28342245989305	39.5652172635549
74520.0	68.37967914438502	33.71356222760903
74624.0	11.142857142857142	4.180453381654971
