# Position (bp)	A	C	G	T	N
0.0	14.603524610509181	26.6648964725033	51.35621886526705	7.371319391130172	0.0040406605902827885
1.0	14.68722766963116	33.267156452534444	23.844453550178045	28.20116232765636	0.0
2.0	16.665321232110525	34.37719834396227	25.536540080495428	23.42094034343178	0.0
3.0	11.769784669579183	42.50257579158824	16.49082212360346	29.236817415229115	0.0
4.0	31.372830791692774	19.095930884237998	18.94475452523151	30.586483798837723	0.0
5.0	28.836341722386432	16.560392573248773	42.457026429821795	12.146239274543003	0.0
6.0	23.360770929532222	25.727478704792496	35.3537729084808	15.557977457194482	0.0
7.0	26.867741972463914	25.738556247205697	32.946429594983435	14.447272185346952	0.0
8.0	9.303497977749515	49.69637598964241	25.995371166030772	15.004754866577297	0.0
9.0	21.46002370577356	33.44518183015443	18.118311278565745	26.976483185506268	0.0
10.0	16.484742388356846	18.93785970091191	47.14413208389112	17.433265826840124	0.0
11.0	18.146323058629836	32.80949876520626	25.366436476721848	23.677741699442056	0.0
12.0	13.477078166253301	29.220051889865474	36.97495799663973	20.327911947241496	0.0
13.0	14.156218763387121	41.830072825931744	25.13665571897758	18.877052691703554	0.0
14.0	21.0334315270261	30.79856591537074	33.0969833984152	15.071019159187962	0.0
15.0	22.191293237199964	29.7760564022999	30.309961668339874	17.72268869216026	0.0
16.0	20.68639134227767	30.136673870031533	29.563635741613968	19.613299046076826	0.0
17.0	20.278711883727556	29.949843260188086	30.328868623539467	19.442576232544884	0.0
18.0	20.26876911946497	29.64606559151423	31.18758580616494	18.897579482855857	0.0
19.0	19.827895302975975	30.547445463185873	30.895752588115442	18.72890664572271	0.0
20.0	19.971533490848017	30.723333997551883	30.117566682797687	19.187565828802413	0.0
21.0	19.713088146519812	30.778386505233662	30.15364989692131	19.354875451325213	0.0
22.0	19.29238833181404	30.545806745670006	30.728122151321784	19.433682771194167	0.0
23.0	19.235174453390773	30.084163860254943	31.154304209332672	19.526357477021612	0.0
24.0	19.31845383975287	30.504291723186704	30.730561856668988	19.446692580391442	0.0
25.0	19.100758396533042	30.961395905799165	30.0672863089468	19.87055938872099	0.0
26.0	19.655270817875692	30.598139375606415	29.89270018834541	19.85388961817248	0.0
27.0	19.705398551552396	30.247766786228325	30.374563066870756	19.672271595348516	0.0
28.0	19.693211562860768	30.18391303850858	30.320504760707305	19.80237063792335	0.0
29.0	19.780326649695375	30.126712622636653	31.083779068104462	19.009181659563517	0.0
30.0	19.58423004716333	30.570882366408718	30.593777187600164	19.251110398827787	0.0
31.0	20.016387618752937	31.46136303732481	29.47422101511557	19.048028328806684	0.0
32.0	19.935193416109882	30.662690333495828	30.223381986063718	19.178734264330572	0.0
33.0	19.498490535716336	31.179907480744284	30.155997107338408	19.16560487620097	0.0
34.0	19.61671653448345	30.33820142769358	30.237125776014057	19.807956261808908	0.0
35.0	19.59530131144903	30.489753226900223	30.15987954438353	19.75506591726722	0.0
36.0	19.98089659418497	29.99925197507351	30.826682624531763	19.193168806209755	0.0
37.0	20.10390926946715	30.10143249641444	30.03864917949693	19.756009054621483	0.0
38.0	20.138728723649617	30.734812491351075	29.711933207251256	19.41452557774805	0.0
39.0	19.77008575616625	30.327443127387728	31.00783693632345	18.894634180122573	0.0
40.0	19.964986884526052	30.52727671916708	30.322166884294944	19.185569512011924	0.0
41.0	19.45034035637655	30.326707420752196	30.67487146269382	19.548080760177434	0.0
42.0	19.831790641906373	30.27305059023876	30.619432119646433	19.27572664820843	0.0
43.0	20.139150601536453	30.468763588925928	30.28844760110161	19.103638208436006	0.0
44.0	19.136687307399907	30.67209090434268	30.46723114332639	19.72399064493103	0.0
45.0	19.48137988748896	30.317541494258215	30.427379236598632	19.773699381654193	0.0
46.0	19.5559201913174	30.364655157365544	30.74868643845899	19.330738212858066	0.0
47.0	19.209036256873894	30.730962811072793	30.340082952744897	19.71933544598751	5.825333209059558E-4
48.0	19.57132695066062	30.29573309388593	31.20532226277798	18.927034622695416	5.830699800590067E-4
49.0	19.57970929893176	30.391103846827388	30.214815247212655	19.813204132858562	0.001167474169633997
50.0	19.76401524896508	30.543536730827704	30.340061276516128	19.351802044109736	5.846995813550997E-4
51.0	19.759455202337524	29.949818186076744	30.699910410530567	19.58847399270402	0.002342208351143876
52.0	19.755482584730856	30.7945350064501	30.013486572065208	19.434736718658378	0.0017591180954614751
53.0	19.95677783454602	30.21851858376937	30.810474328030395	19.012467480605817	0.0017617730483959055
54.0	19.432160331200603	30.620177832141515	31.290576778321416	18.65473278133233	0.0023522770041400076
55.0	19.8234227017858	30.125335720680397	30.604179427979076	19.444117231305658	0.0029449182490694057
56.0	19.76382039968855	30.171295094731377	30.571809451902887	19.48953589882736	0.0035391548498218627
57.0	19.69308556509823	30.40969178608135	30.577443324788245	19.315644603007716	0.004134721024465735
58.0	19.516407599309154	30.153547684955168	30.081978848747248	20.245699955047673	0.002365911940757565
59.0	19.706195948347354	30.297358132922643	30.219760691861154	19.773131145598864	0.003554081269991707
60.0	19.62489242365789	30.61340772175565	30.511321482624567	19.24681722408523	0.0035611478766655784
61.0	20.118286920082028	30.554284185811515	29.912919428180818	19.409754212857017	0.004755253068624245
62.0	20.385332134628094	30.366339404259374	30.072220006072907	19.17253615465679	0.0035723003828315243
63.0	20.188023073389843	30.260261633629405	30.231032158387965	19.315314455466805	0.005368679125979038
64.0	19.45466491458607	30.52204037749373	30.566240592521805	19.450483813164496	0.006570302233902759
65.0	19.8596075474408	30.706211139237478	29.744528823539973	19.68486502336882	0.004787466412930946
66.0	19.84333421235586	29.522570901157913	31.300793517608422	19.32850670054899	0.004794668328818354
67.0	20.37701867082908	29.80128474515219	30.325388725460765	19.492705769346223	0.0036020892117428105
68.0	18.90957206868553	30.493489309235255	30.488076263795747	20.104652211830512	0.004210146452951613
69.0	19.43855293919163	30.83982068400376	30.666891615049046	19.05111951989588	0.0036152418596804127
70.0	20.12097942625326	30.25511928909495	29.830725393605718	19.788950062783734	0.0042258282623394185
71.0	19.39666642475264	30.322713307690446	30.64808766964221	19.62829910249897	0.004233495415729249
72.0	20.024594583133933	29.956323412710432	30.012054980403086	20.002786578384633	0.004240445367919214
73.0	19.616484256915484	29.40226661567692	31.34776828801923	19.62983871457275	0.003642124815617431
74.0	19.824361882636275	30.33832231540665	30.882022027744497	18.95286111330726	0.002432660905314756
75.0	20.00974747936276	31.02561759420025	29.826068415120776	19.13552042401535	0.003046087300862043
76.0	20.171561145369072	29.99267354539349	30.305268941937847	19.525612064228586	0.004884303071005556
77.0	19.976634799469085	30.513606253555242	30.031622535797077	19.475078138857796	0.0030582723208005336
78.0	19.3696675492792	30.247867019711677	30.812984211042465	19.565803667745417	0.0036775522212415413
79.0	19.70947223654805	28.95147228566517	31.61914585328716	19.716225840516714	0.003683783982907242
80.0	19.78370796884804	30.53556269147012	29.83858069119945	19.837842493140908	0.004306155341478118
81.0	19.69621345164371	30.37064423699048	29.78217333703053	20.146039375173306	0.004929599161968142
82.0	19.15028965994293	30.866385859159802	29.918351717578467	20.06064948058846	0.0043232827303383275
83.0	19.906888631621957	30.35901118698422	30.235192877970867	19.49457366260749	0.004333640815467383
84.0	19.741815360744763	29.25120248254461	31.150969743987588	19.852288595810705	0.0037238169123351436
85.0	19.914848058560633	30.23827604665928	30.224582020989203	19.621671418078606	6.224557122760716E-4
86.0	19.693377095006927	30.500056158041204	30.488824549799702	19.315870262445245	0.0018719347069174226
87.0	19.35056162909964	31.358041678132743	30.106571936056838	19.182323068070946	0.0025016886398318864
88.0	19.378620326487624	30.26969081471451	30.726698262243286	19.62373680383159	0.0012537927229870358
89.0	19.507705452557907	29.830436066418297	30.72066242390355	19.939939562614263	0.0012564945059777726
90.0	19.257448510927844	30.516686302552245	30.3787100798246	19.84526502145247	0.0018900852428444523
91.0	19.462803128909556	29.778979692416563	30.573844034726346	20.18310944864974	0.001263695297789797
92.0	19.301335495805986	31.605255822204203	30.011910493905376	19.08086465117458	6.335369098603684E-4
93.0	19.674006291106664	30.743176691132078	30.154735805293427	19.42808121246783	0.0
94.0	20.126311227806315	29.914475445148298	30.56833679595192	19.39023923932855	6.372917649158137E-4
95.0	19.614587862203013	29.84834147464259	30.581698677783177	19.95537198537122	0.0
96.0	19.05278217967883	30.605580398673226	30.85066114058781	19.490976281060135	0.0
97.0	19.785346142214618	29.594049403846522	30.826893503117496	19.79371095082136	0.0
98.0	19.727030324942376	30.562531877667233	30.690365358417964	19.020072438972424	0.0
99.0	20.161671643337844	30.413830180002204	30.05563939969039	19.368211054039524	6.477229300394464E-4
100.0	19.902347686446355	29.94584262503982	30.404847507655496	19.74631203229938	6.50148558945719E-4
101.0	20.047752937262295	29.929088192890553	30.366823451128262	19.65633541871889	0.0
102.0	19.49702010609732	30.07400615626433	31.360927369179382	19.06804636845897	0.0
103.0	19.564688476080878	30.33831990794016	30.07529179681078	20.02104224889035	6.575702778234424E-4
104.0	19.631456282475355	30.430936016532307	30.397924218115552	19.539023246908446	6.602359683350829E-4
105.0	20.05700838553578	30.854794338934738	29.96851281031454	19.11968446521494	0.0
106.0	20.468038657117756	29.868746838476078	29.863422166608984	19.799126753813795	6.655839833870238E-4
107.0	19.48662086663637	29.664652891015532	30.862893955999894	19.985832286348206	0.0
108.0	19.146280076512635	30.304372629954024	31.006409611060775	19.542937682472566	0.0
109.0	20.11560070599965	29.88035731127309	30.818097303997522	19.18594467872974	0.0
110.0	19.428335555119467	30.70666332834841	30.44884591180073	19.41615520473139	0.0
111.0	19.368692874859843	30.719309571540215	30.455642010125377	19.45635554347457	0.0
112.0	19.38651562713252	29.242527637505116	31.08298075610755	20.28797597925481	0.0
113.0	19.39238562673942	29.518377867043228	31.57072154206825	19.518514964149105	0.0
114.0	19.628767745755475	30.34093882103466	30.677609021935197	19.352684411274666	0.0
115.0	19.916186050371355	29.903323513547154	30.28020967318092	19.90028076290057	0.0
116.0	19.6726893676164	30.52605976372481	30.266157053509378	19.53509381514941	0.0
117.0	19.49125329833722	30.386586063914443	30.514331187959847	19.60782944978849	0.0
118.0	20.488338345706534	29.646610163550584	30.25650732227106	19.608544168471823	0.0
119.0	19.47896497095582	30.07780320366133	30.808660447104387	19.634571378278473	0.0
120.0	20.297173247335554	29.771780564218986	30.8297795599686	19.10126662847686	0.0
121.0	19.6486690069783	30.10119242193829	31.11382726226176	19.13631130882165	0.0
122.0	19.30637240906755	30.806400959287387	30.32961228801462	19.557614343630448	0.0
123.0	19.812423366771114	30.071058273520574	30.133440410718254	19.983077948990054	0.0
124.0	20.06340742875671	29.10689195518248	31.121518896134308	19.708181719926504	0.0
125.0	19.50868202578189	29.707076629101252	31.19159808626293	19.59264325885393	0.0
126.0	19.349230366339803	29.280268862571653	31.237815346116914	20.13268542497163	0.0
127.0	20.039324323336576	29.510054016124432	30.95511325843682	19.49550840210217	0.0
128.0	19.91213828669659	30.42395480558025	30.178588482475412	19.485318425247755	0.0
129.0	19.992030343728324	29.75190755198725	30.425638679398435	19.83042342488599	0.0
130.0	19.789904744947922	30.28576515623609	30.19451615774949	19.729813941066503	0.0
131.0	19.87139798742326	29.588906211536887	31.006959726086663	19.53199012360414	7.459513490530148E-4
132.0	19.700299250748127	29.83357458393646	31.376328440821098	19.089047722619306	7.500018750046876E-4
133.0	20.158278700273858	30.527117864067417	29.762883720228437	19.550965288832224	7.544265980641414E-4
134.0	19.68822302294709	30.122510904608387	30.53138630760478	19.657879764839752	0.0
135.0	19.83431952662722	29.68963542660813	30.632563466310366	19.842718075968698	7.635044855888529E-4
136.0	19.82724834587217	30.11088996303668	30.206180021363416	19.85491320151542	7.684682123123977E-4
137.0	19.880664933135215	29.442948241703814	30.688150074294207	19.987462852897476	7.738979692917285E-4
138.0	20.120330753703833	29.83485695136113	31.10129137343839	18.942741577236912	7.793442597398548E-4
139.0	19.831127518359974	29.130895809606095	31.0560421003024	19.981149118328556	7.854534029768683E-4
140.0	19.90155826450866	30.171361539558994	30.635036380641377	19.291251208725015	7.926065659527923E-4
141.0	19.61621322911077	29.948502735041366	30.92078391170982	19.513699233547705	8.00890590336454E-4
142.0	19.987195487625005	29.458482584242347	30.777023193996467	19.775677909784918	0.0016208243512650534
143.0	20.22146773755991	28.632144882977233	31.02767935680639	20.117063867218008	0.0016441554384551513
144.0	20.198268289622288	28.189233278955957	32.22570795164596	19.3859539047141	8.365750616974108E-4
145.0	19.942228736489323	28.428775917783096	32.02876563209819	19.599372573221217	8.571404081702625E-4
146.0	20.362131862265326	27.46151792864134	32.66215855503158	19.513301895186405	8.897588753447815E-4
147.0	21.798611045136283	25.258647716584804	32.59863764618702	20.34410359209189	0.0
148.0	23.967452659381856	21.29316037233476	34.945789933329074	19.79253200417492	0.0010650307793895243
149.0	28.49103157661279	9.359319120623216	40.7224640292756	21.427185273488398	0.0
150.0	32.94853718716955	0.0	35.410057572553164	31.641405240277287	0.0
