#Position (bp)	Coverage	Std
210.0	0.0	0.0
629.0	0.0	0.0
1048.0	62.24821002386635	111.52110580770257
1467.0	4.41527446300716	16.34108399871267
1886.0	9.58233890214797	20.73885818128579
2305.0	0.0	0.0
2724.0	0.0	0.0
3143.0	0.0	0.0
3562.0	0.0	0.0
3981.0	128.94749403341288	220.91083958318129
4400.0	295.48210023866346	138.75044131173235
4819.0	301.4439140811456	236.08868322824938
5238.0	631.1479713603819	241.22601034470927
5657.0	372.4200477326969	219.68657430709686
6076.0	499.07398568019096	302.56395603910494
6495.0	86.28400954653938	19.462036970854122
6914.0	84.18854415274463	11.966640185405806
7333.0	80.82577565632458	13.457792234899042
7752.0	272.54653937947495	180.36370044757015
8171.0	502.48926014319807	220.49377761421547
8590.0	72.31264916467781	50.33389706070277
9009.0	6.751789976133652	8.291094224332165
9428.0	0.0	0.0
9847.0	0.0	0.0
10266.0	0.0	0.0
10685.0	0.0	0.0
11104.0	0.0	0.0
11523.0	0.0	0.0
11942.0	0.0	0.0
12361.0	0.0	0.0
12780.0	0.0	0.0
13199.0	0.0	0.0
13618.0	0.0	0.0
14037.0	0.0	0.0
14456.0	0.0	0.0
14875.0	0.0	0.0
15294.0	0.0	0.0
15713.0	0.0	0.0
16132.0	0.0	0.0
16551.0	0.0	0.0
16970.0	0.649164677804296	3.222830253809334
17389.0	0.11217183770883055	1.3262540784737507
17808.0	0.0	0.0
18227.0	0.0	0.0
18646.0	0.0	0.0
19065.0	0.0	0.0
19484.0	0.0	0.0
19903.0	0.7255369928400954	3.4071383719246753
20322.0	0.5441527446300716	2.5553537789435063
20741.0	0.0	0.0
21160.0	0.0	0.0
21579.0	0.0	0.0
21998.0	0.0	0.0
22417.0	0.0	0.0
22836.0	0.0	0.0
23255.0	0.0	0.0
23674.0	0.18138424821002386	0.8517845929811688
24093.0	0.0	0.0
24512.0	0.45346062052505964	2.129461482452922
24931.0	0.0	0.0
25350.0	0.3627684964200477	1.7035691859623376
25769.0	0.0	0.0
26188.0	0.0	0.0
26607.0	0.0	0.0
27026.0	0.0	0.0
27445.0	0.0	0.0
27864.0	0.0	0.0
28283.0	0.0	0.0
28702.0	0.0	0.0
29121.0	0.0	0.0
29540.0	0.0	0.0
29959.0	0.0	0.0
30378.0	0.0	0.0
30797.0	0.6014319809069213	2.686481671421388
31216.0	0.0	0.0
31635.0	0.0	0.0
32054.0	0.0	0.0
32473.0	0.0	0.0
32892.0	0.0	0.0
33311.0	0.0	0.0
33730.0	0.0	0.0
34149.0	0.0	0.0
34568.0	0.0	0.0
34987.0	0.0	0.0
35406.0	0.0	0.0
35825.0	0.0	0.0
36244.0	0.0	0.0
36663.0	0.0	0.0
37082.0	0.0	0.0
37501.0	0.0	0.0
37920.0	0.028639618138424822	0.23933080929301528
38339.0	0.06682577565632458	0.365583849906761
38758.0	0.0	0.0
39177.0	0.0	0.0
39596.0	0.0	0.0
40015.0	0.0	0.0
40434.0	0.0	0.0
40853.0	0.0	0.0
41272.0	0.5441527446300716	2.5553537789435063
41691.0	0.3627684964200477	1.7035691859623376
42110.0	0.0	0.0
42529.0	0.0	0.0
42948.0	0.0	0.0
43367.0	0.0	0.0
43786.0	0.0	0.0
44205.0	0.0	0.0
44624.0	0.0	0.0
45043.0	0.0	0.0
45462.0	0.0	0.0
45881.0	0.0	0.0
46300.0	0.0	0.0
46719.0	0.0	0.0
47138.0	0.0	0.0
47557.0	0.0	0.0
47976.0	0.0	0.0
48395.0	0.0	0.0
48814.0	0.0	0.0
49233.0	0.0	0.0
49652.0	0.0	0.0
50071.0	0.0	0.0
50490.0	0.0	0.0
50909.0	0.0	0.0
51328.0	0.0	0.0
51747.0	0.0	0.0
52166.0	0.0	0.0
52585.0	0.0	0.0
53004.0	0.3794749403341289	1.737553762839858
53423.0	0.0	0.0
53842.0	0.0	0.0
54261.0	0.0	0.0
54680.0	0.0	0.0
55099.0	0.0	0.0
55518.0	0.0	0.0
55937.0	0.0	0.0
56356.0	0.0	0.0
56775.0	0.0	0.0
57194.0	0.0	0.0
57613.0	0.5441527446300716	2.5553537789435063
58032.0	0.0	0.0
58451.0	0.0	0.0
58870.0	0.0	0.0
59289.0	0.0	0.0
59708.0	0.0	0.0
60127.0	0.0	0.0
60546.0	0.9474940334128878	3.068431922498389
60965.0	0.0	0.0
61384.0	0.0	0.0
61803.0	0.0	0.0
62222.0	0.0	0.0
62641.0	0.0	0.0
63060.0	0.0	0.0
63479.0	0.0	0.0
63898.0	0.0	0.0
64317.0	0.0	0.0
64736.0	0.0	0.0
65155.0	0.0	0.0
65574.0	0.3627684964200477	1.7035691859623376
65993.0	0.0	0.0
66412.0	0.0	0.0
66831.0	0.0	0.0
67250.0	0.0	0.0
67669.0	0.0	0.0
68088.0	0.0	0.0
68507.0	0.0	0.0
68926.0	0.0	0.0
69345.0	0.0	0.0
69764.0	0.0	0.0
70183.0	0.0	0.0
70602.0	0.0	0.0
71021.0	0.0	0.0
71440.0	0.18138424821002386	0.8517845929811688
71859.0	0.0	0.0
72278.0	0.0	0.0
72697.0	0.0	0.0
73116.0	0.0	0.0
73535.0	0.0	0.0
73954.0	0.0	0.0
74373.0	0.0	0.0
74792.0	0.0	0.0
75211.0	0.0	0.0
75630.0	0.0	0.0
76049.0	0.0	0.0
76468.0	0.0	0.0
76887.0	0.0	0.0
77306.0	0.0	0.0
77725.0	0.0	0.0
78144.0	0.0	0.0
78563.0	0.0	0.0
78982.0	0.0	0.0
79401.0	0.0	0.0
79820.0	0.0	0.0
80239.0	0.0	0.0
80658.0	0.0	0.0
81077.0	0.0	0.0
81496.0	0.0	0.0
81915.0	0.0	0.0
82334.0	0.0	0.0
82753.0	0.5011933174224343	2.23873472618449
83172.0	3.1455847255369926	5.62660743407462
83591.0	3.3579952267303104	10.749923682917203
84010.0	0.0	0.0
84429.0	0.0	0.0
84848.0	0.0	0.0
85267.0	0.0	0.0
85686.0	0.0	0.0
86105.0	358.6801909307876	135.09200436000924
86524.0	204.28400954653938	215.57207567092084
86943.0	0.0	0.0
87362.0	0.0	0.0
87781.0	0.0	0.0
88200.0	0.0	0.0
88619.0	0.0	0.0
89038.0	0.6443914081145584	2.5384865729693322
89457.0	0.0	0.0
89876.0	2.6443914081145583	11.126523386621313
90295.0	0.0	0.0
90714.0	0.0	0.0
91133.0	0.0	0.0
91552.0	0.0	0.0
91971.0	0.0	0.0
92390.0	0.0	0.0
92809.0	0.0	0.0
93228.0	0.0	0.0
93647.0	0.0	0.0
94066.0	0.0	0.0
94485.0	0.9093078758949881	4.259203147989921
94904.0	0.0	0.0
95323.0	0.0	0.0
95742.0	0.0	0.0
96161.0	0.0	0.0
96580.0	0.0	0.0
96999.0	0.0	0.0
97418.0	0.0	0.0
97837.0	2.200477326968974	7.088933861558879
98256.0	0.0	0.0
98675.0	0.0	0.0
99094.0	0.0	0.0
99513.0	0.0	0.0
99932.0	0.0	0.0
100351.0	0.18138424821002386	0.8517845929811688
100770.0	0.0	0.0
101189.0	0.0	0.0
101608.0	0.0	0.0
102027.0	0.45346062052505964	2.129461482452922
102446.0	0.0	0.0
102865.0	0.0	0.0
103284.0	0.0	0.0
103703.0	0.0	0.0
104122.0	0.0	0.0
104541.0	0.0	0.0
104960.0	0.0	0.0
105379.0	0.0	0.0
105798.0	0.0	0.0
106217.0	0.0	0.0
106636.0	0.0	0.0
107055.0	0.0	0.0
107474.0	0.0	0.0
107893.0	0.2720763723150358	1.2776768894717532
108312.0	0.0	0.0
108731.0	0.0	0.0
109150.0	0.0	0.0
109569.0	0.2720763723150358	1.2776768894717532
109988.0	0.18138424821002386	0.8517845929811688
110407.0	0.0	0.0
110826.0	0.45346062052505964	2.129461482452922
111245.0	0.0	0.0
111664.0	0.0	0.0
112083.0	0.0	0.0
112502.0	0.0	0.0
112921.0	0.0	0.0
113340.0	0.0	0.0
113759.0	0.0	0.0
114178.0	0.0	0.0
114597.0	0.0	0.0
115016.0	0.0	0.0
115435.0	0.7255369928400954	3.4071383719246753
115854.0	0.0	0.0
116273.0	0.0	0.0
116692.0	0.0	0.0
117111.0	0.0	0.0
117530.0	0.0	0.0
117949.0	0.0	0.0
118368.0	0.0	0.0
118787.0	0.0	0.0
119206.0	0.0	0.0
119625.0	0.0	0.0
120044.0	0.0	0.0
120463.0	0.0	0.0
120882.0	0.0	0.0
121301.0	0.0	0.0
121720.0	0.0	0.0
122139.0	0.0	0.0
122558.0	0.0	0.0
122977.0	10.257756563245824	22.727817741349686
123396.0	0.0	0.0
123815.0	0.0	0.0
124234.0	0.0	0.0
124653.0	21.694510739856803	42.1504578605266
125072.0	27.24821002386635	20.684584323587895
125491.0	11.98090692124105	8.14823875137464
125910.0	52.64916467780429	47.39122704630736
126329.0	0.0	0.0
126748.0	0.0	0.0
127167.0	0.0	0.0
127586.0	0.0	0.0
128005.0	0.0	0.0
128424.0	0.2720763723150358	1.2776768894717532
128843.0	0.0	0.0
129262.0	0.0	0.0
129681.0	0.0	0.0
130100.0	0.0	0.0
130519.0	0.0	0.0
130938.0	0.3723150357995227	1.2203524667890382
131357.0	0.2720763723150358	1.2776768894717532
131776.0	0.0	0.0
132195.0	0.0	0.0
132614.0	0.45346062052505964	2.129461482452922
133033.0	0.0	0.0
133452.0	0.0	0.0
133871.0	0.0	0.0
134290.0	0.0	0.0
134709.0	0.0	0.0
135128.0	0.0	0.0
135547.0	0.3818615751789976	1.7478251060766865
135966.0	0.0	0.0
136385.0	0.0	0.0
136804.0	0.22911694510739858	1.6581324860483202
137223.0	0.8400954653937948	3.005166593216305
137642.0	0.0	0.0
138061.0	0.0	0.0
138480.0	0.0	0.0
138899.0	0.0	0.0
139318.0	0.0	0.0
139737.0	0.0	0.0
140156.0	0.0	0.0
140575.0	0.0	0.0
140994.0	0.0	0.0
141413.0	0.0	0.0
141832.0	0.0	0.0
142251.0	0.0	0.0
142670.0	0.0	0.0
143089.0	1.4510739856801909	4.6748706157992235
143508.0	0.0	0.0
143927.0	0.7255369928400954	3.4071383719246753
144346.0	0.6682577565632458	3.0586939356342016
144765.0	0.0	0.0
145184.0	0.0	0.0
145603.0	0.0	0.0
146022.0	0.0	0.0
146441.0	0.0	0.0
146860.0	0.0	0.0
147279.0	0.0	0.0
147698.0	0.0	0.0
148117.0	0.0	0.0
148536.0	0.0	0.0
148955.0	0.630071599045346	2.7497016544607438
149374.0	0.0	0.0
149793.0	0.0	0.0
150212.0	0.0	0.0
150631.0	0.0	0.0
151050.0	0.7971360381861575	3.561260670834481
151469.0	0.0	0.0
151888.0	0.0	0.0
152307.0	0.0	0.0
152726.0	0.0	0.0
153145.0	0.6348448687350835	2.981246075434091
153564.0	0.0	0.0
153983.0	0.0	0.0
154402.0	0.2720763723150358	1.2776768894717532
154821.0	0.0	0.0
155240.0	0.0	0.0
155659.0	0.0	0.0
156078.0	0.0	0.0
156497.0	0.0	0.0
156916.0	0.4105011933174224	2.4948634582713463
157335.0	0.8591885441527446	4.540982829703926
157754.0	0.0	0.0
158173.0	0.0	0.0
158592.0	0.0	0.0
159011.0	0.0	0.0
159430.0	0.0	0.0
159849.0	0.0	0.0
160268.0	0.0	0.0
160687.0	14.33890214797136	31.04927179880837
161106.0	24.80668257756563	17.96482907049827
161525.0	3.892601431980907	3.3499189602993074
161944.0	17.458233890214796	12.922755641315637
162363.0	0.0	0.0
162782.0	0.0	0.0
163201.0	0.0	0.0
163620.0	0.0	0.0
164039.0	0.6014319809069213	2.686481671421388
164458.0	0.0	0.0
164877.0	0.0	0.0
165296.0	0.0	0.0
165715.0	0.45346062052505964	2.129461482452922
166134.0	0.0	0.0
166553.0	0.0	0.0
166972.0	0.0	0.0
167339.0	0.0	0.0
