# Position (bp)	A	C	G	T	N
0.0	11.86291739894552	27.396992774848663	55.04784221831673	5.692247607889085	0.0
1.0	12.06829268292683	33.34634146341464	26.117073170731707	28.468292682926826	0.0
2.0	15.449519930171663	34.74929686742314	28.164096595868486	21.63708660653671	0.0
3.0	9.801095416546556	43.89353319880849	18.401076198712403	27.894686268857498	0.009608917075045643
4.0	28.12203903733182	22.787568694333903	21.309456130377107	27.780936137957173	0.0
5.0	28.016759776536315	17.82122905027933	44.88826815642458	9.273743016759777	0.0
6.0	20.018535681186282	29.054680259499538	36.61723818350324	14.309545875810937	0.0
7.0	28.504241977130214	27.29620066396164	32.18369605311693	12.015861305791221	0.0
8.0	7.086541987532087	51.78767876787679	26.33846718005134	14.787312064539787	0.0
9.0	20.88860621479193	34.55387970198074	18.807922951117572	25.749591132109757	0.0
10.0	14.575116529221944	18.66260308354249	50.179275726066685	16.583004661168875	0.0
11.0	15.119079475515118	36.642583177236645	27.803050575327802	20.435286771920435	0.0
12.0	13.338658146964857	30.93716719914803	38.24991125310614	17.474263400780973	0.0
13.0	12.195552417931522	43.4962936816096	24.302859159901168	20.005294740557712	0.0
14.0	21.28665207877462	32.96280087527352	31.133479212253828	14.61706783369803	0.0
15.0	19.73160173160173	30.164502164502167	34.81385281385281	15.29004329004329	0.0
16.0	20.38634011728182	29.21697136943774	32.131769575715765	18.26491893756468	0.0
17.0	21.32114168518202	32.498718167834554	28.653221671509144	17.52691847547428	0.0
18.0	18.564650059311983	32.67242840196577	30.71513302830029	18.047788510421963	0.0
19.0	18.625876785261557	32.97557677681062	31.395250570438606	17.003295867489225	0.0
20.0	16.381562315665292	33.59737086036909	33.310862054436676	16.710204769528946	0.0
21.0	16.911209859981554	34.58539448310556	31.676029177496435	16.82736647941645	0.0
22.0	18.67479946524064	30.28910427807487	33.39739304812834	17.63870320855615	0.0
23.0	17.687697686032962	30.68919593807225	32.12085899783586	19.502247378058932	0.0
24.0	18.31921607706361	32.51951503072579	30.617837568510215	18.543431323700382	0.0
25.0	17.64851894754261	33.74979314909813	29.207347344034417	19.39434055932484	0.0
26.0	16.716171617161717	32.16996699669967	34.364686468646866	16.74917491749175	0.0
27.0	19.072292129286947	31.88584587548318	31.35948679990131	17.68237519532856	0.0
28.0	18.189266693977878	33.81401065137239	29.913969684555507	18.082752970094223	0.0
29.0	15.932536433600786	34.97625675454397	31.513017848370723	17.578188963484525	0.0
30.0	17.316476345840133	33.776508972267536	33.727569331158236	15.179445350734094	0.0
31.0	18.05984712961457	30.460237436981625	34.68043584322654	16.799479590177267	0.0
32.0	18.820384023333066	30.23576116017176	33.1848011018391	17.75905371465608	0.0
33.0	17.414099048233584	33.39248265849331	32.15841264720116	17.035005646071948	0.0
34.0	16.591422121896162	32.965172524991935	32.34440503063528	18.09900032247662	0.0
35.0	18.89694041867955	32.05314009661836	31.980676328502415	17.06924315619968	0.0
36.0	19.261340826977115	31.577679646728225	30.95142513046969	18.20955439582497	0.0
37.0	18.796511162679046	31.215491718012323	33.19196607185725	16.796031047451386	0.0
38.0	18.680793435832072	32.510156934597305	32.38269736318012	16.426352266390502	0.0
39.0	18.191937663989822	33.99061779438658	31.668919456150114	16.148525085473484	0.0
40.0	19.55681728570302	29.658544278842363	33.065215676997084	17.19895907262834	0.5204636858291932
41.0	17.5834582905848	34.653934180411966	30.960460894956988	16.80214663404625	0.0
42.0	17.932071886628137	30.551816958277257	34.17781648325548	17.338294671839126	0.0
43.0	17.3434655267949	33.119607377503364	32.193461568906834	17.3434655267949	0.0
44.0	16.370980516394738	33.05084745762712	32.99540630445113	16.830350071281483	0.752415650245525
45.0	16.16600790513834	32.83794466403162	33.63636363636363	17.359683794466406	0.0
46.0	16.38284452853989	31.283506780195523	34.19268369599495	18.14096499526963	0.0
47.0	16.764240506329113	31.32120253164557	33.662974683544306	18.24367088607595	0.007911392405063292
48.0	15.609217171717171	33.42013888888889	34.20138888888889	16.76925505050505	0.0
49.0	17.421189855415975	30.757683495299045	33.33333333333333	18.48779331595165	0.0
50.0	18.661916072842438	33.436262866191605	31.71021377672209	16.18368962787015	0.007917656373713382
51.0	17.294601867975302	32.39670729776793	33.006173816685134	17.294601867975302	0.007915149596327371
52.0	19.138490775199937	32.1244754137303	31.950273180774406	16.78676063029535	0.0
53.0	19.307947543055775	32.058777057987044	30.97645757623637	17.656817822720807	0.0
54.0	17.285318559556785	33.383458646616546	33.86624455876534	15.464978235061338	0.0
55.0	17.109516675865333	33.154616415674525	32.445005124970436	17.29086178348971	0.0
56.0	16.544725041302808	33.8447014396979	33.946975060970814	15.66359845802848	0.0
57.0	18.9344909234412	33.67008681925809	30.702446724546174	16.692975532754538	0.0
58.0	17.54690209679962	30.655841084660256	32.70534447422355	19.09191234431657	0.0
59.0	18.30209481808159	31.359269176248226	31.997164907859503	18.34147109781068	0.0
60.0	17.102156461514245	31.40248701400913	34.57421690539903	16.921139619077604	0.0
61.0	16.475487115022	33.60307982401006	32.45600251414205	17.465430546825896	0.0
62.0	20.268783401446086	31.358063502043382	32.67054385413392	15.702609242376612	0.0
63.0	19.601982222921418	32.384173680484544	32.17179265318965	15.834185479430504	0.007865963973884999
64.0	19.14641842852635	31.847585989271067	31.88703060902493	17.118964973177658	0.0
65.0	17.0752926289149	33.05124960455552	32.410629547611514	17.462828218918062	0.0
66.0	16.703627435450656	37.4544590527483	30.51639474101061	15.325518770790433	0.0
67.0	18.977696642590683	33.39947614890071	32.200968330819904	15.421858877688704	0.0
68.0	16.838433486602188	31.393689551292216	33.6213730775329	18.1465038845727	0.0
69.0	18.290747500396762	31.455324551658464	33.954927789239804	16.299000158704967	0.0
70.0	20.502025577885455	29.93089204861387	32.99706092620542	16.570021447295257	0.0
71.0	17.333758571200768	32.34731302822516	31.964598947536278	18.354329453037792	0.0
72.0	18.668261562998406	34.72089314194577	30.69377990430622	15.917065390749602	0.0
73.0	16.43091185167426	30.86390154239591	33.34132502197714	19.363861583952687	0.0
74.0	19.108586060654556	31.01544370648956	31.84764343442426	18.028326798431625	0.0
75.0	17.71492668856662	31.92853136767887	32.585530005608526	17.771011938145982	0.0
76.0	17.318346045764756	34.92573263749498	31.36892814130871	16.386993175431552	0.0
77.0	19.717518658213624	32.87055613514164	31.43407431185298	15.544498836369472	0.4333520584222775
78.0	16.32194965528299	33.77425044091711	32.38736572069905	17.51643418310085	0.0
79.0	18.675326758078743	31.344719749819582	33.32531473017401	16.65463876192767	0.0
80.0	17.712206952303962	30.792239288601454	32.02101859337106	19.474535165723523	0.0
81.0	18.714065916268524	30.13199449348125	33.7679164304802	17.386023159770023	0.0
82.0	21.000973393900065	32.105775470473716	31.164828033744325	15.728423101881894	0.0
83.0	19.650832318311004	32.8136419001218	30.16646366220057	17.369062119366628	0.0
84.0	19.754491504755713	30.61539712218519	33.19242338021299	16.437687992846108	0.0
85.0	17.91860370279749	31.832640078297043	32.50142728978061	17.747328929124865	0.0
86.0	16.91578861390182	31.78142612104876	34.264477660704074	17.03830760434534	0.0
87.0	16.53453208009808	32.52962811606048	32.38250919493257	16.18308132407029	2.370249284838578
88.0	17.188393951777687	31.63056804250102	33.8291785860237	17.351859419697586	0.0
89.0	18.565951545803085	31.919406150583246	31.08736438534954	18.42727791826413	0.0
90.0	18.67987879780526	33.543526328720006	29.432478912455984	17.02563262632053	1.318483334698223
91.0	18.36768207570408	32.646358485918384	30.634699072173415	18.351260366204123	0.0
92.0	16.585886798652755	33.640023001725126	33.28678222295244	16.48730797666968	0.0
93.0	16.999424862377783	32.10911182318627	32.462410648262264	18.429052666173693	0.0
94.0	18.407224958949097	31.08374384236453	34.63875205254516	15.870279146141215	0.0
95.0	18.998684643209472	30.639592239394936	32.98257152252548	17.37915159487011	0.0
96.0	16.70371285090969	36.00065859883099	31.97497324442249	15.320655305836834	0.0
97.0	17.75886290389224	29.708288571192465	33.303032807206016	19.229815717709283	0.0
98.0	17.745268203983798	32.837424580543846	33.11843954045789	16.298867675014463	0.0
99.0	19.557654075546722	32.57952286282306	31.21272365805169	16.650099403578526	0.0
100.0	18.741153942219633	29.356423278661225	33.65248522187994	18.2499375572392	0.0
101.0	18.08017227099553	34.57843299652145	30.29650488653305	17.044889845949974	0.0
102.0	17.766285761948453	33.58912336308283	31.587288347652017	17.057302527316708	0.0
103.0	18.708109919571044	31.09081769436997	32.46481233243968	17.7362600536193	0.0
104.0	18.114664652060775	32.989171493326616	31.100478468899524	17.174515235457065	0.6211701502560228
105.0	20.346102150537636	31.191196236559136	30.325940860215056	18.136760752688172	0.0
106.0	18.65193183735448	32.90872279399359	30.470727180698496	17.96861818795343	0.0
107.0	16.875529212531752	33.200677392040646	30.787468247248096	19.13632514817951	0.0
108.0	16.20610492305076	33.7131196326843	32.42921520278888	17.651560241476062	0.0
109.0	18.08474286690586	31.419784725781653	34.14488296600034	16.350589441312145	0.0
110.0	17.28067169294037	33.104866346812884	30.046264564770393	19.037011651816314	0.5311857436600411
111.0	18.490793323008088	33.77215625537773	31.913612114954397	15.823438306659785	0.0
112.0	17.1110535852964	31.598930019846406	32.573992579169904	18.71602381568729	0.0
113.0	17.585757707338253	31.54146765089014	35.110725141120284	15.762049500651324	0.0
114.0	17.707150964812712	35.196018510433944	30.629529380948224	16.467301143805116	0.0
115.0	20.327696486462806	32.44545693507404	28.677823534565842	18.54902304389731	0.0
116.0	17.383669885864794	33.327480245829676	32.74802458296752	16.540825285338016	0.0
117.0	18.130561184036647	32.55219804422518	32.39362170733856	16.923619064399613	0.0
118.0	19.009358996998056	33.82482782977221	29.410206604273352	17.755606568956384	0.0
119.0	18.994859067541217	29.51604325474207	34.515156887076756	16.973940790639958	0.0
120.0	18.28072052791154	31.309077938291423	31.549848403780988	18.86035313001605	0.0
121.0	17.411153880583655	32.91558499686688	30.95515173216364	18.71810939038582	0.0
122.0	15.111990644958173	33.33633174417558	33.300350814068544	18.2513267967977	0.0
123.0	16.559645473455728	33.68906575020349	32.16966627475807	17.581622501582707	0.0
124.0	20.08207934336525	29.89512083903329	34.53716370269038	15.485636114911081	0.0
125.0	18.779170861169582	33.24791800128123	29.89841676580946	18.07449437173973	0.0
126.0	17.08037279689951	34.32684322229399	32.45363107871182	16.139152902094676	0.0
127.0	18.891874363013063	29.361623274344485	34.67988511071991	17.06661725192254	0.0
128.0	17.16917922948074	33.091382840126556	31.8537130094919	17.8857249209008	0.0
129.0	18.764066016504128	30.05438859714929	32.95198799699925	18.229557389347338	0.0
130.0	18.862247296661966	33.737658674189	26.478608368594266	20.921485660554772	0.0
131.0	16.11535199321459	32.75845820375082	33.34275751578551	17.78343228724908	0.0
132.0	19.49297379415116	32.56741359665781	30.86783137105963	17.071781238131408	0.0
133.0	17.76737073497085	33.80483608907579	31.47280894580904	16.95498423014432	0.0
134.0	17.287644787644787	31.98841698841699	32.46138996138996	18.26254826254826	0.0
135.0	16.462941404734188	34.613892122623206	33.25572370974001	15.667442762902601	0.0
136.0	18.47252102483865	32.994328183062784	31.674163895951494	16.858986896147076	0.0
137.0	19.193310378750613	30.319724545007375	32.001967535661585	18.484997540580423	0.0
138.0	18.51228209191759	31.408478605388275	31.48771790808241	18.591521394611725	0.0
139.0	16.11838816118388	30.896910308969105	32.22677732226777	20.757924207579244	0.0
140.0	19.082052827156772	33.293160590539316	31.726423621572764	15.898362960731143	0.0
141.0	18.90027391701329	33.67150248554327	31.327990260728416	16.100233336715025	0.0
142.0	18.74808536709895	29.0717859695701	31.83906872255693	20.341059940774024	0.0
143.0	16.168898043254377	32.52317198764161	32.564366632337794	18.74356333676622	0.0
144.0	18.582236501191833	31.09130479842471	33.15369468338688	17.17276401699658	0.0
145.0	17.542561065877127	32.92798984878926	32.30411335518664	17.22533573014698	0.0
146.0	16.01545727780163	31.49420352082439	31.816230141691715	20.674109059682266	0.0
147.0	20.541275053787793	28.30936473785528	31.842373457139622	18.672856981089346	0.6341297701279583
148.0	20.01033458209534	25.384317271670326	36.63609352796796	17.969254618266373	0.0
149.0	14.714135391090846	18.660119256401263	44.721150473518065	21.904594878989826	0.0
150.0	0.0	0.0	71.82036338704148	28.179636612958518	0.0
