#Insert size (bp)	insert size
19.0	66.0
20.0	28.0
21.0	15.0
22.0	5.0
23.0	4.0
24.0	2.0
25.0	5.0
26.0	1.0
27.0	3.0
28.0	1.0
30.0	2.0
31.0	2.0
33.0	2.0
34.0	1.0
35.0	3.0
36.0	1.0
37.0	2.0
38.0	1.0
39.0	3.0
40.0	2.0
41.0	6.0
42.0	4.0
43.0	2.0
44.0	3.0
45.0	1.0
46.0	5.0
47.0	1.0
48.0	2.0
49.0	2.0
50.0	1.0
51.0	1.0
52.0	3.0
53.0	2.0
54.0	2.0
56.0	3.0
57.0	1.0
58.0	3.0
59.0	3.0
60.0	1.0
61.0	1.0
62.0	3.0
63.0	1.0
64.0	3.0
65.0	2.0
66.0	5.0
67.0	1.0
68.0	2.0
69.0	6.0
70.0	4.0
71.0	1.0
72.0	15.0
73.0	3.0
74.0	5.0
75.0	2.0
76.0	3.0
77.0	1.0
78.0	5.0
79.0	9.0
80.0	8.0
81.0	3.0
82.0	6.0
83.0	3.0
84.0	4.0
85.0	1.0
86.0	6.0
87.0	6.0
88.0	2.0
89.0	2.0
90.0	5.0
92.0	8.0
93.0	3.0
94.0	5.0
95.0	8.0
96.0	4.0
97.0	3.0
98.0	9.0
99.0	1.0
100.0	5.0
102.0	2.0
103.0	4.0
104.0	3.0
105.0	4.0
106.0	6.0
107.0	4.0
108.0	8.0
109.0	17.0
110.0	4.0
111.0	5.0
112.0	6.0
113.0	13.0
114.0	5.0
115.0	4.0
116.0	6.0
117.0	5.0
118.0	3.0
119.0	8.0
120.0	8.0
121.0	4.0
122.0	6.0
123.0	3.0
124.0	6.0
125.0	5.0
126.0	3.0
127.0	4.0
128.0	14.0
129.0	5.0
130.0	7.0
131.0	10.0
132.0	4.0
133.0	7.0
134.0	9.0
135.0	3.0
136.0	9.0
137.0	10.0
138.0	10.0
139.0	12.0
140.0	14.0
141.0	6.0
142.0	9.0
143.0	5.0
144.0	6.0
145.0	15.0
146.0	11.0
147.0	5.0
148.0	12.0
149.0	21.0
150.0	13.0
151.0	14.0
152.0	12.0
153.0	10.0
154.0	13.0
155.0	13.0
156.0	22.0
157.0	21.0
158.0	9.0
159.0	7.0
160.0	6.0
161.0	14.0
162.0	8.0
163.0	16.0
164.0	12.0
165.0	18.0
166.0	13.0
167.0	12.0
168.0	20.0
169.0	12.0
170.0	16.0
171.0	10.0
172.0	11.0
173.0	27.0
174.0	20.0
175.0	16.0
176.0	18.0
177.0	16.0
178.0	26.0
179.0	24.0
180.0	13.0
181.0	23.0
182.0	19.0
183.0	24.0
184.0	17.0
185.0	15.0
186.0	30.0
187.0	37.0
188.0	24.0
189.0	30.0
190.0	20.0
191.0	23.0
192.0	23.0
193.0	33.0
194.0	40.0
195.0	27.0
196.0	21.0
197.0	76.0
198.0	26.0
199.0	28.0
200.0	30.0
201.0	35.0
202.0	29.0
203.0	32.0
204.0	35.0
205.0	35.0
206.0	26.0
207.0	28.0
208.0	36.0
209.0	32.0
210.0	31.0
211.0	37.0
212.0	29.0
213.0	61.0
214.0	45.0
215.0	39.0
216.0	40.0
217.0	25.0
218.0	45.0
219.0	47.0
220.0	51.0
221.0	60.0
222.0	53.0
223.0	35.0
224.0	47.0
225.0	48.0
226.0	48.0
227.0	42.0
228.0	38.0
229.0	60.0
230.0	49.0
231.0	47.0
232.0	67.0
233.0	64.0
234.0	55.0
235.0	73.0
236.0	68.0
237.0	59.0
238.0	51.0
239.0	49.0
240.0	74.0
241.0	69.0
242.0	65.0
243.0	56.0
244.0	76.0
245.0	80.0
246.0	77.0
247.0	63.0
248.0	81.0
249.0	95.0
250.0	65.0
251.0	77.0
252.0	83.0
253.0	70.0
254.0	91.0
255.0	111.0
256.0	103.0
257.0	82.0
258.0	82.0
259.0	81.0
260.0	71.0
261.0	93.0
262.0	106.0
263.0	82.0
264.0	87.0
265.0	104.0
266.0	91.0
267.0	103.0
268.0	92.0
269.0	94.0
270.0	114.0
271.0	90.0
272.0	107.0
273.0	131.0
274.0	101.0
275.0	126.0
276.0	110.0
277.0	110.0
278.0	95.0
279.0	122.0
280.0	116.0
281.0	109.0
282.0	132.0
283.0	139.0
284.0	124.0
285.0	115.0
286.0	96.0
287.0	138.0
288.0	120.0
289.0	119.0
290.0	146.0
291.0	145.0
292.0	166.0
293.0	137.0
294.0	142.0
295.0	139.0
296.0	141.0
297.0	143.0
298.0	166.0
299.0	152.0
300.0	141.0
301.0	184.0
302.0	166.0
303.0	149.0
304.0	165.0
305.0	161.0
306.0	167.0
307.0	186.0
308.0	151.0
309.0	174.0
310.0	175.0
311.0	191.0
312.0	159.0
313.0	174.0
314.0	173.0
315.0	192.0
316.0	195.0
317.0	169.0
318.0	183.0
319.0	187.0
320.0	180.0
321.0	165.0
322.0	193.0
323.0	201.0
324.0	185.0
325.0	200.0
326.0	172.0
327.0	186.0
328.0	196.0
329.0	159.0
330.0	175.0
331.0	194.0
332.0	184.0
333.0	202.0
334.0	202.0
335.0	219.0
336.0	224.0
337.0	208.0
338.0	199.0
339.0	205.0
340.0	193.0
341.0	219.0
342.0	222.0
343.0	224.0
344.0	211.0
345.0	210.0
346.0	240.0
347.0	223.0
348.0	199.0
349.0	226.0
350.0	192.0
351.0	228.0
352.0	205.0
353.0	242.0
354.0	209.0
355.0	235.0
356.0	226.0
357.0	199.0
358.0	200.0
359.0	213.0
360.0	231.0
361.0	209.0
362.0	244.0
363.0	209.0
364.0	196.0
365.0	226.0
366.0	235.0
367.0	211.0
368.0	196.0
369.0	210.0
370.0	206.0
371.0	234.0
372.0	214.0
373.0	245.0
374.0	193.0
375.0	220.0
376.0	245.0
377.0	214.0
378.0	206.0
379.0	233.0
380.0	213.0
381.0	197.0
382.0	222.0
383.0	220.0
384.0	218.0
385.0	200.0
386.0	249.0
387.0	211.0
388.0	247.0
389.0	245.0
390.0	209.0
391.0	230.0
392.0	234.0
393.0	195.0
394.0	225.0
395.0	198.0
396.0	199.0
397.0	215.0
398.0	222.0
399.0	184.0
400.0	236.0
401.0	224.0
402.0	235.0
403.0	225.0
404.0	176.0
405.0	198.0
406.0	197.0
407.0	202.0
408.0	210.0
409.0	203.0
410.0	211.0
411.0	203.0
412.0	199.0
413.0	202.0
414.0	212.0
415.0	189.0
416.0	230.0
417.0	202.0
418.0	196.0
419.0	165.0
420.0	196.0
421.0	200.0
422.0	217.0
423.0	200.0
424.0	206.0
425.0	164.0
426.0	191.0
427.0	212.0
428.0	205.0
429.0	197.0
430.0	178.0
431.0	156.0
432.0	184.0
433.0	180.0
434.0	181.0
435.0	167.0
436.0	200.0
437.0	160.0
438.0	211.0
439.0	191.0
440.0	150.0
441.0	188.0
442.0	170.0
443.0	197.0
444.0	160.0
445.0	179.0
446.0	187.0
447.0	150.0
448.0	190.0
449.0	184.0
450.0	169.0
451.0	180.0
452.0	178.0
453.0	159.0
454.0	177.0
455.0	173.0
456.0	153.0
457.0	194.0
458.0	142.0
459.0	162.0
460.0	175.0
461.0	148.0
462.0	139.0
463.0	136.0
464.0	134.0
465.0	148.0
466.0	163.0
467.0	147.0
468.0	175.0
469.0	149.0
470.0	136.0
471.0	161.0
472.0	147.0
473.0	146.0
474.0	141.0
475.0	154.0
476.0	150.0
477.0	136.0
478.0	154.0
479.0	134.0
480.0	151.0
481.0	140.0
482.0	128.0
483.0	109.0
484.0	138.0
485.0	142.0
486.0	131.0
487.0	133.0
488.0	130.0
489.0	118.0
490.0	131.0
491.0	100.0
492.0	133.0
493.0	108.0
494.0	141.0
495.0	129.0
496.0	130.0
497.0	135.0
498.0	148.0
499.0	146.0
500.0	109.0
501.0	109.0
502.0	114.0
503.0	113.0
504.0	132.0
505.0	118.0
506.0	118.0
507.0	92.0
508.0	119.0
509.0	113.0
510.0	107.0
511.0	108.0
512.0	107.0
513.0	117.0
514.0	104.0
515.0	116.0
516.0	98.0
517.0	120.0
518.0	111.0
519.0	112.0
520.0	86.0
521.0	108.0
522.0	113.0
523.0	90.0
524.0	86.0
525.0	78.0
526.0	111.0
527.0	99.0
528.0	91.0
529.0	112.0
530.0	87.0
531.0	82.0
532.0	97.0
533.0	84.0
534.0	82.0
535.0	104.0
536.0	83.0
537.0	90.0
538.0	92.0
539.0	81.0
540.0	113.0
541.0	100.0
542.0	92.0
543.0	87.0
544.0	72.0
545.0	82.0
546.0	96.0
547.0	82.0
548.0	76.0
549.0	82.0
550.0	85.0
551.0	77.0
552.0	69.0
553.0	69.0
554.0	72.0
555.0	57.0
556.0	83.0
557.0	80.0
558.0	95.0
559.0	70.0
560.0	89.0
561.0	71.0
562.0	59.0
563.0	70.0
564.0	78.0
565.0	67.0
566.0	74.0
567.0	75.0
568.0	54.0
569.0	59.0
570.0	80.0
571.0	80.0
572.0	53.0
573.0	64.0
574.0	78.0
575.0	60.0
576.0	61.0
577.0	52.0
578.0	71.0
579.0	64.0
580.0	62.0
581.0	60.0
582.0	58.0
583.0	57.0
584.0	57.0
585.0	53.0
586.0	50.0
587.0	44.0
588.0	54.0
589.0	55.0
590.0	55.0
591.0	50.0
592.0	56.0
593.0	58.0
594.0	60.0
595.0	54.0
596.0	58.0
597.0	41.0
598.0	46.0
599.0	41.0
600.0	56.0
601.0	58.0
602.0	44.0
603.0	51.0
604.0	44.0
605.0	38.0
606.0	40.0
607.0	59.0
608.0	39.0
609.0	47.0
610.0	50.0
611.0	40.0
612.0	41.0
613.0	37.0
614.0	36.0
615.0	35.0
616.0	31.0
617.0	30.0
618.0	39.0
619.0	35.0
620.0	36.0
621.0	45.0
622.0	49.0
623.0	61.0
624.0	39.0
625.0	43.0
626.0	36.0
627.0	43.0
628.0	28.0
629.0	37.0
630.0	42.0
631.0	33.0
632.0	28.0
633.0	28.0
634.0	40.0
635.0	26.0
636.0	30.0
637.0	37.0
638.0	29.0
639.0	30.0
640.0	36.0
641.0	35.0
642.0	22.0
643.0	29.0
644.0	27.0
645.0	28.0
646.0	30.0
647.0	38.0
648.0	24.0
649.0	33.0
650.0	27.0
651.0	29.0
652.0	26.0
653.0	24.0
654.0	22.0
655.0	33.0
656.0	22.0
657.0	32.0
658.0	18.0
659.0	20.0
660.0	19.0
661.0	22.0
662.0	30.0
663.0	13.0
664.0	17.0
665.0	20.0
666.0	25.0
667.0	28.0
668.0	23.0
669.0	21.0
670.0	17.0
671.0	17.0
672.0	20.0
673.0	20.0
674.0	18.0
675.0	17.0
676.0	19.0
677.0	14.0
678.0	24.0
679.0	15.0
680.0	17.0
681.0	23.0
682.0	18.0
683.0	19.0
684.0	18.0
685.0	14.0
686.0	29.0
687.0	18.0
688.0	17.0
689.0	13.0
690.0	20.0
691.0	15.0
692.0	12.0
693.0	10.0
694.0	14.0
695.0	8.0
696.0	19.0
697.0	20.0
698.0	15.0
699.0	27.0
700.0	11.0
701.0	17.0
702.0	13.0
703.0	13.0
704.0	8.0
705.0	11.0
706.0	15.0
707.0	15.0
708.0	15.0
709.0	13.0
710.0	14.0
711.0	16.0
712.0	14.0
713.0	15.0
714.0	10.0
715.0	10.0
716.0	12.0
717.0	9.0
718.0	9.0
719.0	15.0
720.0	9.0
721.0	9.0
722.0	10.0
723.0	11.0
724.0	10.0
725.0	9.0
726.0	11.0
727.0	11.0
728.0	12.0
729.0	12.0
730.0	11.0
731.0	12.0
732.0	5.0
733.0	10.0
734.0	4.0
735.0	13.0
736.0	4.0
737.0	11.0
738.0	8.0
739.0	9.0
740.0	9.0
741.0	7.0
742.0	7.0
743.0	8.0
744.0	6.0
745.0	10.0
746.0	11.0
747.0	11.0
748.0	5.0
749.0	7.0
750.0	6.0
751.0	8.0
752.0	9.0
753.0	3.0
754.0	7.0
755.0	6.0
756.0	11.0
757.0	9.0
758.0	10.0
759.0	3.0
760.0	6.0
761.0	4.0
762.0	6.0
763.0	2.0
764.0	4.0
765.0	4.0
766.0	12.0
767.0	5.0
768.0	4.0
769.0	3.0
770.0	6.0
771.0	7.0
772.0	1.0
773.0	6.0
774.0	7.0
775.0	9.0
776.0	4.0
777.0	5.0
778.0	4.0
779.0	5.0
780.0	7.0
781.0	6.0
782.0	7.0
783.0	1.0
784.0	3.0
785.0	2.0
786.0	3.0
787.0	1.0
789.0	5.0
790.0	4.0
791.0	2.0
792.0	5.0
793.0	4.0
794.0	2.0
795.0	3.0
796.0	6.0
797.0	2.0
798.0	2.0
799.0	3.0
800.0	3.0
801.0	4.0
802.0	3.0
803.0	4.0
805.0	1.0
806.0	2.0
807.0	4.0
808.0	3.0
809.0	3.0
812.0	2.0
813.0	1.0
814.0	3.0
815.0	2.0
816.0	2.0
818.0	5.0
819.0	1.0
820.0	1.0
821.0	3.0
822.0	2.0
823.0	2.0
824.0	2.0
825.0	1.0
826.0	3.0
827.0	2.0
828.0	1.0
829.0	2.0
830.0	4.0
831.0	2.0
832.0	2.0
833.0	3.0
834.0	1.0
835.0	2.0
836.0	2.0
838.0	1.0
839.0	3.0
840.0	2.0
842.0	4.0
843.0	2.0
844.0	1.0
845.0	2.0
846.0	4.0
847.0	3.0
848.0	2.0
850.0	4.0
851.0	3.0
852.0	1.0
853.0	1.0
854.0	3.0
855.0	2.0
856.0	3.0
857.0	3.0
858.0	4.0
859.0	2.0
860.0	1.0
861.0	2.0
862.0	2.0
863.0	1.0
864.0	1.0
865.0	2.0
868.0	1.0
870.0	1.0
871.0	1.0
872.0	2.0
873.0	1.0
874.0	4.0
875.0	1.0
876.0	1.0
881.0	1.0
883.0	1.0
885.0	2.0
886.0	1.0
887.0	1.0
888.0	2.0
891.0	1.0
893.0	1.0
894.0	2.0
895.0	1.0
898.0	1.0
899.0	1.0
901.0	1.0
904.0	2.0
907.0	1.0
908.0	1.0
910.0	2.0
911.0	3.0
913.0	1.0
914.0	1.0
920.0	1.0
922.0	3.0
923.0	1.0
925.0	1.0
929.0	1.0
932.0	1.0
936.0	1.0
937.0	2.0
939.0	1.0
941.0	1.0
942.0	1.0
947.0	1.0
957.0	1.0
966.0	1.0
