# Position (bp)	A	C	G	T	N
0.0	14.144838935994303	24.860121321955504	51.458847892253644	9.530006896595406	0.006184953201141757
1.0	14.097212881986657	30.880836891730223	22.691835812381917	32.32787896694035	0.0022354469608539705
2.0	16.8905145863975	33.98453518206972	27.679238178382846	21.442695218092965	0.0030168350569641776
3.0	12.152707199268539	43.53550493013379	18.431954623261536	25.872313145956234	0.007520101379901375
4.0	28.45809798099321	20.97389356492748	22.506418700185304	28.053589634822472	0.008000119071539668
5.0	25.196818772041247	18.511971251742104	43.31552432699359	12.975611279764518	7.43694585457201E-5
6.0	21.208895364612566	28.109642096499023	35.1409275235189	15.539791628722973	7.433866465456681E-4
7.0	27.972747392867852	26.031641884870442	31.20410884546837	14.790981732148541	5.201446447950797E-4
8.0	11.959894165158055	45.883860186603535	26.79485679803184	15.360126259109688	0.0012625910968760154
9.0	18.843594936408152	35.684187708050615	23.078993161240895	22.393187075547054	3.7118753285009666E-5
10.0	17.417847586738077	20.678121925267014	45.777366700354236	16.12625567828517	4.081093554988654E-4
11.0	16.547940551891003	34.08601536417789	27.546300588710437	21.819743495220667	0.0
12.0	13.264771236838769	30.25846837782752	38.1960225482353	18.280663694538585	7.414255983119222E-5
13.0	12.93153474845529	41.90940669970644	27.365645309397657	17.79252388120209	8.893612385244608E-4
14.0	18.880496388220042	32.24241526208557	33.95288016299315	14.924097055010188	1.1113169105389887E-4
15.0	19.07749368540758	31.45813113244962	33.08516858600899	16.379206596133812	0.0
16.0	19.32196902251108	30.719102562726253	30.86476879788523	19.09415961687744	0.0
17.0	18.663743687705058	31.4990456157906	31.38195869688624	18.455251999618095	0.0
18.0	18.379012072564123	31.25878140868038	32.792064381089645	17.570142137665854	0.0
19.0	18.920370261475256	31.435611982128215	31.291192402753477	18.352825353643055	0.0
20.0	17.970346495000676	32.1986150258527	31.550947685903896	18.280090793242724	0.0
21.0	17.627145968967227	32.23317585103854	32.451484249367056	17.688193930627182	0.0
22.0	18.29762437804967	31.46975316470439	31.886562027540517	18.346060429705425	0.0
23.0	17.910803120914743	32.04671759743986	31.94552891696687	18.096950364678534	0.0
24.0	17.55894540597552	32.22192359860599	32.55866999038448	17.660461005034005	0.0
25.0	18.36061743747773	31.49336294635794	31.669917297446766	18.476102318717572	0.0
26.0	17.95163923275745	32.10894850153484	31.949919561372898	17.989492704334815	0.0
27.0	17.74577454714287	32.07969206121662	32.67040340261562	17.504129989024893	0.0
28.0	18.546328116538604	31.332853534597444	31.843850277658568	18.276968071205385	0.0
29.0	18.003155958229573	32.15865251155207	31.90094179737329	17.937249732845068	0.0
30.0	17.873503694519805	32.09245931923809	32.46437024549893	17.569666740743177	0.0
31.0	18.483757503884878	31.455042532957165	31.77981477624931	18.281385186908643	0.0
32.0	17.949107900752708	32.11853312226966	31.92097545163704	18.01138352534059	0.0
33.0	17.557366345077554	32.22827792880029	32.59476662580175	17.619589100320404	0.0
34.0	18.3420533271127	31.45833101910993	31.8475648815673	18.352050772210067	0.0
35.0	17.82076921566761	32.19073223692326	31.886730879714808	18.101767667694325	0.0
36.0	17.611530465909976	32.16420426963711	32.51590645485235	17.70835880960057	0.0
37.0	18.47847806285698	31.40491210795946	31.70356376394508	18.413046065238483	0.0
38.0	17.97450835178015	32.06556224367149	31.878355981903887	18.081573422644468	0.0
39.0	17.82939236817034	32.02246899216753	32.60411627306481	17.544022366597314	0.0
40.0	18.54787019452561	31.42672527214769	31.686597503489644	18.33880702983706	0.0
41.0	17.995460683451917	32.05876532520568	31.969731454092422	17.97604253724998	0.0
42.0	17.8043854201642	32.000359533735256	32.58946744436884	17.605787601731706	0.0
43.0	18.4269399071768	31.518496458844307	31.69015732978914	18.36440630418975	0.0
44.0	17.80688158134383	32.22006638492103	31.96712719811773	18.005924835617407	0.0
45.0	17.681421108622683	32.209499962258356	32.49726605479343	17.61181287432553	0.0
46.0	18.423693658707876	31.576455131552912	31.68626234401201	18.313588865727205	0.0
47.0	17.913861902328893	32.13222622591258	31.887588878266687	18.06632299349184	0.0
48.0	17.720247180136248	32.06790008561963	32.52793805606225	17.683914678181885	0.0
49.0	18.469282534840236	31.44977766225293	31.745905250343625	18.335034552563208	0.0
50.0	17.9491678606527	32.209533559389726	31.76405196763683	18.077246612320742	0.0
51.0	17.78353761930139	32.044698192171666	32.532114946726644	17.63961197467326	3.726712703990937E-5
52.0	18.471801570862542	31.472128150411503	31.81652790763913	18.239542371086824	0.0
53.0	17.91922540164649	32.12385010767013	31.92816422248892	18.028275435622064	4.848325723948268E-4
54.0	17.725258493353028	32.115334318567385	32.581523391722314	17.577734556157782	1.4924019948937465E-4
55.0	18.38732445095376	31.549504579102184	31.71238677280136	18.347798272418604	0.0029859247240912245
56.0	17.8193973889193	32.23914769116574	31.8371356520869	18.100361500934557	0.00395776689350396
57.0	17.688622776857464	32.09736911402996	32.54914118484182	17.661654654895816	0.003212269374933467
58.0	18.41769065639345	31.458645886074176	31.735865765642895	18.384434733382783	0.0033629585066969584
59.0	17.942073626603666	32.11781153742636	31.866719997607586	18.069918358802596	0.003476479559795448
60.0	17.78980186434422	32.06755078481285	32.47782318908543	17.662169040008948	0.0026551217485509954
61.0	18.476192257690403	31.47171223075412	31.617168136626795	18.43073728710519	0.0041900878234925505
62.0	17.972581349643747	32.0781890770786	31.886635045405193	18.056456415095116	0.0061381127773425794
63.0	17.801186109215056	32.06680972266581	32.51949172310839	17.603338988426092	0.009173456584650973
64.0	18.458905353959477	31.53261009223628	31.760587992689427	18.240666897166832	0.007229663947988374
65.0	17.96522260530655	32.1114525558387	31.845600359766152	18.07251536501274	0.005209114075850697
66.0	17.73640137245963	32.17080913933344	32.47602094680519	17.60979527077285	0.006973270628884036
67.0	18.410030071612294	31.507871201386788	31.680244773472772	18.395365566241185	0.006488387286961492
68.0	17.852495748994844	32.15497071196269	31.901223599119334	18.084143638200064	0.007166301723064086
69.0	17.74522756788001	32.14138259779451	32.47637242611457	17.633113885281468	0.0039035229294438227
70.0	18.439963712227147	31.534202277298064	31.674562060953242	18.34661581972667	0.004656129794874953
71.0	17.964528470569675	32.049201111138245	31.91370835814112	18.06309597372034	0.009466086430628047
72.0	17.750150499523137	32.128284966807435	32.391931572131924	17.723357450834943	0.00627551070256409
73.0	18.44657347420717	31.53192404360944	31.716010853490655	18.299176214345163	0.006315414347568829
74.0	17.94115125185778	32.04598719560992	31.95633239667134	18.050399234624802	0.006129921236153147
75.0	17.710480931584858	32.11784915621021	32.61171523938227	17.552693596106558	0.007261076716097167
76.0	18.412284993789754	31.642816816590763	31.644924536113518	18.295682938763218	0.004290714742745305
77.0	17.878973864650444	32.14719537312815	31.941644482432725	18.03015298649366	0.0020332932950270916
78.0	17.679913059364857	32.220658948236796	32.47473805743431	17.62359752663687	0.0010924083271649932
79.0	18.39146259931395	31.509082124657144	31.734524133450215	18.360785602463807	0.0041455401148842224
80.0	17.88186039637259	32.17009545096017	31.854137540475037	18.093190239841466	7.163723507419356E-4
81.0	17.761229161039953	32.14356306421168	32.44144570969022	17.653120808255164	6.412568029802599E-4
82.0	18.49862127445035	31.537474277437997	31.631175537593524	18.332728910518124	0.0
83.0	18.032588829459293	32.169151723166735	31.770805214182513	18.027454233191463	0.0
84.0	17.767760451429375	32.15195362416065	32.3614411502852	17.71884477412478	0.0
85.0	18.43584750435249	31.61280740930252	31.66476896757485	18.28657611877014	0.0
86.0	17.953124042983237	32.132057537832644	31.94615525959399	17.968209462754892	4.536968352377258E-4
87.0	17.789442864946082	32.12544579428929	32.548468071520766	17.533881879076834	0.0027613901670300606
88.0	18.428744496601546	31.58713223787019	31.68454991255496	18.297113310683283	0.0024600422900193054
89.0	17.87893773836968	32.20311898869155	31.892916539182746	18.022111012489887	0.0029157212661349197
90.0	17.66330291356887	32.26782071837522	32.38901736381574	17.675805224602122	0.004053779638054307
91.0	18.405292846022956	31.546813326272773	31.72538698857182	18.320535743730307	0.001971095402154635
92.0	17.87786618527143	32.16180341173705	31.95708401914456	18.002563733038023	6.826508089412085E-4
93.0	17.73897620360416	32.261649927463665	32.32084777387637	17.678184569018807	3.415260369963772E-4
94.0	18.475633950149696	31.477644441153746	31.730066427837798	18.316617211245838	3.79696129187811E-5
95.0	17.92303761495252	32.14384903108396	31.872313183754958	18.06064819827778	1.5197193078438412E-4
96.0	17.748851262708147	32.22261800716747	32.44561769125758	17.582837007607306	7.603125949202756E-5
97.0	18.505307484113686	31.570943022289338	31.640099131364273	18.283650362232702	0.0
98.0	17.85347264829873	32.177128737441635	31.967867022515616	18.00153159174402	0.0
99.0	17.713046753574186	32.30030205244081	32.419355882976866	17.567295311008138	0.0
100.0	18.43551658456386	31.55327891656307	31.68056812144762	18.33063637742545	0.0
101.0	17.89975924309354	32.16741853145533	31.84356178353082	18.089260441920306	0.0
102.0	17.749211161435984	32.12546006042038	32.42622622989359	17.699102548250053	0.0
103.0	18.46013427329733	31.56323752931023	31.655120792502693	18.321507404889747	0.0
104.0	17.86205802712366	32.18768332928854	31.812492475736043	18.13776616785176	0.0
105.0	17.78783872012778	32.17580648924407	32.37515543059486	17.66119936003329	0.0
106.0	18.423803638053453	31.526836395539647	31.706017475609976	18.34334249079692	0.0
107.0	17.88861304584358	32.20030802473393	31.846692565263695	18.064386364158793	0.0
108.0	17.686626943209824	32.135852228433784	32.547031803434464	17.63048902492194	0.0
109.0	18.457954954986075	31.650257318385112	31.69896147689124	18.192557590076785	2.686596607903123E-4
110.0	17.917201318509072	32.206773878767855	31.85136806841495	18.02461831621167	3.841809646015659E-5
111.0	17.7742737535983	32.27028076848379	32.35312102792685	17.60232444999106	0.0
112.0	18.364867143722872	31.5419213203774	31.765960117321022	18.32721291732472	3.8501253985842316E-5
113.0	17.9679727333036	32.13261599698099	31.90780914700217	17.99160212271324	0.0
114.0	17.70115244199676	32.25039011043512	32.293656377837635	17.75480106973048	0.0
115.0	18.404176253221873	31.544092098952188	31.61226888398391	18.439462763842034	0.0
116.0	18.010943006946313	32.23650365702363	31.68633401525518	18.06614190296839	7.741780648258003E-5
117.0	17.77095201888707	32.136283746504134	32.48547275251743	17.607291482091362	0.0
118.0	18.60355168425882	31.35552232787485	31.702975612617557	18.33740650830038	5.438669483897459E-4
119.0	17.996049548875927	32.17094112955486	31.75661887493146	18.076390446637756	0.0
120.0	17.93534735508334	32.0726308624178	32.353165426571316	17.63885635592754	0.0
121.0	18.624014580821285	31.363887794531397	31.71237101504642	18.299487840693384	2.3876890751286367E-4
122.0	18.603423473360518	30.469729513930133	32.65109672566021	18.275750287049135	0.0
123.0	19.650940260540025	28.694554484742206	35.0778607721158	16.576644482601964	0.0
124.0	30.525685137643443	0.0	48.05566209674936	21.418652765607195	0.0
