#Coverage	Number of genomic locations
0.0	432414.0
1.0	4442.0
2.0	3868.0
3.0	2933.0
4.0	1795.0
5.0	1967.0
6.0	2112.0
7.0	1627.0
8.0	1540.0
9.0	1933.0
10.0	1399.0
11.0	1578.0
12.0	1688.0
13.0	1191.0
14.0	1292.0
15.0	1934.0
16.0	1820.0
17.0	1865.0
18.0	2019.0
19.0	2069.0
20.0	2238.0
21.0	2607.0
22.0	3082.0
23.0	3643.0
24.0	4550.0
25.0	5105.0
26.0	6260.0
27.0	8121.0
28.0	9952.0
29.0	12929.0
30.0	16237.0
31.0	19787.0
32.0	24517.0
33.0	30221.0
34.0	36918.0
35.0	43673.0
36.0	51994.0
37.0	60167.0
38.0	68009.0
39.0	77377.0
40.0	88558.0
41.0	100115.0
42.0	109544.0
43.0	121153.0
44.0	129826.0
45.0	136833.0
46.0	145514.0
47.0	152616.0
48.0	159079.0
49.0	163686.0
50.0	168274.0
51.0	169803.0
52.0	170359.0
53.0	171563.0
54.0	170021.0
55.0	167330.0
56.0	161668.0
57.0	157357.0
58.0	154489.0
59.0	146558.0
60.0	140863.0
61.0	131506.0
62.0	121819.0
63.0	115071.0
64.0	106775.0
65.0	98718.0
66.0	90341.0
67.0	82190.0
68.0	74149.0
69.0	65971.0
70.0	59038.0
71.0	52826.0
72.0	46999.0
73.0	41432.0
74.0	36261.0
75.0	31200.0
76.0	28556.0
77.0	24588.0
78.0	21107.0
79.0	18767.0
80.0	15863.0
81.0	13205.0
82.0	11498.0
83.0	9981.0
84.0	8454.0
85.0	6881.0
86.0	5801.0
87.0	4934.0
88.0	4182.0
89.0	3393.0
90.0	2973.0
91.0	2457.0
92.0	2097.0
93.0	1796.0
94.0	1422.0
95.0	1377.0
96.0	1244.0
97.0	1070.0
98.0	1012.0
99.0	1075.0
100.0	940.0
101.0	884.0
102.0	857.0
103.0	727.0
104.0	759.0
105.0	865.0
106.0	698.0
107.0	734.0
108.0	749.0
109.0	702.0
110.0	725.0
111.0	721.0
112.0	837.0
113.0	758.0
114.0	701.0
115.0	829.0
116.0	752.0
117.0	786.0
118.0	738.0
119.0	769.0
120.0	777.0
121.0	860.0
122.0	874.0
123.0	930.0
124.0	869.0
125.0	810.0
126.0	839.0
127.0	848.0
128.0	799.0
129.0	752.0
130.0	856.0
131.0	910.0
132.0	824.0
133.0	827.0
134.0	823.0
135.0	766.0
136.0	778.0
137.0	794.0
138.0	716.0
139.0	658.0
140.0	653.0
141.0	697.0
142.0	633.0
143.0	587.0
144.0	555.0
145.0	573.0
146.0	537.0
147.0	505.0
148.0	570.0
149.0	496.0
150.0	534.0
151.0	496.0
152.0	417.0
153.0	458.0
154.0	356.0
155.0	353.0
156.0	380.0
157.0	408.0
158.0	315.0
159.0	334.0
160.0	321.0
161.0	279.0
162.0	361.0
163.0	288.0
164.0	366.0
165.0	251.0
166.0	324.0
167.0	288.0
168.0	335.0
169.0	320.0
170.0	261.0
171.0	259.0
172.0	308.0
173.0	323.0
174.0	346.0
175.0	276.0
176.0	332.0
177.0	294.0
178.0	274.0
179.0	261.0
180.0	232.0
181.0	273.0
182.0	297.0
183.0	314.0
184.0	314.0
185.0	287.0
186.0	276.0
187.0	288.0
188.0	258.0
189.0	307.0
190.0	307.0
191.0	352.0
192.0	353.0
193.0	305.0
194.0	379.0
195.0	327.0
196.0	360.0
197.0	351.0
198.0	337.0
199.0	322.0
200.0	395.0
201.0	382.0
202.0	412.0
203.0	392.0
204.0	407.0
205.0	433.0
206.0	369.0
207.0	358.0
208.0	413.0
209.0	404.0
210.0	386.0
211.0	365.0
212.0	397.0
213.0	358.0
214.0	379.0
215.0	387.0
216.0	418.0
217.0	439.0
218.0	404.0
219.0	348.0
220.0	448.0
221.0	375.0
222.0	396.0
223.0	419.0
224.0	412.0
225.0	459.0
226.0	512.0
227.0	503.0
228.0	447.0
229.0	419.0
230.0	481.0
231.0	439.0
232.0	445.0
233.0	438.0
234.0	519.0
235.0	497.0
236.0	465.0
237.0	530.0
238.0	508.0
239.0	508.0
240.0	453.0
241.0	492.0
242.0	408.0
243.0	471.0
244.0	434.0
245.0	483.0
246.0	514.0
247.0	528.0
248.0	552.0
249.0	492.0
250.0	501.0
251.0	521.0
252.0	446.0
253.0	493.0
254.0	506.0
255.0	550.0
256.0	616.0
257.0	507.0
258.0	602.0
259.0	553.0
260.0	555.0
261.0	521.0
262.0	524.0
263.0	512.0
264.0	511.0
265.0	490.0
266.0	467.0
267.0	493.0
268.0	443.0
269.0	472.0
270.0	463.0
271.0	446.0
272.0	444.0
273.0	512.0
274.0	478.0
275.0	442.0
276.0	489.0
277.0	500.0
278.0	420.0
279.0	488.0
280.0	426.0
281.0	447.0
282.0	383.0
283.0	440.0
284.0	394.0
285.0	424.0
286.0	366.0
287.0	345.0
288.0	396.0
289.0	330.0
290.0	364.0
291.0	371.0
292.0	367.0
293.0	328.0
294.0	375.0
295.0	327.0
296.0	321.0
297.0	257.0
298.0	299.0
299.0	311.0
300.0	313.0
301.0	281.0
302.0	276.0
303.0	272.0
304.0	244.0
305.0	264.0
306.0	273.0
307.0	228.0
308.0	200.0
309.0	172.0
310.0	208.0
311.0	198.0
312.0	240.0
313.0	216.0
314.0	184.0
315.0	150.0
316.0	172.0
317.0	187.0
318.0	156.0
319.0	149.0
320.0	141.0
321.0	136.0
322.0	127.0
323.0	98.0
324.0	95.0
325.0	98.0
326.0	93.0
327.0	98.0
328.0	111.0
329.0	115.0
330.0	97.0
331.0	78.0
332.0	95.0
333.0	65.0
334.0	79.0
335.0	70.0
336.0	86.0
337.0	56.0
338.0	67.0
339.0	80.0
340.0	59.0
341.0	48.0
342.0	40.0
343.0	54.0
344.0	45.0
345.0	60.0
346.0	45.0
347.0	46.0
348.0	40.0
349.0	50.0
350.0	62.0
351.0	42.0
352.0	49.0
353.0	33.0
354.0	43.0
355.0	41.0
356.0	39.0
357.0	42.0
358.0	39.0
359.0	18.0
360.0	28.0
361.0	33.0
362.0	25.0
363.0	26.0
364.0	33.0
365.0	34.0
366.0	22.0
367.0	31.0
368.0	21.0
369.0	13.0
370.0	15.0
371.0	25.0
372.0	19.0
373.0	21.0
374.0	15.0
375.0	15.0
376.0	19.0
377.0	23.0
378.0	17.0
379.0	18.0
380.0	24.0
381.0	21.0
382.0	20.0
383.0	26.0
384.0	21.0
385.0	21.0
386.0	22.0
387.0	19.0
388.0	20.0
389.0	12.0
390.0	17.0
391.0	21.0
392.0	7.0
393.0	18.0
394.0	13.0
395.0	19.0
396.0	22.0
397.0	12.0
398.0	21.0
399.0	11.0
400.0	12.0
401.0	14.0
402.0	20.0
403.0	17.0
404.0	19.0
405.0	16.0
406.0	21.0
407.0	20.0
408.0	15.0
409.0	17.0
410.0	19.0
411.0	7.0
412.0	15.0
413.0	17.0
414.0	18.0
415.0	11.0
416.0	25.0
417.0	20.0
418.0	13.0
419.0	22.0
420.0	16.0
421.0	24.0
422.0	17.0
423.0	23.0
424.0	20.0
425.0	26.0
426.0	10.0
427.0	23.0
428.0	21.0
429.0	24.0
430.0	20.0
431.0	31.0
432.0	26.0
433.0	20.0
434.0	20.0
435.0	25.0
436.0	15.0
437.0	22.0
438.0	30.0
439.0	27.0
440.0	21.0
441.0	26.0
442.0	23.0
443.0	21.0
444.0	19.0
445.0	19.0
446.0	14.0
447.0	20.0
448.0	18.0
449.0	16.0
450.0	14.0
451.0	17.0
452.0	8.0
453.0	12.0
454.0	13.0
455.0	16.0
456.0	12.0
457.0	13.0
458.0	17.0
459.0	11.0
460.0	15.0
461.0	13.0
462.0	4.0
463.0	6.0
464.0	9.0
465.0	10.0
466.0	8.0
467.0	13.0
468.0	12.0
469.0	7.0
470.0	6.0
471.0	5.0
472.0	9.0
473.0	11.0
474.0	9.0
475.0	8.0
476.0	11.0
477.0	4.0
478.0	7.0
479.0	9.0
480.0	3.0
481.0	6.0
482.0	7.0
483.0	16.0
484.0	8.0
485.0	5.0
486.0	10.0
487.0	7.0
488.0	10.0
489.0	3.0
490.0	8.0
491.0	9.0
492.0	9.0
493.0	6.0
494.0	6.0
495.0	1.0
496.0	6.0
497.0	5.0
498.0	7.0
499.0	4.0
501.0	7.0
502.0	16.0
503.0	4.0
504.0	3.0
505.0	4.0
506.0	1.0
507.0	2.0
508.0	14.0
509.0	16.0
510.0	4.0
511.0	7.0
512.0	2.0
513.0	1.0
514.0	3.0
515.0	3.0
516.0	2.0
517.0	1.0
518.0	1.0
519.0	2.0
520.0	2.0
521.0	5.0
522.0	6.0
523.0	1.0
524.0	1.0
525.0	4.0
526.0	1.0
527.0	2.0
528.0	3.0
529.0	4.0
530.0	7.0
531.0	5.0
532.0	7.0
533.0	13.0
534.0	3.0
535.0	3.0
536.0	7.0
537.0	2.0
538.0	5.0
539.0	4.0
540.0	7.0
541.0	6.0
542.0	11.0
543.0	8.0
544.0	4.0
545.0	2.0
546.0	9.0
547.0	5.0
548.0	8.0
549.0	3.0
550.0	1.0
551.0	2.0
552.0	5.0
553.0	4.0
554.0	4.0
555.0	4.0
556.0	2.0
557.0	1.0
558.0	1.0
559.0	2.0
560.0	4.0
562.0	3.0
563.0	1.0
564.0	1.0
565.0	1.0
566.0	2.0
567.0	8.0
568.0	2.0
569.0	1.0
570.0	6.0
571.0	3.0
572.0	5.0
573.0	2.0
574.0	6.0
575.0	6.0
576.0	4.0
577.0	5.0
578.0	2.0
579.0	4.0
580.0	6.0
581.0	2.0
582.0	4.0
583.0	2.0
584.0	2.0
585.0	3.0
586.0	1.0
587.0	3.0
588.0	3.0
589.0	1.0
590.0	5.0
591.0	1.0
592.0	5.0
593.0	1.0
594.0	4.0
595.0	2.0
596.0	2.0
597.0	6.0
598.0	2.0
599.0	6.0
601.0	3.0
602.0	2.0
603.0	6.0
604.0	4.0
605.0	5.0
606.0	2.0
607.0	3.0
608.0	3.0
609.0	3.0
610.0	1.0
611.0	4.0
613.0	2.0
614.0	2.0
615.0	3.0
617.0	5.0
619.0	6.0
620.0	1.0
621.0	1.0
622.0	1.0
623.0	4.0
624.0	1.0
625.0	2.0
626.0	2.0
628.0	3.0
633.0	1.0
634.0	1.0
635.0	3.0
636.0	3.0
637.0	1.0
638.0	3.0
641.0	2.0
642.0	1.0
643.0	3.0
647.0	1.0
648.0	2.0
652.0	1.0
655.0	1.0
657.0	1.0
658.0	3.0
659.0	1.0
660.0	5.0
661.0	1.0
665.0	1.0
666.0	4.0
674.0	3.0
675.0	1.0
676.0	1.0
677.0	2.0
680.0	4.0
681.0	3.0
682.0	1.0
683.0	1.0
684.0	1.0
686.0	1.0
687.0	7.0
688.0	1.0
691.0	3.0
692.0	1.0
696.0	1.0
699.0	2.0
711.0	1.0
715.0	1.0
