# Position (bp)	A	C	G	T	N
0.0	12.348200675513086	25.53989483011354	55.441430819425186	6.648924571467858	0.021549103480334134
1.0	13.023723759621536	33.73651907530643	26.04616490426818	27.12120147162112	0.07239078918273313
2.0	15.251148999106649	34.49320446901933	29.183961910974492	21.071479488276157	2.0513262336932384E-4
3.0	10.414503310511527	46.77954217660367	16.98524595373382	25.81512184671086	0.005586712440122231
4.0	29.41284932768362	20.62825331932685	20.963271903869487	28.99439621107861	0.0012292380414345412
5.0	25.67465570644846	17.052797050893478	46.08280852862448	11.189738714033586	0.0
6.0	20.844364973997305	28.95782012222418	35.3958472427933	14.801967660985213	0.0
7.0	26.162765124973784	27.10593746963242	33.37053308851735	13.360764316876447	0.0
8.0	8.590107242772769	52.59369427220523	25.33129918361337	13.484899301408634	0.0
9.0	20.07935388377104	35.47178914743896	18.774149626485777	25.674349570059984	3.577722442337336E-4
10.0	15.267263719823745	17.90985750839989	51.590972261962186	15.23001602315182	0.0018904866623611258
11.0	15.702191830366857	36.32407376189119	26.038675032259846	21.934344192870448	7.151826116629937E-4
12.0	12.33310622876002	29.600527481866536	40.11763131632466	17.947917805168792	8.171678799907251E-4
13.0	11.670363471483542	44.99889708585574	25.942787349983256	17.387952092677466	0.0
14.0	19.036155279797974	31.365459448780914	35.65593499022699	13.941990855384494	4.5942580962313303E-4
15.0	19.16309890106525	31.550700887956424	33.44572921998752	15.840470990990807	0.0
16.0	19.15443512071662	31.129350352467526	31.08286494995548	18.63324752328735	1.020535730231585E-4
17.0	18.403105141359845	31.867900886891714	31.72673490794366	18.001544815989355	7.142478154220389E-4
18.0	18.249622409468813	31.491126813799024	32.973434255380255	17.28581652135191	0.0
19.0	18.25393586927803	32.141869814614004	31.91591373476327	17.688229575457598	5.1005887099489024E-5
20.0	17.434954267927264	32.78668039674415	32.05712977116367	17.721235564164907	0.0
21.0	17.24008837984564	32.735786696915476	32.68315050075792	17.340974422480958	0.0
22.0	17.781117887101473	32.221559753983435	32.29439159149295	17.702930767422135	0.0
23.0	17.592954800579992	32.27023258399632	32.34449136053197	17.79227025298476	5.1001906961301277E-5
24.0	17.323271607929346	32.500121138549346	32.50731294295267	17.669294310568638	0.0
25.0	17.824991328123403	32.068752678079534	31.76936889142811	18.33658103613622	3.0606623273276337E-4
26.0	17.596928645906665	32.4114373863699	32.25171758723629	17.739814355703288	1.020247838604954E-4
27.0	17.569843160560836	32.24638254131415	32.796557643403894	17.387216654721126	0.0
28.0	18.116220381340952	31.75290632573804	32.239364217491975	17.891458062646755	5.101278227285411E-5
29.0	17.783852913914277	32.47532096392992	32.176535135264736	17.56429098689107	0.0
30.0	17.586792190042104	32.39986674237659	32.72796007168974	17.285380995891565	0.0
31.0	18.08637921894508	32.09860102788913	32.0285988492499	17.786420903915886	0.0
32.0	17.617966542616244	32.446814210636695	32.31214984841967	17.623018369770275	5.1028557111416265E-5
33.0	17.222894726635463	32.56751184481003	32.705199468437996	17.48607303465972	0.018320925456798337
34.0	17.931037298737994	31.912322088623164	32.08856191770166	18.058381165969635	0.009697528967539818
35.0	17.601822958806295	32.321990716753795	32.17548837092964	17.900595861283207	1.0209222705515481E-4
36.0	17.422286934892973	32.41480254693824	32.45268396482644	17.710022340846994	2.0421249535416573E-4
37.0	18.08276364208225	31.89576603113478	31.954943459770835	18.064944036738	0.0015828302741308857
38.0	17.675360320682216	32.432410350682346	32.10636641006983	17.785862918565613	0.0
39.0	17.584169701971536	32.40949752511148	32.6707244079368	17.335608364980175	0.0
40.0	18.132427774423476	31.92932880962524	32.11679503250266	17.821448383448622	0.0
41.0	17.76769798356998	32.38049304363065	32.294659247493065	17.557149725306306	0.0
42.0	17.54147020553931	32.42025117723358	32.61987237735255	17.418252920980464	1.533188941005956E-4
43.0	17.96774231478466	32.209322715395885	31.947674433466034	17.875260536353416	0.0
44.0	17.60559490628276	32.50297900631601	32.108318203902115	17.78310788349912	0.0
45.0	17.458280042973346	32.4456949915588	32.52688392080626	17.569141044661585	0.0
46.0	17.9607099874737	32.10893174393948	31.888851591986445	18.041506676600378	0.0
47.0	17.755677238178635	32.30243733171469	32.20058969271186	17.741295737394818	0.0
48.0	17.529559068483668	32.37123671518357	32.569696336815205	17.529456690551438	5.118896611597577E-5
49.0	18.038382827824094	31.919709714696488	32.0556465498924	17.984980899722647	0.0012800078643683188
50.0	17.67643452760789	32.52995758462845	32.099094845113726	17.69451304264993	0.0
51.0	17.538328818435538	32.4139266496453	32.57734409258751	17.47040043933166	0.0
52.0	18.08622669675119	31.937525590719645	32.13374459552186	17.84245187151114	5.124549616145611E-5
53.0	17.700605322408002	32.50614139773702	32.13473549953452	17.658363989058266	1.537912621956471E-4
54.0	17.602944970026684	32.40041417487349	32.60811702747986	17.388523827619967	0.0
55.0	17.95560836365353	32.12160295834796	31.93383323175299	17.988955446245527	0.0
56.0	17.626920147720252	32.43086647082853	32.12299620024757	17.819217181203644	0.0
57.0	17.537818529577994	32.420832492750456	32.5025551152869	17.538793862384647	0.0
58.0	17.93496454235715	31.873217105925217	32.113862880684465	18.07795547103317	0.0
59.0	17.688286436659062	32.354827792166304	32.18889321999863	17.76794119414345	5.135703254957366E-5
60.0	17.606606291882695	32.36816904939512	32.47923974625329	17.545984912468892	0.0
61.0	18.012442151191923	31.963994336534235	32.00294993588772	18.020613576386125	0.0
62.0	17.6916136031198	32.352782397898196	32.25226800068895	17.703335998293053	0.0
63.0	17.682653334156328	32.327068287965766	32.681058782379694	17.308550912495114	6.686830031068041E-4
64.0	18.011690128741673	32.02466463820961	32.04776908316519	17.91577323476123	1.029151222966127E-4
65.0	17.698491349908494	32.31739053213314	32.225702908417915	17.758415209540455	0.0
66.0	17.470237221587922	32.463920822795274	32.61950044572713	17.446135512375044	2.0599751463998587E-4
67.0	18.06127437470476	31.97063882551181	31.94251193718534	18.020938562324496	0.004636300273593231
68.0	17.62292822305756	32.36467911772511	32.166757271347706	17.844656342027086	9.790458425333584E-4
69.0	17.484136233301875	32.420482724459866	32.61438895569485	17.478775720795646	0.0022163657477683
70.0	18.029504785298343	32.05830216521731	31.976579313445548	17.935613736038796	0.0
71.0	17.7179697336543	32.28432559403854	32.25590479496534	17.740097724221275	0.0017021531205366836
72.0	17.61833991278995	32.35410377480197	32.42841293185747	17.59914338055061	0.0
73.0	18.026286645977002	31.979108637254715	32.08319371854795	17.91141099822033	0.0
74.0	17.784871918052346	32.358887735230155	32.170548642212545	17.68569170450495	0.0
75.0	17.57666216346119	32.32054278269156	32.64401902302836	17.458776030818875	0.0
76.0	17.983491602578223	32.05140932532111	32.01490553999233	17.95003841687323	1.5511523510816186E-4
77.0	17.651988057379203	32.32975247821796	32.225161438494055	17.792787666740466	3.1035916832019135E-4
78.0	17.44258851045774	32.51120287290302	32.51197905347367	17.5341778177942	5.174537137653037E-5
79.0	18.009452177469033	31.94297634885057	32.094283658499975	17.952511349342334	7.764658380913434E-4
80.0	17.66036410975801	32.46922383423929	32.1298872520158	17.740524803986908	0.0
81.0	17.573805278192513	32.38205609335838	32.478311459154675	17.565827169294433	0.0
82.0	18.059514054420227	31.92828003418692	31.98145738063733	18.030748530755528	0.0
83.0	17.74908612112415	32.390439548643144	32.16298755548227	17.6970200469943	4.6672775614408203E-4
84.0	17.595136721334445	32.315013011813114	32.50877616308485	17.581074103767588	0.0
85.0	18.02100435851343	32.081805465120986	31.95651248308571	17.940677693279873	0.0
86.0	17.712555182233206	32.39387372652888	32.21109759715372	17.678732766024215	0.0037407280599804963
87.0	17.58943177547357	32.36479774438084	32.60750344773095	17.438267032414647	0.0
88.0	17.95029938313657	31.96327109228822	32.11948907774185	17.966940446833362	0.0
89.0	17.607248020476753	32.444880292168264	32.196776576595326	17.751043086495542	5.202426411678406E-5
90.0	17.466561393848202	32.431661580851454	32.526074019560134	17.57565095919186	5.204654835098319E-5
91.0	18.060764927617285	31.966182344771994	31.978471342421983	17.992915080422637	0.0016663047661002793
92.0	17.664827106910668	32.332698265833315	32.21777136632246	17.784703260933554	0.0
93.0	17.528366363344897	32.46071196769897	32.46900096704993	17.53738521169531	0.004535490210900295
94.0	18.080662224846787	31.86941425152274	32.168746726540114	17.8797161297323	0.001460667358049216
95.0	17.747313239684548	32.435632338117045	32.04029866407183	17.775763900235802	9.91857890777653E-4
96.0	17.576519298487558	32.40349972653489	32.586123225937556	17.433857749039998	0.0
97.0	18.061697956102968	31.983227740088516	31.979255252699858	17.97409415526885	0.0017248958398125823
98.0	17.66915012567216	32.35966608755317	32.26029983505202	17.710674759612115	2.0919211052874352E-4
99.0	17.521360813306753	32.51976496565003	32.56764039535164	17.39071059695167	5.232287399082257E-4
100.0	18.024494505068823	31.941636575501516	32.062611958502984	17.966859759640602	0.004397201286076681
101.0	17.72222175665597	32.357861458656316	32.123792204744866	17.795496065499584	6.285144432619061E-4
102.0	17.49835308323258	32.34151472320006	32.52436572086215	17.634508684243215	0.001257788461991991
103.0	18.015171896591962	32.00473040121879	31.97751223899539	18.00258546319386	0.0
104.0	17.81636341879696	32.31389985787552	32.080926979088595	17.78880974423892	0.0
105.0	17.626293212345505	32.32005328058499	32.460082893749245	17.592887798252306	6.828150679427255E-4
106.0	18.073267032148486	31.835344990272453	32.13991901505996	17.9514689625191	0.0
107.0	17.714052450037375	32.37445494960207	32.188707770923386	17.722521805961268	2.6302347589731773E-4
108.0	17.569766395162084	32.32445157320175	32.603080233789086	17.501964824250223	7.369735968680728E-4
109.0	18.043426847363424	31.905190563301716	32.115145459343495	17.936237129991365	0.0
110.0	17.690742340448747	32.30048220216018	32.237604600553304	17.77111815138797	5.270544979621438E-5
111.0	17.482764949349626	32.50631811220292	32.51618027398879	17.494736664458667	0.0
112.0	17.986416384774106	31.96308043041168	32.0974389555287	17.94984511301209	0.0032191162734243484
113.0	17.74301726723872	32.36123257749555	32.17845207464585	17.71729808061988	0.0
114.0	17.53843502951174	32.356303704255744	32.479932176120094	17.62532909011242	0.0
115.0	18.056022103714582	31.951833538673302	31.943951446311047	18.04798131150611	2.1159979495979868E-4
116.0	17.784641256733234	32.425543225885704	32.08576395268612	17.70098047261989	0.0030710920750469
117.0	17.54770786553772	32.331382922627114	32.66652640526818	17.45379985617024	5.829503967507405E-4
118.0	18.10895115406627	31.969680334490132	32.0305700133183	17.89079849812531	0.0
119.0	17.71932599513169	32.36390020923323	32.17950745798085	17.73689479209903	3.715455552005231E-4
120.0	17.627109281342506	32.36585292010213	32.53476008543091	17.47227771312446	0.0
121.0	18.055248442582865	31.95926264537665	32.05828886101248	17.927200051028002	0.0
122.0	17.66018271942769	32.40477023888432	32.11804096345292	17.81354830404155	0.003457774193514067
123.0	17.69322626653797	32.293171217608844	32.54669442893125	17.464352624061068	0.002555462860872616
124.0	18.0154255015846	31.960993401023075	31.945965447430673	18.077349196883777	2.664530778794385E-4
125.0	17.72069312455522	32.32219771824984	32.21246331072496	17.744592499650576	5.334681940928E-5
126.0	17.606197937082843	32.383601763209924	32.522774438796596	17.48673159967402	6.942612366181147E-4
127.0	18.06075691939548	32.02192137622875	32.01609406667618	17.901227637699595	0.0
128.0	17.673597751629313	32.39936620091388	32.23690301065268	17.69013303680412	0.0
129.0	17.635555526988984	32.42277384273245	32.35373200841571	17.585956815912724	0.001981805950131335
130.0	18.131180322683544	31.94438413226862	32.060880450545355	17.863555094502477	0.0
131.0	17.75744264578753	32.41547990905534	32.06657612268191	17.755188884017663	0.005312438457546909
132.0	17.536907762286294	32.43677175522166	32.57739833310772	17.448922149384316	0.0
133.0	17.9887160834528	31.85657638744745	32.18599533887778	17.968712190221968	0.0
134.0	17.699864927211973	32.46301379745111	32.046920701129515	17.790146738899292	5.383530810216004E-5
135.0	17.65825817764503	32.26215252791016	32.5164717227565	17.56311757168831	0.0
136.0	18.010582204775325	31.996191572126154	32.08249650651227	17.910729716586253	0.0
137.0	17.71258654598104	32.4022316176093	32.21264248234221	17.67253935406744	0.0
138.0	17.662836845731405	32.308072823786205	32.567910361732174	17.458040919135374	0.0031390496148440247
139.0	18.098221021687667	32.0315819596077	31.89906910396379	17.97112791474085	0.0
140.0	17.82305902428937	32.349133825188844	32.119217698982474	17.708589451539314	0.0
141.0	17.651666362268546	32.411224463172175	32.39660248214922	17.540289265182942	2.1742722710708725E-4
142.0	17.995738115123157	31.98863642550467	32.03894278250776	17.97668267686441	0.0
143.0	17.714074685030265	32.456174803293926	32.183535603471974	17.646214908203834	0.0
144.0	17.5921772428884	32.41739606126915	32.49502188183808	17.495404814004374	0.0
145.0	18.192503498103545	32.01859275034541	31.91012953983438	17.878774211716667	0.0
146.0	17.845618804454976	32.62213806105358	31.99610587608604	17.535803285513982	3.339728914204034E-4
147.0	17.878456204693276	33.13629981948941	32.05741955817885	16.927824417638462	0.0
148.0	19.61182966813175	32.89578133158537	31.44959792238089	16.042167991555935	6.230863460596642E-4
149.0	21.93805634628825	37.959257154132736	26.49173327295726	13.610953226621762	0.0
150.0	46.15262914034513	0.0	36.308091024496456	17.53927983515842	0.0
