#Insert size (bp)	insert size
2.0	2.0
3.0	2.0
4.0	6.0
6.0	2.0
7.0	1.0
8.0	1.0
9.0	6.0
10.0	1.0
13.0	1.0
14.0	3.0
15.0	2.0
17.0	1.0
19.0	99.0
20.0	48.0
21.0	4.0
22.0	15.0
24.0	17.0
25.0	1.0
26.0	2.0
27.0	5.0
28.0	5.0
29.0	4.0
30.0	2.0
31.0	5.0
32.0	4.0
33.0	5.0
34.0	9.0
35.0	17.0
36.0	21.0
37.0	2.0
38.0	8.0
39.0	10.0
40.0	15.0
41.0	8.0
42.0	13.0
43.0	16.0
44.0	27.0
45.0	23.0
46.0	28.0
47.0	17.0
48.0	15.0
49.0	10.0
50.0	27.0
51.0	22.0
52.0	20.0
53.0	16.0
54.0	29.0
55.0	32.0
56.0	11.0
57.0	20.0
58.0	21.0
59.0	18.0
60.0	9.0
61.0	15.0
62.0	28.0
63.0	23.0
64.0	23.0
65.0	28.0
66.0	20.0
67.0	13.0
68.0	10.0
69.0	11.0
70.0	17.0
71.0	21.0
72.0	22.0
73.0	48.0
74.0	31.0
75.0	31.0
76.0	24.0
77.0	39.0
78.0	15.0
79.0	16.0
80.0	22.0
81.0	15.0
82.0	31.0
83.0	44.0
84.0	80.0
85.0	22.0
86.0	31.0
87.0	26.0
88.0	17.0
89.0	28.0
90.0	25.0
91.0	28.0
92.0	26.0
93.0	33.0
94.0	45.0
95.0	29.0
96.0	35.0
97.0	37.0
98.0	23.0
99.0	28.0
100.0	22.0
101.0	26.0
102.0	19.0
103.0	52.0
104.0	34.0
105.0	47.0
106.0	37.0
107.0	28.0
108.0	34.0
109.0	25.0
110.0	29.0
111.0	42.0
112.0	34.0
113.0	38.0
114.0	35.0
115.0	47.0
116.0	42.0
117.0	50.0
118.0	39.0
119.0	35.0
120.0	37.0
121.0	39.0
122.0	34.0
123.0	58.0
124.0	42.0
125.0	41.0
126.0	55.0
127.0	44.0
128.0	49.0
129.0	41.0
130.0	48.0
131.0	42.0
132.0	27.0
133.0	40.0
134.0	48.0
135.0	47.0
136.0	64.0
137.0	57.0
138.0	51.0
139.0	55.0
140.0	48.0
141.0	51.0
142.0	51.0
143.0	49.0
144.0	57.0
145.0	51.0
146.0	68.0
147.0	67.0
148.0	121.0
149.0	57.0
150.0	49.0
151.0	53.0
152.0	51.0
153.0	44.0
154.0	43.0
155.0	54.0
156.0	69.0
157.0	73.0
158.0	69.0
159.0	67.0
160.0	91.0
161.0	53.0
162.0	45.0
163.0	66.0
164.0	56.0
165.0	45.0
166.0	67.0
167.0	54.0
168.0	72.0
169.0	50.0
170.0	67.0
171.0	68.0
172.0	64.0
173.0	60.0
174.0	77.0
175.0	50.0
176.0	62.0
177.0	79.0
178.0	100.0
179.0	99.0
180.0	78.0
181.0	57.0
182.0	51.0
183.0	71.0
184.0	97.0
185.0	74.0
186.0	86.0
187.0	62.0
188.0	76.0
189.0	89.0
190.0	101.0
191.0	71.0
192.0	60.0
193.0	70.0
194.0	65.0
195.0	62.0
196.0	75.0
197.0	96.0
198.0	108.0
199.0	80.0
200.0	102.0
201.0	102.0
202.0	85.0
203.0	93.0
204.0	76.0
205.0	77.0
206.0	73.0
207.0	117.0
208.0	100.0
209.0	116.0
210.0	135.0
211.0	89.0
212.0	89.0
213.0	139.0
214.0	92.0
215.0	116.0
216.0	108.0
217.0	114.0
218.0	111.0
219.0	106.0
220.0	128.0
221.0	122.0
222.0	101.0
223.0	91.0
224.0	83.0
225.0	96.0
226.0	94.0
227.0	129.0
228.0	115.0
229.0	117.0
230.0	117.0
231.0	128.0
232.0	129.0
233.0	122.0
234.0	97.0
235.0	112.0
236.0	103.0
237.0	80.0
238.0	127.0
239.0	131.0
240.0	119.0
241.0	129.0
242.0	122.0
243.0	120.0
244.0	133.0
245.0	129.0
246.0	130.0
247.0	125.0
248.0	134.0
249.0	161.0
250.0	137.0
251.0	155.0
252.0	135.0
253.0	137.0
254.0	141.0
255.0	150.0
256.0	120.0
257.0	143.0
258.0	133.0
259.0	132.0
260.0	157.0
261.0	150.0
262.0	163.0
263.0	138.0
264.0	122.0
265.0	157.0
266.0	167.0
267.0	115.0
268.0	148.0
269.0	134.0
270.0	144.0
271.0	178.0
272.0	192.0
273.0	165.0
274.0	169.0
275.0	150.0
276.0	113.0
277.0	152.0
278.0	137.0
279.0	137.0
280.0	140.0
281.0	164.0
282.0	145.0
283.0	142.0
284.0	156.0
285.0	191.0
286.0	148.0
287.0	145.0
288.0	176.0
289.0	183.0
290.0	173.0
291.0	152.0
292.0	170.0
293.0	143.0
294.0	189.0
295.0	178.0
296.0	168.0
297.0	175.0
298.0	161.0
299.0	161.0
300.0	189.0
301.0	195.0
302.0	184.0
303.0	177.0
304.0	177.0
305.0	160.0
306.0	189.0
307.0	165.0
308.0	193.0
309.0	185.0
310.0	181.0
311.0	186.0
312.0	196.0
313.0	179.0
314.0	199.0
315.0	210.0
316.0	207.0
317.0	191.0
318.0	168.0
319.0	155.0
320.0	143.0
321.0	198.0
322.0	205.0
323.0	205.0
324.0	187.0
325.0	180.0
326.0	148.0
327.0	191.0
328.0	180.0
329.0	165.0
330.0	167.0
331.0	182.0
332.0	191.0
333.0	204.0
334.0	209.0
335.0	217.0
336.0	212.0
337.0	188.0
338.0	200.0
339.0	167.0
340.0	181.0
341.0	176.0
342.0	176.0
343.0	176.0
344.0	196.0
345.0	189.0
346.0	183.0
347.0	182.0
348.0	195.0
349.0	176.0
350.0	163.0
351.0	170.0
352.0	208.0
353.0	181.0
354.0	166.0
355.0	173.0
356.0	144.0
357.0	198.0
358.0	175.0
359.0	186.0
360.0	210.0
361.0	163.0
362.0	172.0
363.0	189.0
364.0	208.0
365.0	175.0
366.0	180.0
367.0	158.0
368.0	172.0
369.0	163.0
370.0	169.0
371.0	152.0
372.0	157.0
373.0	172.0
374.0	165.0
375.0	154.0
376.0	194.0
377.0	178.0
378.0	188.0
379.0	175.0
380.0	160.0
381.0	198.0
382.0	144.0
383.0	152.0
384.0	155.0
385.0	169.0
386.0	172.0
387.0	158.0
388.0	134.0
389.0	155.0
390.0	157.0
391.0	133.0
392.0	147.0
393.0	150.0
394.0	153.0
395.0	187.0
396.0	168.0
397.0	166.0
398.0	152.0
399.0	141.0
400.0	155.0
401.0	140.0
402.0	136.0
403.0	141.0
404.0	138.0
405.0	172.0
406.0	137.0
407.0	145.0
408.0	135.0
409.0	145.0
410.0	166.0
411.0	135.0
412.0	162.0
413.0	154.0
414.0	139.0
415.0	114.0
416.0	135.0
417.0	127.0
418.0	142.0
419.0	130.0
420.0	144.0
421.0	141.0
422.0	125.0
423.0	154.0
424.0	130.0
425.0	144.0
426.0	130.0
427.0	148.0
428.0	145.0
429.0	149.0
430.0	137.0
431.0	161.0
432.0	131.0
433.0	118.0
434.0	137.0
435.0	137.0
436.0	128.0
437.0	103.0
438.0	117.0
439.0	91.0
440.0	124.0
441.0	137.0
442.0	122.0
443.0	90.0
444.0	119.0
445.0	126.0
446.0	125.0
447.0	130.0
448.0	124.0
449.0	133.0
450.0	102.0
451.0	119.0
452.0	122.0
453.0	109.0
454.0	89.0
455.0	105.0
456.0	100.0
457.0	130.0
458.0	93.0
459.0	101.0
460.0	113.0
461.0	111.0
462.0	115.0
463.0	93.0
464.0	100.0
465.0	101.0
466.0	96.0
467.0	103.0
468.0	87.0
469.0	108.0
470.0	90.0
471.0	87.0
472.0	90.0
473.0	98.0
474.0	104.0
475.0	97.0
476.0	94.0
477.0	111.0
478.0	83.0
479.0	96.0
480.0	93.0
481.0	94.0
482.0	92.0
483.0	92.0
484.0	93.0
485.0	86.0
486.0	112.0
487.0	99.0
488.0	95.0
489.0	71.0
490.0	91.0
491.0	84.0
492.0	92.0
493.0	92.0
494.0	75.0
495.0	87.0
496.0	85.0
497.0	79.0
498.0	92.0
499.0	88.0
500.0	57.0
501.0	88.0
502.0	73.0
503.0	102.0
504.0	80.0
505.0	61.0
506.0	67.0
507.0	65.0
508.0	82.0
509.0	80.0
510.0	79.0
511.0	77.0
512.0	60.0
513.0	87.0
514.0	87.0
515.0	85.0
516.0	55.0
517.0	74.0
518.0	70.0
519.0	88.0
520.0	52.0
521.0	65.0
522.0	95.0
523.0	71.0
524.0	78.0
525.0	53.0
526.0	96.0
527.0	83.0
528.0	54.0
529.0	78.0
530.0	92.0
531.0	72.0
532.0	70.0
533.0	70.0
534.0	51.0
535.0	74.0
536.0	60.0
537.0	57.0
538.0	69.0
539.0	67.0
540.0	61.0
541.0	68.0
542.0	62.0
543.0	70.0
544.0	84.0
545.0	80.0
546.0	64.0
547.0	58.0
548.0	79.0
549.0	65.0
550.0	62.0
551.0	65.0
552.0	60.0
553.0	59.0
554.0	62.0
555.0	58.0
556.0	66.0
557.0	44.0
558.0	43.0
559.0	75.0
560.0	45.0
561.0	67.0
562.0	51.0
563.0	48.0
564.0	50.0
565.0	49.0
566.0	59.0
567.0	50.0
568.0	50.0
569.0	42.0
570.0	59.0
571.0	58.0
572.0	57.0
573.0	72.0
574.0	46.0
575.0	65.0
576.0	42.0
577.0	45.0
578.0	51.0
579.0	57.0
580.0	50.0
581.0	37.0
582.0	42.0
583.0	51.0
584.0	56.0
585.0	48.0
586.0	57.0
587.0	47.0
588.0	44.0
589.0	66.0
590.0	56.0
591.0	45.0
592.0	42.0
593.0	47.0
594.0	61.0
595.0	64.0
596.0	55.0
597.0	54.0
598.0	53.0
599.0	45.0
600.0	46.0
601.0	53.0
602.0	41.0
603.0	33.0
604.0	52.0
605.0	42.0
606.0	53.0
607.0	36.0
608.0	37.0
609.0	36.0
610.0	49.0
611.0	34.0
612.0	52.0
613.0	40.0
614.0	47.0
615.0	43.0
616.0	48.0
617.0	49.0
618.0	35.0
619.0	38.0
620.0	48.0
621.0	33.0
622.0	47.0
623.0	38.0
624.0	31.0
625.0	31.0
626.0	38.0
627.0	40.0
628.0	36.0
629.0	37.0
630.0	38.0
631.0	39.0
632.0	33.0
633.0	28.0
634.0	22.0
635.0	31.0
636.0	29.0
637.0	32.0
638.0	37.0
639.0	35.0
640.0	26.0
641.0	33.0
642.0	31.0
643.0	34.0
644.0	32.0
645.0	39.0
646.0	37.0
647.0	41.0
648.0	34.0
649.0	51.0
650.0	36.0
651.0	30.0
652.0	36.0
653.0	28.0
654.0	25.0
655.0	32.0
656.0	27.0
657.0	27.0
658.0	25.0
659.0	21.0
660.0	30.0
661.0	22.0
662.0	40.0
663.0	28.0
664.0	31.0
665.0	28.0
666.0	29.0
667.0	33.0
668.0	30.0
669.0	9.0
670.0	33.0
671.0	19.0
672.0	23.0
673.0	20.0
674.0	24.0
675.0	23.0
676.0	34.0
677.0	30.0
678.0	21.0
679.0	19.0
680.0	24.0
681.0	39.0
682.0	21.0
683.0	16.0
684.0	16.0
685.0	22.0
686.0	27.0
687.0	21.0
688.0	24.0
689.0	27.0
690.0	13.0
691.0	19.0
692.0	18.0
693.0	21.0
694.0	19.0
695.0	22.0
696.0	31.0
697.0	18.0
698.0	19.0
699.0	15.0
700.0	29.0
701.0	19.0
702.0	25.0
703.0	18.0
704.0	19.0
705.0	20.0
706.0	23.0
707.0	22.0
708.0	23.0
709.0	9.0
710.0	28.0
711.0	18.0
712.0	21.0
713.0	19.0
714.0	8.0
715.0	17.0
716.0	33.0
717.0	12.0
718.0	22.0
719.0	24.0
720.0	9.0
721.0	17.0
722.0	20.0
723.0	18.0
724.0	16.0
725.0	12.0
726.0	19.0
727.0	19.0
728.0	17.0
729.0	15.0
730.0	9.0
731.0	16.0
732.0	17.0
733.0	17.0
734.0	19.0
735.0	12.0
736.0	10.0
737.0	11.0
738.0	16.0
739.0	15.0
740.0	12.0
741.0	13.0
742.0	14.0
743.0	9.0
744.0	9.0
745.0	19.0
746.0	22.0
747.0	14.0
748.0	15.0
749.0	12.0
750.0	12.0
751.0	10.0
752.0	13.0
753.0	8.0
754.0	23.0
755.0	12.0
756.0	7.0
757.0	12.0
758.0	8.0
759.0	15.0
760.0	16.0
761.0	9.0
762.0	14.0
763.0	16.0
764.0	7.0
765.0	13.0
766.0	6.0
767.0	10.0
768.0	8.0
769.0	14.0
770.0	7.0
771.0	8.0
772.0	7.0
773.0	6.0
774.0	14.0
775.0	12.0
776.0	5.0
777.0	6.0
778.0	6.0
779.0	4.0
780.0	22.0
781.0	8.0
782.0	3.0
783.0	8.0
784.0	9.0
785.0	5.0
786.0	7.0
787.0	11.0
788.0	11.0
789.0	3.0
790.0	6.0
791.0	4.0
792.0	3.0
793.0	6.0
794.0	8.0
795.0	10.0
796.0	9.0
797.0	7.0
798.0	7.0
799.0	4.0
800.0	5.0
801.0	5.0
802.0	8.0
803.0	6.0
804.0	3.0
805.0	6.0
806.0	2.0
807.0	5.0
808.0	6.0
809.0	7.0
810.0	3.0
811.0	10.0
812.0	6.0
813.0	9.0
814.0	7.0
815.0	7.0
816.0	8.0
817.0	6.0
818.0	5.0
819.0	5.0
820.0	3.0
821.0	3.0
822.0	7.0
823.0	5.0
824.0	6.0
825.0	4.0
826.0	1.0
827.0	4.0
828.0	3.0
829.0	8.0
830.0	4.0
831.0	4.0
832.0	4.0
833.0	3.0
834.0	2.0
835.0	7.0
836.0	6.0
837.0	4.0
838.0	5.0
839.0	5.0
840.0	4.0
841.0	4.0
842.0	2.0
843.0	2.0
844.0	1.0
845.0	4.0
846.0	2.0
847.0	1.0
848.0	7.0
849.0	4.0
850.0	3.0
851.0	4.0
852.0	2.0
853.0	3.0
854.0	1.0
855.0	2.0
856.0	2.0
857.0	5.0
858.0	2.0
859.0	1.0
860.0	1.0
861.0	3.0
862.0	1.0
863.0	1.0
865.0	2.0
866.0	3.0
867.0	1.0
868.0	2.0
869.0	6.0
870.0	3.0
871.0	3.0
872.0	2.0
873.0	3.0
874.0	3.0
875.0	1.0
876.0	1.0
877.0	2.0
878.0	5.0
879.0	5.0
880.0	2.0
881.0	3.0
883.0	4.0
884.0	1.0
885.0	1.0
886.0	1.0
887.0	3.0
888.0	2.0
890.0	6.0
891.0	2.0
892.0	2.0
896.0	1.0
898.0	1.0
899.0	1.0
900.0	2.0
901.0	2.0
902.0	2.0
903.0	1.0
904.0	2.0
905.0	3.0
906.0	2.0
907.0	1.0
908.0	2.0
909.0	1.0
910.0	1.0
912.0	2.0
913.0	3.0
914.0	1.0
915.0	1.0
916.0	3.0
917.0	1.0
918.0	1.0
919.0	1.0
920.0	1.0
926.0	1.0
