# Position (bp)	A	C	G	T	N
0.0	12.344460459220114	25.569067594614925	55.37316885853737	6.689047517949402	0.02425556967818517
1.0	13.146712285642906	33.764708254771676	25.99867131370776	27.00711732210336	0.0827908237742981
2.0	15.277601232377114	34.51400675433149	29.237990230801923	20.97028978893134	1.1199355813053633E-4
3.0	10.456324840956844	46.86397010671535	16.88980657352255	25.784077437756842	0.00582104104841427
4.0	29.50999679480546	20.55335194546359	21.01589563931325	28.918518137317694	0.00223748310001046
5.0	25.66007951977346	16.976795273755176	46.15316248450941	11.209906824469016	5.589749294154408E-5
6.0	20.754008352037488	28.968223805989503	35.440996968585964	14.836770873387046	0.0
7.0	26.113850321403987	27.06778092675208	33.35784467113086	13.46052408071308	0.0
8.0	8.567122458168216	52.49091414890182	25.413178589902724	13.52878480302724	0.0
9.0	20.14983595113438	35.37457591623037	18.750994764397905	25.724314136125653	2.7923211169284467E-4
10.0	15.380835956993376	17.8417630102179	51.484836184789785	15.289884890230605	0.002679957768332167
11.0	15.58574375263418	36.44101811198786	26.069427891177348	21.902135534274333	0.0016747099262848515
12.0	12.31116568526219	29.670192280858426	40.206457734490556	17.81056567968074	0.0016186197080903077
13.0	11.673653336190503	44.91876043536103	26.139519102849135	17.268067125599334	0.0
14.0	19.080369731226803	31.432231470896248	35.593186295596404	13.893654568999331	5.579332812223649E-4
15.0	19.02586619020232	31.740234702945198	33.47135998179231	15.762539125060176	0.0
16.0	19.054373337854962	31.16639075802738	31.165163671087154	18.613793349634996	2.788833955057383E-4
17.0	18.238759406316625	32.012345259015646	31.759651147162117	17.98812878643806	0.0011154010675503618
18.0	18.17712405107336	31.559401385792558	33.02091848626753	17.242556076866546	0.0
19.0	18.201460912233745	32.13382402141185	31.98488903758225	17.679547228727557	2.788000446080071E-4
20.0	17.40831587593042	32.97511504600446	32.06963482477265	17.546934253292466	0.0
21.0	17.21118052597184	32.802424885859516	32.678749461917114	17.30764512625153	0.0
22.0	17.75732098119019	32.2667955857482	32.2439893987475	17.73189403431411	0.0
23.0	17.58861079946558	32.27187361292956	32.40492085194842	17.734594735656437	0.0
24.0	17.2395274797526	32.63318560801876	32.56977915929852	17.557451986484445	5.5766445664242504E-5
25.0	17.822352606539916	32.11601849424704	31.829736919893588	18.23139002448424	5.019548352193821E-4
26.0	17.536320075141713	32.47848850926359	32.24813275184773	17.736389349197577	6.693145493923461E-4
27.0	17.479094340969738	32.383914467519254	32.730854700091925	17.406136491419087	0.0
28.0	18.030544740570512	31.825098450451257	32.27523734088957	17.86911946808867	0.0
29.0	17.704731298799175	32.480884754046876	32.33925315128921	17.47513079586474	0.0
30.0	17.58079731509628	32.540120421234434	32.65721676659	17.221753923620156	1.1157345912868938E-4
31.0	18.063609776128313	32.03397074035102	32.110127061102474	17.79229242241819	0.0
32.0	17.599698685935888	32.5117875177859	32.28345841586921	17.60483218480596	2.2319560304661997E-4
33.0	17.230073437370073	32.55169049935068	32.74768718883712	17.45073713618254	0.019811738259591812
34.0	17.829041557709427	32.005548097934536	32.16624200088747	17.989902908286144	0.009265435182420232
35.0	17.467155301624164	32.54844715122657	32.15098931832074	17.83312911518183	2.791136467035283E-4
36.0	17.36836022620496	32.48025396414197	32.531283516058956	17.619878969515703	2.2332407841131719E-4
37.0	18.06423225281929	31.891655256980382	32.008860468284794	18.03424692720211	0.0010050947134251618
38.0	17.612520418278024	32.501989473243334	32.065673558853504	17.81981654962514	0.0
39.0	17.525351706757995	32.49738049119421	32.62344086165642	17.35382694039137	0.0
40.0	18.10178967667834	31.919606445428155	32.192281307051665	17.786322570841833	0.0
41.0	17.681574079765745	32.42627787805464	32.35642557376683	17.535722468412786	0.0
42.0	17.49547758694325	32.43201846083669	32.71588512959033	17.356171612438704	4.472101910258331E-4
43.0	17.891467960813216	32.187999467607376	32.00792549187598	17.912607079703427	0.0
44.0	17.456805996386816	32.548369283344044	32.335259656372614	17.659341268016266	2.2379588025353835E-4
45.0	17.394730758919152	32.57809522157041	32.59555823719813	17.431615782312313	0.0
46.0	17.904929331045352	32.155899996920745	31.983461589064717	17.955709082969186	0.0
47.0	17.618585231402616	32.41277393068057	32.240802525756514	17.727838312160298	0.0
48.0	17.50299649382218	32.37944013173371	32.588242542370985	17.529320832073125	0.0
49.0	18.012788766859906	31.952421395134127	32.021272781461555	18.011556276624592	0.001960779919820908
50.0	17.624956710514667	32.524048780105105	32.14769643899853	17.70324203221298	5.6038168717476846E-5
51.0	17.5527570443162	32.394184602707014	32.60411966017989	17.4489386927969	0.0
52.0	18.06113790827351	31.955265656431404	32.14593957095004	17.837376461529576	2.8040281546858954E-4
53.0	17.576971244916464	32.5232967348661	32.297343094919604	17.60165949959152	7.294257063085224E-4
54.0	17.512665277378556	32.59849274216729	32.556050589249786	17.33256682954872	2.2456165564817474E-4
55.0	17.86361394841517	32.10976350869389	32.095385088904685	17.931181288283945	5.616570230155815E-5
56.0	17.505173302109046	32.6367237869639	32.10616183403744	17.751884891148553	5.618574107025971E-5
57.0	17.458762567932872	32.41169428942355	32.633125951903246	17.496417190740335	0.0
58.0	17.863091380154504	31.86880148042135	32.164031315048796	18.10407582437535	0.0
59.0	17.52769944868187	32.404686063543565	32.16650313613144	17.900886438586085	2.249130570463855E-4
60.0	17.57182585843404	32.41051158416265	32.47778680280711	17.539875754596203	0.0
61.0	18.006020126738917	32.004812499894484	31.978420282278552	18.01024063062206	5.064604659773927E-4
62.0	17.66745696923563	32.42794799655202	32.23984059572786	17.664698135760506	5.630272398208898E-5
63.0	17.481377409754444	32.360183400755666	32.78347658113861	17.37439926901087	5.633393404084999E-4
64.0	17.9535799217971	32.082297363794545	32.167579898123165	17.795866418127922	6.763981572659536E-4
65.0	17.588772080221986	32.39131906061768	32.24603514787827	17.77387371128206	0.0
66.0	17.415527149519132	32.45788700089995	32.69012562665215	17.436178106036454	2.8211689231316103E-4
67.0	17.948505208403883	32.020169865759996	32.029087592394426	17.997326939661985	0.004910393779716349
68.0	17.521921244425474	32.57267419703968	32.15341681218726	17.751027959713802	9.597866337855058E-4
69.0	17.474735723297577	32.44348787642276	32.65329404150491	17.425658588046865	0.0028237707278890283
70.0	18.033178662288496	32.04571995482468	31.998601124411223	17.922330766279867	1.6949219573184751E-4
71.0	17.64681278469644	32.377124466357564	32.25757951717406	17.71718321577609	0.0013000159958489923
72.0	17.52340320126046	32.423125580732496	32.515986225859486	17.537484992147565	0.0
73.0	18.046512575416852	31.956543143927775	32.12432477090593	17.872619509749445	0.0
74.0	17.627237074710905	32.42525342094207	32.28380654053093	17.6637029638161	0.0
75.0	17.52833868396092	32.44333113113363	32.678018382890386	17.35031180201507	0.0
76.0	17.96820609345413	32.06269205038949	32.133332577415445	17.835032258796048	7.370199448935857E-4
77.0	17.592901400525907	32.510271960214446	32.22241885094711	17.673840590067677	5.671982448617511E-4
78.0	17.401404486731366	32.54406611165079	32.55064822464524	17.503710949912392	1.7022706020136726E-4
79.0	17.941751805426097	31.996884710444963	32.06437886643877	17.996644024808788	3.405928813817172E-4
80.0	17.555717721486637	32.529211163704616	32.20602140400992	17.709049710798833	0.0
81.0	17.498213041783572	32.48701401270701	32.54599215670231	17.468780788807106	0.0
82.0	17.986977584002428	32.007308835242505	31.99389186948931	18.01176485971596	5.685154980167337E-5
83.0	17.61748498333631	32.45715742151454	32.22395679843251	17.7009456601017	4.551366149441832E-4
84.0	17.518354975200285	32.42067052591786	32.59624975519109	17.464724743690763	0.0
85.0	17.977075512707373	32.088357097401435	32.09428220967947	17.840114263511392	1.7091670032776127E-4
86.0	17.66934332161762	32.48541237304418	32.29613666618207	17.544432757239655	0.0046748819164735425
87.0	17.475539310223663	32.47178314763573	32.671940695412005	17.380736846728603	0.0
88.0	17.929782489965707	32.029384085864905	32.12703047126509	17.91380295290431	0.0
89.0	17.567786700285946	32.47566484866756	32.261775883648056	17.694715469436602	5.7097961831154476E-5
90.0	17.327602310918248	32.61678414919853	32.53509194372036	17.520464468746447	5.7127416418305224E-5
91.0	17.965210591838343	32.06102550560218	32.02564392757237	17.947205426928182	9.145480589289042E-4
92.0	17.597538341869637	32.43194550492875	32.214319826814574	17.756081937068714	1.1438931832545477E-4
93.0	17.48278086522396	32.482846690886696	32.56613046417395	17.46200285168219	0.006239128033203608
94.0	18.026629818935106	32.024184761125646	32.12312137867346	17.8238870919509	0.0021769493148911354
95.0	17.676381379401292	32.465755780951675	32.11703524474081	17.739795538074297	0.001032056831929545
96.0	17.468972434989592	32.55208751758822	32.612857244508916	17.365968034779335	1.1476813393900303E-4
97.0	18.007237970979205	32.05782566849587	32.04731671348798	17.88629884941299	0.0013207976239425006
98.0	17.58435230302473	32.4769007998529	32.28279856578101	17.655201342281877	7.469890594833133E-4
99.0	17.379895742242905	32.5156682724454	32.6759011879773	17.42761490976765	9.198875667421549E-4
100.0	17.935655186259638	32.03118123879327	32.08398984556071	17.944514146436312	0.004659582950068254
101.0	17.621815841628614	32.44740342832539	32.2317156075207	17.697971429278628	0.001093693246674453
102.0	17.5346378150699	32.43414033931579	32.54099739395517	17.488323490579297	0.0019009610798380611
103.0	18.047462645780474	32.02595726943639	32.013619725772145	17.91296035901099	0.0
104.0	17.72283957812325	32.41420458414165	32.17144888281599	17.691506954919106	0.0
105.0	17.581678810869253	32.39735569037135	32.50056601071031	17.519706413709933	6.930743391536176E-4
106.0	18.023346564440658	31.934566720739614	32.06845797283094	17.973628741988783	0.0
107.0	17.57694150432011	32.50273695807652	32.23610053489303	17.68381595606054	4.0504664980129567E-4
108.0	17.470004754302177	32.35930942747431	32.708498734985	17.461955448540326	2.3163469818288373E-4
109.0	17.97696817566025	31.98473043587096	32.14767068454606	17.89063070392273	0.0
110.0	17.599770845679178	32.4274818189936	32.27382317775348	17.698808188787908	1.1596878584160288E-4
111.0	17.46785424161541	32.63212254845074	32.51630497853081	17.38371823140304	0.0
112.0	17.950437815556477	31.941139098630742	32.08969092161365	18.015944639764733	0.0027875244343938703
113.0	17.610078978895366	32.490512011337344	32.174701060783	17.724707948984296	0.0
114.0	17.501733985653306	32.46160792838755	32.49861513897488	17.538042946984262	0.0
115.0	18.01309096162124	31.954493268412477	32.11782447952739	17.913717550008535	8.737404303579364E-4
116.0	17.683985738561283	32.58875203080881	32.101766118469776	17.622463748677713	0.003032363482412875
117.0	17.531034708204277	32.30300709481508	32.724002703898584	17.44084638096717	0.0011091121148900053
118.0	18.021666994848232	32.05642463617129	32.08008876678327	17.8418196021972	0.0
119.0	17.578082281504994	32.52200783761482	32.20831610582476	17.690658080106015	9.356949494110677E-4
120.0	17.496688671951137	32.51668540598374	32.60512405701045	17.381501865054673	0.0
121.0	17.96779490147447	32.0850133060281	32.08688780701544	17.86030398548199	0.0
122.0	17.61280419520558	32.45726052231341	32.19646733107954	17.73059500482538	0.0028729465760926284
123.0	17.593592491472386	32.409400684087345	32.58288748711761	17.411184851479803	0.0029344858428665
124.0	18.064485802840903	32.006874568503314	31.965333372504663	17.96312998516386	1.7627098726442117E-4
125.0	17.625640461455824	32.48934696905606	32.16994724521415	17.7148299956876	2.3532858636353204E-4
126.0	17.470168357784146	32.46044340146104	32.57471605601481	17.493140695555265	0.0015314891847411842
127.0	17.98339636706331	32.01515876184573	32.12620742569382	17.87523744539714	0.0
128.0	17.647301927106366	32.381184602750174	32.257910251785496	17.71360321835796	0.0
129.0	17.588531009937316	32.48375005762391	32.44497950952893	17.48108458244238	0.0016548404674687916
130.0	17.946970342392486	32.0499531423054	32.14437849657797	17.858638854968337	5.916375580988082E-5
131.0	17.663829812435964	32.50726980911939	32.10963642070726	17.71375607791577	0.0055078798216157635
132.0	17.473019780553372	32.451266033679474	32.68825084222397	17.387463343543185	0.0
133.0	17.978838089539195	32.01688773644493	32.132231071345466	17.87162755797442	4.1554469598750044E-4
134.0	17.574859803195427	32.46217331499312	32.21209574160751	17.750514480959747	3.5665924419150697E-4
135.0	17.54743140297896	32.320919702806265	32.622018552880114	17.509630341334656	0.0
136.0	17.932494482446966	32.048785780630915	32.145305698073294	17.87317557086255	2.3846798626901334E-4
137.0	17.647648872874043	32.503978003803354	32.1829314529491	17.6654416703735	0.0
138.0	17.544936032903856	32.435988054532	32.636434634202935	17.37965132341386	0.0029899549473588532
139.0	18.074733724798552	32.02297287990442	32.028003437547724	17.874289957749305	0.0
140.0	17.70794474079103	32.408528064428296	32.18559839553013	17.697928799250544	0.0
141.0	17.477342950365923	32.5367726558483	32.57545542351624	17.410248771041264	1.8019922826677172E-4
142.0	17.989682533952333	32.03919770690887	32.034083497589705	17.93703626154909	0.0
143.0	17.67089630306264	32.469317801553785	32.262508780339274	17.597277115044303	0.0
144.0	17.57969801701224	32.49068244865975	32.50174741877828	17.427872115549732	0.0
145.0	18.122344392249865	32.0134634868559	32.01996670594936	17.844225414944884	0.0
146.0	17.676594373479542	32.75060941262708	32.01580906136927	17.556310710657527	6.764418665859857E-4
147.0	17.839738234475078	33.27118300802511	32.095010252904984	16.793815346446923	2.5315814789499E-4
148.0	19.525756651972436	32.93856636970832	31.535778824066973	15.999485266085777	4.1288816648751906E-4
149.0	21.91530139317626	38.173670059435494	26.536397963299923	13.374630584088324	0.0
150.0	46.122834424386696	0.0	36.50358725120677	17.373578324406534	0.0
