#Position (bp)	mapping quality
6876.0	59.98949249093734
20627.0	59.99780911733944
34378.0	59.99987897991066
48129.0	59.998359364281946
61880.0	59.26171178509689
75631.0	59.99915693324698
89382.0	59.99564764564064
103133.0	59.94034691492575
116884.0	59.99513173335163
130635.0	59.9607741323746
144386.0	59.99808639799808
158137.0	59.998570323370465
171888.0	59.999242142413614
185639.0	59.998899335995056
199390.0	59.98813373361153
213141.0	59.99884330660086
226892.0	59.999446456407135
240643.0	59.9990084862748
254394.0	59.9937588286717
268145.0	59.9970778764065
281896.0	59.99959257734119
295647.0	59.17534326111802
309398.0	59.99806916647496
323149.0	59.99931818215505
336900.0	59.99858539183133
350651.0	59.9997980021319
364402.0	59.99988205729603
378153.0	59.99194214359
391904.0	59.998274820049495
405655.0	59.99959999257129
419406.0	59.99907468774259
433157.0	59.41113056174251
446908.0	59.48216145913593
460659.0	59.9998069594059
474410.0	59.99704462159612
488161.0	59.99928937100002
501912.0	59.998415040157674
515663.0	59.99724716892979
529414.0	59.99882710907885
543165.0	59.99691517373122
556916.0	59.99653117962398
570667.0	59.99796152524505
584418.0	59.6514270078298
598169.0	59.70526938968712
611920.0	59.99929606868682
625671.0	59.84881961236109
639422.0	59.99931557703883
653173.0	59.98494746273519
666924.0	59.997627320204316
680675.0	59.99842855962413
694426.0	59.6497071328936
708177.0	59.99272630642211
721928.0	59.99777361830197
735679.0	59.12366863814918
749430.0	59.99838435603124
763181.0	59.78132074166093
776932.0	58.76068247308347
790683.0	59.79265927895454
804434.0	57.53646638882751
818185.0	58.88528636645113
831936.0	59.984318215019336
845687.0	59.99935016312382
859438.0	59.99717956902671
873189.0	59.99183046337762
886940.0	59.99850920744019
900691.0	59.993180285484854
914442.0	59.99964163734013
928193.0	59.99965559871402
941944.0	59.99775754188421
955695.0	59.996119826057
969446.0	59.977066255086854
983197.0	59.99444085561692
996948.0	59.99910420107141
1010699.0	59.99391461497203
1024450.0	59.99936783261412
1038201.0	59.995402366795894
1051952.0	59.99930401111051
1065703.0	59.994716517304326
1079454.0	59.99868402107424
1093205.0	59.975647056674646
1106956.0	60.0
1120707.0	59.99901123447376
1134458.0	59.997399682800506
1148209.0	59.988906896348915
1161960.0	59.95996358002013
1175711.0	59.99816315558105
1189462.0	59.99772577266336
1203213.0	59.988278931506805
1216964.0	59.99834406087226
1230715.0	59.997874369896515
1244466.0	59.99955402516526
1258217.0	59.98981324278438
1271968.0	59.98941909012496
1285719.0	59.99455272563009
1299470.0	59.95655139982647
1313221.0	59.99478597299967
1326972.0	59.99893343965711
1340723.0	59.99315632103372
1354474.0	59.99236837180339
1368225.0	59.99644068422059
1381976.0	59.99899977267561
1395727.0	59.9990686138298
1409478.0	59.58461010554817
1423229.0	59.999544599190365
1436980.0	59.998667269104374
1450731.0	59.93219518268978
1464482.0	59.99968394625894
1478233.0	59.95233105843929
1491984.0	59.9995584494831
1505735.0	60.0
1519486.0	59.99830881931627
1533237.0	59.997569145616545
1546988.0	59.99941068715298
1560739.0	59.96922927855601
1574490.0	59.99049272109154
1588241.0	58.437391993555345
1601992.0	59.995594959201014
1615743.0	59.999213665893315
1629494.0	58.80660149048371
1643245.0	59.99442829822157
1656996.0	59.99668946949092
1670747.0	59.99906201003718
1684498.0	59.991983168216294
1698249.0	59.99992850968694
1712000.0	59.998782533412694
1725751.0	59.999357449659286
1739502.0	59.99777126539622
1753253.0	59.97572272856736
1767004.0	59.99930448420174
1780755.0	59.99677984964375
1794506.0	59.99884431538487
1808257.0	59.99891771513013
1822008.0	59.9970273378435
1835759.0	59.991470532430256
1849510.0	59.99342725667733
1863261.0	59.999130993180565
1877012.0	57.111739683012296
1890763.0	59.62710961094333
1904514.0	58.05996077043245
1918265.0	58.23225362040241
1932016.0	59.571731399912444
1945767.0	59.929659761076664
1959518.0	56.26922072184216
1973269.0	59.51031491821147
1987020.0	59.99864077009165
2000771.0	59.99195265318974
2014522.0	59.75862322571155
2028273.0	59.99882305737595
2042024.0	59.999237544179685
2055775.0	59.99992001439741
2069526.0	59.986882693804596
2083277.0	59.50179272441769
2097028.0	59.999130397569225
2110779.0	59.99877573611615
2124530.0	59.48546832862279
2138281.0	59.98602170480102
2152032.0	59.99935938158969
2165783.0	59.999926275682036
2179534.0	59.99754395606259
2193285.0	59.99963050366534
2207036.0	59.99899759914481
2220787.0	59.99940119655019
2234538.0	60.0
2248289.0	59.99992164321306
2262040.0	59.996333481068525
2275791.0	59.999852127681024
2289542.0	59.99182237862515
2303293.0	59.951891648962246
2317044.0	59.989668342813175
2330795.0	59.83565804423656
2344546.0	59.834546466646465
2358297.0	59.97807718572245
2372048.0	59.99895838684591
2385799.0	59.99974646848953
2399550.0	59.98965373140463
2413301.0	59.991072987861635
2427052.0	59.99874164483986
2440803.0	59.99907899013978
2454554.0	59.99786055389318
2468305.0	59.0815820121331
2482056.0	59.37403325762986
2495807.0	55.67641916009717
2509558.0	59.99863540548208
2523309.0	59.99903384559645
2537060.0	59.9984813349851
2550811.0	59.317781021793984
2564562.0	59.99477189826527
2578313.0	59.99206059939208
2592064.0	59.99883005214671
2605815.0	59.98644785112619
2619566.0	59.99391983034582
2633317.0	59.99988621871607
2647068.0	59.99839814522078
2660819.0	59.99920272270197
2674570.0	59.13413312583497
2688321.0	59.99893972554653
2702072.0	59.99913075545253
2715823.0	59.99992521038828
2729574.0	59.99503683145481
2743325.0	59.99315164244946
2757076.0	59.99882107138413
2770827.0	59.992180511025644
2784578.0	59.998629222455534
2798329.0	59.998863456332614
2812080.0	59.99734125641093
2825831.0	59.98561421996067
2839582.0	59.520079705206996
2853333.0	59.99855361562957
2867084.0	59.999452493688466
2880835.0	59.99896263244041
2894586.0	59.997600729695435
2908337.0	59.701869036507816
2922088.0	59.98589490810319
2935839.0	59.99876606816666
2949590.0	59.999209807102716
2963341.0	59.999587912290075
2977092.0	59.998671701793846
2990843.0	59.988496118196615
3004594.0	59.99870816320907
3018345.0	59.99941426541176
3032096.0	59.997098477053434
3045847.0	59.99951598735591
3059598.0	59.66659383212853
3073349.0	59.99904082150817
3087100.0	59.98329193598245
3100851.0	59.99733846327939
3114602.0	59.9990640974054
3128353.0	59.998245995957085
3142104.0	59.99890645023494
3155855.0	59.998909060112226
3169606.0	59.9999352730814
3183357.0	59.99956825533887
3197108.0	59.993956600617295
3210859.0	59.99239515698042
3224610.0	59.99913462540456
3238361.0	59.95020878567531
3252112.0	59.98842549394667
3265863.0	59.99879502196193
3279614.0	59.998315385281636
3293365.0	59.998996683980835
3307116.0	59.59487139866029
3320867.0	59.99751946194363
3334618.0	58.911406694364445
3348369.0	59.95430801204564
3362120.0	59.967032775453276
3375871.0	59.946010137236634
3389622.0	59.89451670305076
3403373.0	59.994005067522124
3417124.0	59.99894908276123
3430875.0	59.999282774943744
3444626.0	58.93298352674829
3458377.0	59.9980631087767
3472128.0	58.93417116713661
3485879.0	59.998754857195784
3499630.0	59.99897173418333
3513381.0	59.65431013761192
3527132.0	59.999744409723384
3540883.0	59.98801728908365
3554634.0	59.99971436732362
3568385.0	59.99993610539125
3582136.0	59.99830764549177
3595887.0	59.68307466144873
3609638.0	59.99496317165207
3623389.0	59.99714879680386
3637140.0	59.99609375
3650891.0	59.984795711392415
3664642.0	59.99532134370196
3678393.0	59.998567312094366
3692144.0	59.99827011753189
3705895.0	59.99913826816601
3719646.0	59.997684671574916
3733397.0	59.9989936753338
3747148.0	59.9990691033695
3760899.0	59.86166392327958
3774650.0	60.0
3788401.0	59.59150398080489
3802152.0	59.99902937157711
3815903.0	59.99099260270097
3829654.0	59.9978465603606
3843405.0	59.99780176835523
3857156.0	59.98533184700894
3870907.0	59.990415104578055
3884658.0	57.68026620302109
3898409.0	59.99977668780157
3912160.0	59.99991797732073
3925911.0	59.99898691003339
3939662.0	59.997785619248326
3953413.0	59.891015823323336
3967164.0	59.9999403842506
3980915.0	59.998047807569215
3994666.0	59.997789348923305
4008417.0	59.99894355055921
4022168.0	59.997300089997
4035919.0	59.958584530276966
4049670.0	59.99353420732949
4063421.0	59.999338277114234
4077172.0	59.998735070433575
4090923.0	59.25142336578032
4104674.0	59.99271847851945
4118425.0	59.854837851778825
4132176.0	59.9982154709364
4145927.0	59.98455260597778
4159678.0	59.49387292629245
4173429.0	59.63719860909748
4187180.0	59.86123807058063
4200931.0	59.988979469988784
4214682.0	59.999139504596826
4228433.0	59.74430214565149
4242184.0	59.973265358609325
4255935.0	59.9981755066812
4269686.0	59.99989434341033
4283437.0	59.94768898823165
4297188.0	59.99877160701791
4310939.0	59.997102995743816
4324690.0	15.674727486164683
4338441.0	59.99925966945134
4352192.0	59.994205432661026
4365943.0	59.97537112346256
4379694.0	59.9997093897695
4393445.0	59.991857903548635
4407196.0	59.998738389981455
4420947.0	60.0
4434698.0	59.999482145627
4448449.0	59.99944874498475
4462200.0	59.99512677195643
4475951.0	59.99887178243387
4489702.0	59.99951146828208
4503453.0	59.999571976010515
4517204.0	59.99915909962503
4530955.0	59.99883297010366
4544706.0	59.994496409030845
4558457.0	59.99721838318523
4572208.0	59.99924396224734
4585959.0	59.99887509978954
4599710.0	59.99889796955641
4613461.0	59.99874064176017
4627212.0	59.99893471178247
4640963.0	59.995009601495006
4654714.0	59.998301461092844
4668465.0	59.999448366305586
4682216.0	59.80548716861773
4695967.0	59.35212400053602
4709718.0	59.99937449375062
4723469.0	59.99425598855279
4737220.0	59.931335324878354
4750971.0	59.99909326989544
4764722.0	59.65055823928881
4778473.0	59.291262526339494
4792224.0	59.9530722163289
4805975.0	59.999817536921036
4819726.0	59.99891225262812
4833477.0	59.9990606557442
4847228.0	59.99276828933184
4860979.0	59.99937039354339
4874730.0	59.99848023522407
4888481.0	58.82506373378051
4902232.0	59.99897571256919
4915983.0	59.998098346260385
4929734.0	59.98525078703548
4943485.0	59.99977270848831
4957236.0	59.80242688984364
4970987.0	59.99921288507138
4984738.0	59.99736511936114
4998489.0	59.999637777245944
5012240.0	59.99994245432312
5025991.0	59.9852191548535
5039742.0	59.999633171754226
5053493.0	59.997415734003326
5067244.0	59.961075399630644
5076613.5	59.998343722709066
5083489.0	0.0
5094746.0	58.497103844116296
5108497.0	57.52462764786846
5122248.0	59.45389375374439
5135999.0	0.0
5149750.0	40.0
5163501.0	0.0
5177252.0	0.0
5191003.0	0.0
5204754.0	0.0
5218505.0	0.0
5232256.0	18.660653214774282
5246007.0	0.0
5255740.0	0.0
5262615.5	24.190522088353415
5273509.0	39.49127031908489
5287260.0	0.0
5301011.0	0.0
5314762.0	0.0
5328513.0	0.0
5342264.0	17.259354135440795
5356015.0	0.0
5369766.0	0.0
5383517.0	29.873526259378348
5397268.0	0.0
5411019.0	0.0
5421994.0	0.0
5428869.5	51.68356277480176
5438521.0	56.189232200649954
5452272.0	57.341750277383866
5464002.0	57.61774688220893
5470877.5	30.968353038426827
5479774.0	42.34710743801653
5493417.0	45.8130081300813
