#Position (bp)	insert size
6876.0	8452.201673973696
20627.0	352.3253311258278
34378.0	354.72646464646465
48129.0	354.22943905525096
61880.0	359.8712938005391
75631.0	358.7012879102617
89382.0	356.41285211267603
103133.0	1014.0131022823331
116884.0	6753.3514160351015
130635.0	356.2799839550742
144386.0	349.4764375270212
158137.0	345.88257417467617
171888.0	353.5017793594306
185639.0	357.08059825508934
199390.0	352.1142520612485
213141.0	357.1544324107501
226892.0	355.41829314963644
240643.0	354.7323290845886
254394.0	357.1840319361277
268145.0	353.61634948096884
281896.0	360.07517269402683
295647.0	23068.14408770556
309398.0	770.5175772977552
323149.0	350.6531742650192
336900.0	350.9131297104324
350651.0	362.7031446540881
364402.0	359.2578906851424
378153.0	359.7760677183532
391904.0	357.16249021143307
405655.0	358.3680497925311
419406.0	356.36137820512823
433157.0	350.7093120805369
446908.0	353.25824411134903
460659.0	363.0105992662046
474410.0	348.6352530541012
488161.0	1349.2923508209851
501912.0	351.2161616161616
515663.0	349.6878350515464
529414.0	355.69255533199197
543165.0	353.89936858721387
556916.0	358.1531058617673
570667.0	357.41010770505386
584418.0	364.4411889596603
598169.0	1541.3339775802087
611920.0	353.5768903993203
625671.0	358.9780316344464
639422.0	353.5325010761946
653173.0	1123.9869227625663
666924.0	356.40994295028526
680675.0	354.52270850536746
694426.0	356.9467821782178
708177.0	2848.7873227689743
721928.0	352.65443298969075
735679.0	359.47436940602114
749430.0	352.4105691056911
763181.0	359.7097649186257
776932.0	366.2277318640955
790683.0	370.8194881005837
804434.0	372.99056603773585
818185.0	361.9239864864865
831936.0	358.7901284109149
845687.0	869.9331453886427
859438.0	350.30440647482015
873189.0	354.1157667386609
886940.0	349.4427321949188
900691.0	355.07238838318165
914442.0	347.24191404519274
928193.0	354.56188436830837
941944.0	362.62488262910796
955695.0	358.73686495874944
969446.0	357.7009385665529
983197.0	354.0497854077253
996948.0	358.2143796580447
1010699.0	358.0296484540449
1024450.0	360.3585690515807
1038201.0	761.2495741056218
1051952.0	364.73961456102785
1065703.0	358.8240235195296
1079454.0	361.76132035548034
1093205.0	350.6440903054449
1106956.0	359.2025630425796
1120707.0	360.8377192982456
1134458.0	358.8837314105453
1148209.0	360.0680672268908
1161960.0	358.9264957264957
1175711.0	351.28653169014086
1189462.0	349.91337099811676
1203213.0	356.48339317773787
1216964.0	357.6146010186757
1230715.0	358.5322854715378
1244466.0	357.5585344057194
1258217.0	358.17917235106864
1271968.0	354.61558219178085
1285719.0	358.3087896916705
1299470.0	353.79005998286203
1313221.0	362.7675799086758
1326972.0	357.7993799822852
1340723.0	345.41743542435427
1354474.0	356.9791851195748
1368225.0	356.2435164835165
1381976.0	349.98166368515206
1395727.0	1014.0242932862191
1409478.0	353.8849599245639
1423229.0	355.2757255936676
1436980.0	362.0847978910369
1450731.0	352.871282527881
1464482.0	364.00341151385925
1478233.0	368.3587385019711
1491984.0	355.6397248495271
1505735.0	359.9048490393413
1519486.0	359.6549328392774
1533237.0	355.1833176248822
1546988.0	352.1399808245446
1560739.0	350.6367816091954
1574490.0	360.9580184718724
1588241.0	356.1965579710145
1601992.0	356.96209784045834
1615743.0	352.78082788671026
1629494.0	358.7560019598236
1643245.0	354.0014381591563
1656996.0	349.4453665283541
1670747.0	358.4121747211896
1684498.0	356.38257940327236
1698249.0	361.9668874172185
1712000.0	357.10366972477067
1725751.0	357.9442119944212
1739502.0	361.89690721649487
1753253.0	356.28350266086113
1767004.0	355.45609981515713
1780755.0	1666.0812182741117
1794506.0	352.6448999046711
1808257.0	361.95767195767195
1822008.0	355.393215480172
1835759.0	361.3472622478386
1849510.0	1533.252584269663
1863261.0	361.4608120868744
1877012.0	357.4565960355434
1890763.0	356.79743888242143
1904514.0	395.2257267718032
1918265.0	734.8173118747281
1932016.0	361.912211868563
1945767.0	358.7322618580949
1959518.0	353.365179132621
1973269.0	355.9380530973451
1987020.0	360.4613978985838
2000771.0	358.60064190738194
2014522.0	350.67925347222223
2028273.0	402.61259628454917
2042024.0	358.8331744518589
2055775.0	351.1988144094847
2069526.0	365.11201814058956
2083277.0	359.1441005802708
2097028.0	360.9413763806287
2110779.0	352.7419047619048
2124530.0	358.734076433121
2138281.0	350.61950113378686
2152032.0	355.3570119156737
2165783.0	356.625
2179534.0	352.02428964252977
2193285.0	351.273656152821
2207036.0	358.80305927342255
2220787.0	354.7831498324557
2234538.0	363.5607951918632
2248289.0	357.8396624472574
2262040.0	354.4075508228461
2275791.0	362.9588793492996
2289542.0	357.8313817330211
2303293.0	359.75787965616047
2317044.0	1941.9893020886398
2330795.0	356.25084554678693
2344546.0	358.29333333333335
2358297.0	356.4280871670702
2372048.0	351.5184855233853
2385799.0	358.89386475593375
2399550.0	359.4657342657343
2413301.0	356.43554952510175
2427052.0	358.15824279641004
2440803.0	359.320177383592
2454554.0	353.37211585665193
2468305.0	353.21834415584414
2482056.0	362.2223731884058
2495807.0	369.80194805194805
2509558.0	355.48298993770965
2523309.0	355.0935569285084
2537060.0	777.0831122900089
2550811.0	360.90753582986594
2564562.0	355.7329986307622
2578313.0	360.90287277701776
2592064.0	357.2353200883002
2605815.0	352.3778280542986
2619566.0	355.800360522758
2633317.0	361.83121437965804
2647068.0	359.73949211908933
2660819.0	354.45048814504884
2674570.0	355.76168003775365
2688321.0	350.0436005625879
2702072.0	2293.961363636364
2715823.0	356.5150410209663
2729574.0	352.10417602155366
2743325.0	355.25174175568975
2757076.0	356.7930889169827
2770827.0	356.6555506801229
2784578.0	990.0524137931035
2798329.0	356.2048028998641
2812080.0	359.2116788321168
2825831.0	357.18389793224816
2839582.0	362.0640486208509
2853333.0	353.7596412556054
2867084.0	356.0558583106267
2880835.0	353.8216286083585
2894586.0	349.86844444444444
2908337.0	357.79678427869584
2922088.0	353.0732700135685
2935839.0	356.6204663212435
2949590.0	353.0137168141593
2963341.0	360.2233291822333
2977092.0	347.66491458607095
2990843.0	348.0050804403048
3004594.0	357.81871609403254
3018345.0	351.1111615245009
3032096.0	1037.348440545809
3045847.0	356.3164997823248
3059598.0	731.1856179775281
3073349.0	355.62061681453315
3087100.0	360.2638648180243
3100851.0	356.37305263157896
3114602.0	356.1293916023993
3128353.0	361.2836617405583
3142104.0	353.3976970770593
3155855.0	356.27349665924277
3169606.0	357.4305495456512
3183357.0	354.0292642140468
3197108.0	356.6356326703343
3210859.0	355.9094371561574
3224610.0	358.77620041753653
3238361.0	361.40584847142225
3252112.0	359.23484544359695
3265863.0	350.30368852459014
3279614.0	353.72753267973854
3293365.0	357.4270042194093
3307116.0	356.54493392070486
3320867.0	362.16333197223355
3334618.0	369.3646633529146
3348369.0	378.91990291262135
3362120.0	356.49157801418437
3375871.0	351.1301194539249
3389622.0	357.8811457887986
3403373.0	361.1216216216216
3417124.0	354.00128589798544
3430875.0	354.47623358985965
3444626.0	362.3074352548037
3458377.0	357.04661016949154
3472128.0	355.9090513489991
3485879.0	354.81837979094075
3499630.0	358.08967275818105
3513381.0	610.2236951118475
3527132.0	355.37639290136195
3540883.0	352.85107278081614
3554634.0	354.04405286343615
3568385.0	357.05357142857144
3582136.0	354.40227629513345
3595887.0	357.297041906327
3609638.0	359.1292356185973
3623389.0	355.589898989899
3637140.0	357.7769383697813
3650891.0	347.98890860692103
3664642.0	351.0863279636514
3678393.0	355.5961613787701
3692144.0	354.62665562913907
3705895.0	359.83885714285714
3719646.0	359.44661712944855
3733397.0	357.0674619498149
3747148.0	357.34488381573584
3760899.0	1375.752808988764
3774650.0	349.3375
3788401.0	362.968887116075
3802152.0	354.80470970361347
3815903.0	353.5713741910925
3829654.0	352.89375775113683
3843405.0	357.94008845999196
3857156.0	360.0708194289952
3870907.0	363.2498090145149
3884658.0	8912.233654876742
3898409.0	357.2852748942714
3912160.0	353.46120857699805
3925911.0	359.15168539325845
3939662.0	354.3243037008775
3953413.0	1492.152480839048
3967164.0	357.64703603254554
3980915.0	351.76395398380913
3994666.0	355.096214511041
4008417.0	360.28518655338013
4022168.0	356.9
4035919.0	355.2575993764614
4049670.0	352.16062176165804
4063421.0	357.83174603174604
4077172.0	355.45677179962894
4090923.0	548.9739007092198
4104674.0	360.691685062546
4118425.0	364.6943396226415
4132176.0	346.15919015482336
4145927.0	353.7336080929187
4159678.0	356.1715758468336
4173429.0	361.1263494602159
4187180.0	353.830011282437
4200931.0	352.22452107279696
4214682.0	353.0426941479573
4228433.0	353.4541910331384
4242184.0	354.1959242045048
4255935.0	355.8093109869646
4269686.0	362.99587860621955
4283437.0	349.0103305785124
4297188.0	355.2546537602383
4310939.0	600.0746606334842
4324690.0	8649.938271604939
4338441.0	357.0764256319812
4352192.0	348.01675107128943
4365943.0	358.32248062015503
4379694.0	354.75746127691724
4393445.0	356.42603335750545
4407196.0	356.43571169865993
4420947.0	363.3988684582744
4434698.0	361.8127392969022
4448449.0	345.8370850820298
4462200.0	352.8695340501792
4475951.0	354.2979876160991
4489702.0	355.9507479022255
4503453.0	357.4374015748032
4517204.0	357.73787486116254
4530955.0	353.66037735849056
4544706.0	355.1591746499632
4558457.0	355.0037285607755
4572208.0	357.58706647398844
4585959.0	356.7303978370027
4599710.0	351.3669519910681
4613461.0	350.2785578747628
4627212.0	355.5081845238095
4640963.0	351.1961089494163
4654714.0	358.998347107438
4668465.0	356.0541066562865
4682216.0	351.8546029237456
4695967.0	358.2073643410853
4709718.0	354.95546250475826
4723469.0	359.31075392269423
4737220.0	358.2150971051667
4750971.0	357.77132974634895
4764722.0	357.6140290255701
4778473.0	353.53864541832667
4792224.0	352.14360629286
4805975.0	356.6024453501297
4819726.0	352.39533213644523
4833477.0	351.3001099303774
4847228.0	351.70195195195197
4860979.0	353.7334083239595
4874730.0	357.59417549167927
4888481.0	359.94494459833794
4902232.0	351.6039292730845
4915983.0	350.38652335675897
4929734.0	353.21628189550427
4943485.0	359.24641055490883
4957236.0	349.47317637977613
4970987.0	360.07660108832147
4984738.0	349.3476394849785
4998489.0	350.55747351902704
5012240.0	359.30636503067484
5025991.0	359.16538164996143
5039742.0	357.29725427775566
5053493.0	356.4591381872214
5067244.0	355.4344986553976
5076613.5	363.98493626882964
5083489.0	0.0
5094746.0	369.87267525035764
5108497.0	352.57238037553
5122248.0	360.57192374350086
5135999.0	0.0
5149750.0	19.0
5163501.0	0.0
5177252.0	0.0
5191003.0	0.0
5204754.0	0.0
5218505.0	0.0
5232256.0	270.69642857142856
5246007.0	0.0
5255740.0	0.0
5262615.5	310.4537037037037
5273509.0	126.0
5287260.0	0.0
5301011.0	0.0
5314762.0	0.0
5328513.0	0.0
5342264.0	323.91358024691357
5356015.0	0.0
5369766.0	0.0
5383517.0	70.75
5397268.0	0.0
5411019.0	0.0
5421994.0	0.0
5428869.5	385.4740932642487
5438521.0	300.1563126252505
5452272.0	356.14466268146884
5464002.0	340.0562474889514
5470877.5	325.05797101449275
5479774.0	33.5
5493417.0	20.0
