#Insert size (bp)	insert size
19.0	181.0
20.0	45.0
21.0	38.0
22.0	6.0
23.0	10.0
24.0	8.0
25.0	5.0
27.0	10.0
29.0	1.0
34.0	3.0
35.0	2.0
37.0	10.0
38.0	1.0
39.0	7.0
40.0	2.0
41.0	2.0
42.0	4.0
43.0	6.0
45.0	1.0
46.0	8.0
47.0	2.0
48.0	1.0
49.0	2.0
50.0	1.0
51.0	2.0
52.0	1.0
53.0	7.0
54.0	12.0
55.0	3.0
57.0	1.0
58.0	1.0
59.0	2.0
60.0	2.0
61.0	5.0
62.0	5.0
63.0	3.0
65.0	2.0
66.0	2.0
67.0	7.0
68.0	7.0
69.0	3.0
71.0	2.0
72.0	21.0
74.0	2.0
75.0	5.0
76.0	2.0
77.0	6.0
78.0	2.0
79.0	3.0
80.0	9.0
81.0	5.0
82.0	3.0
83.0	5.0
84.0	2.0
85.0	9.0
86.0	23.0
87.0	10.0
88.0	1.0
89.0	2.0
90.0	4.0
91.0	2.0
92.0	2.0
93.0	2.0
94.0	2.0
95.0	2.0
96.0	2.0
97.0	6.0
98.0	27.0
99.0	4.0
100.0	5.0
101.0	4.0
102.0	4.0
103.0	1.0
104.0	2.0
105.0	6.0
106.0	7.0
107.0	5.0
108.0	2.0
109.0	28.0
110.0	4.0
111.0	5.0
112.0	5.0
113.0	23.0
114.0	9.0
115.0	4.0
116.0	3.0
117.0	5.0
118.0	5.0
119.0	4.0
120.0	1.0
121.0	6.0
122.0	5.0
123.0	4.0
124.0	8.0
125.0	2.0
126.0	6.0
127.0	4.0
128.0	9.0
129.0	6.0
130.0	3.0
131.0	5.0
132.0	7.0
133.0	5.0
134.0	4.0
135.0	17.0
136.0	1.0
137.0	8.0
138.0	7.0
139.0	5.0
140.0	22.0
141.0	15.0
142.0	9.0
143.0	10.0
144.0	4.0
145.0	3.0
146.0	2.0
147.0	4.0
148.0	8.0
149.0	14.0
150.0	8.0
151.0	9.0
152.0	2.0
153.0	10.0
154.0	3.0
155.0	5.0
156.0	7.0
157.0	15.0
158.0	10.0
159.0	4.0
160.0	7.0
161.0	7.0
162.0	1.0
163.0	4.0
164.0	4.0
165.0	5.0
166.0	3.0
167.0	3.0
168.0	19.0
169.0	15.0
170.0	3.0
171.0	8.0
172.0	8.0
173.0	11.0
174.0	8.0
175.0	2.0
176.0	9.0
177.0	10.0
178.0	13.0
179.0	27.0
180.0	4.0
181.0	5.0
182.0	6.0
183.0	5.0
184.0	9.0
185.0	7.0
186.0	7.0
187.0	15.0
188.0	8.0
189.0	11.0
190.0	15.0
191.0	1.0
192.0	11.0
193.0	6.0
194.0	25.0
195.0	13.0
196.0	21.0
197.0	96.0
198.0	13.0
199.0	14.0
200.0	19.0
201.0	9.0
202.0	11.0
203.0	9.0
204.0	7.0
205.0	24.0
206.0	7.0
207.0	11.0
208.0	14.0
209.0	4.0
210.0	6.0
211.0	14.0
212.0	8.0
213.0	51.0
214.0	9.0
215.0	11.0
216.0	11.0
217.0	21.0
218.0	7.0
219.0	35.0
220.0	20.0
221.0	51.0
222.0	23.0
223.0	7.0
224.0	11.0
225.0	6.0
226.0	13.0
227.0	11.0
228.0	5.0
229.0	12.0
230.0	5.0
231.0	9.0
232.0	16.0
233.0	15.0
234.0	19.0
235.0	7.0
236.0	5.0
237.0	16.0
238.0	12.0
239.0	14.0
240.0	9.0
241.0	14.0
242.0	15.0
243.0	8.0
244.0	27.0
245.0	7.0
246.0	12.0
247.0	8.0
248.0	10.0
249.0	16.0
250.0	12.0
251.0	4.0
252.0	22.0
253.0	22.0
254.0	8.0
255.0	43.0
256.0	9.0
257.0	19.0
258.0	18.0
259.0	16.0
260.0	11.0
261.0	12.0
262.0	14.0
263.0	12.0
264.0	8.0
265.0	10.0
266.0	10.0
267.0	16.0
268.0	11.0
269.0	16.0
270.0	18.0
271.0	40.0
272.0	28.0
273.0	18.0
274.0	8.0
275.0	15.0
276.0	9.0
277.0	13.0
278.0	12.0
279.0	12.0
280.0	18.0
281.0	9.0
282.0	14.0
283.0	26.0
284.0	19.0
285.0	15.0
286.0	12.0
287.0	11.0
288.0	14.0
289.0	15.0
290.0	12.0
291.0	11.0
292.0	15.0
293.0	19.0
294.0	11.0
295.0	20.0
296.0	10.0
297.0	15.0
298.0	8.0
299.0	15.0
300.0	15.0
301.0	11.0
302.0	14.0
303.0	15.0
304.0	28.0
305.0	16.0
306.0	20.0
307.0	23.0
308.0	43.0
309.0	10.0
310.0	18.0
311.0	26.0
312.0	16.0
313.0	17.0
314.0	11.0
315.0	18.0
316.0	16.0
317.0	19.0
318.0	17.0
319.0	18.0
320.0	19.0
321.0	18.0
322.0	20.0
323.0	21.0
324.0	24.0
325.0	17.0
326.0	24.0
327.0	13.0
328.0	28.0
329.0	8.0
330.0	11.0
331.0	26.0
332.0	7.0
333.0	14.0
334.0	16.0
335.0	14.0
336.0	27.0
337.0	11.0
338.0	11.0
339.0	17.0
340.0	8.0
341.0	11.0
342.0	16.0
343.0	11.0
344.0	15.0
345.0	22.0
346.0	20.0
347.0	26.0
348.0	16.0
349.0	19.0
350.0	12.0
351.0	14.0
352.0	16.0
353.0	15.0
354.0	13.0
355.0	13.0
356.0	16.0
357.0	11.0
358.0	9.0
359.0	21.0
360.0	6.0
361.0	8.0
362.0	12.0
363.0	15.0
364.0	15.0
365.0	11.0
366.0	16.0
367.0	13.0
368.0	10.0
369.0	13.0
370.0	6.0
371.0	14.0
372.0	11.0
373.0	15.0
374.0	12.0
375.0	8.0
376.0	30.0
377.0	15.0
378.0	11.0
379.0	16.0
380.0	12.0
381.0	10.0
382.0	11.0
383.0	23.0
384.0	13.0
385.0	12.0
386.0	27.0
387.0	6.0
388.0	1.0
389.0	7.0
390.0	9.0
391.0	10.0
392.0	6.0
393.0	8.0
394.0	12.0
395.0	17.0
396.0	7.0
397.0	13.0
398.0	2.0
399.0	2.0
400.0	11.0
401.0	12.0
402.0	16.0
403.0	4.0
404.0	14.0
405.0	10.0
406.0	22.0
407.0	5.0
408.0	6.0
409.0	6.0
410.0	7.0
411.0	11.0
412.0	2.0
413.0	16.0
414.0	8.0
415.0	9.0
416.0	30.0
417.0	13.0
418.0	2.0
419.0	12.0
420.0	6.0
421.0	11.0
422.0	4.0
423.0	8.0
424.0	4.0
425.0	6.0
426.0	2.0
427.0	10.0
428.0	10.0
429.0	8.0
430.0	7.0
431.0	5.0
432.0	10.0
433.0	5.0
434.0	4.0
435.0	9.0
436.0	8.0
437.0	7.0
438.0	14.0
439.0	3.0
440.0	8.0
441.0	8.0
442.0	14.0
443.0	11.0
444.0	5.0
445.0	4.0
446.0	6.0
447.0	9.0
448.0	5.0
449.0	9.0
450.0	2.0
451.0	12.0
452.0	14.0
453.0	6.0
454.0	3.0
455.0	6.0
456.0	6.0
457.0	2.0
458.0	2.0
459.0	13.0
460.0	9.0
461.0	16.0
462.0	4.0
463.0	5.0
464.0	1.0
465.0	11.0
466.0	1.0
467.0	2.0
468.0	11.0
469.0	2.0
470.0	8.0
471.0	1.0
472.0	9.0
473.0	9.0
474.0	7.0
475.0	5.0
476.0	3.0
477.0	2.0
478.0	5.0
479.0	2.0
480.0	5.0
481.0	5.0
482.0	3.0
483.0	5.0
485.0	8.0
486.0	8.0
487.0	2.0
489.0	5.0
490.0	1.0
491.0	2.0
492.0	3.0
493.0	5.0
494.0	5.0
495.0	2.0
496.0	2.0
497.0	3.0
498.0	3.0
499.0	2.0
500.0	1.0
501.0	7.0
502.0	2.0
503.0	2.0
505.0	1.0
506.0	5.0
508.0	3.0
509.0	2.0
510.0	3.0
511.0	2.0
512.0	4.0
513.0	2.0
514.0	4.0
515.0	2.0
516.0	2.0
517.0	4.0
518.0	6.0
519.0	4.0
520.0	1.0
522.0	2.0
523.0	2.0
524.0	2.0
525.0	2.0
526.0	3.0
527.0	2.0
528.0	2.0
529.0	1.0
530.0	1.0
533.0	1.0
534.0	1.0
535.0	2.0
536.0	1.0
537.0	1.0
538.0	3.0
539.0	1.0
540.0	6.0
541.0	1.0
542.0	1.0
543.0	4.0
544.0	5.0
545.0	2.0
546.0	1.0
547.0	2.0
548.0	2.0
549.0	1.0
550.0	3.0
551.0	1.0
553.0	1.0
555.0	4.0
556.0	1.0
557.0	2.0
558.0	1.0
559.0	1.0
560.0	4.0
561.0	8.0
562.0	1.0
564.0	3.0
565.0	1.0
566.0	3.0
567.0	2.0
568.0	1.0
569.0	1.0
570.0	5.0
572.0	3.0
573.0	4.0
574.0	4.0
575.0	1.0
576.0	2.0
577.0	1.0
579.0	3.0
580.0	1.0
581.0	1.0
582.0	2.0
583.0	2.0
584.0	3.0
587.0	2.0
590.0	2.0
591.0	3.0
592.0	1.0
593.0	3.0
594.0	2.0
595.0	2.0
596.0	1.0
599.0	1.0
600.0	2.0
601.0	1.0
602.0	1.0
603.0	1.0
604.0	2.0
607.0	4.0
609.0	1.0
610.0	1.0
611.0	1.0
612.0	2.0
613.0	3.0
615.0	1.0
618.0	2.0
619.0	2.0
620.0	1.0
623.0	3.0
625.0	1.0
627.0	2.0
628.0	2.0
630.0	2.0
632.0	2.0
634.0	2.0
635.0	2.0
637.0	2.0
638.0	1.0
644.0	1.0
645.0	2.0
651.0	1.0
652.0	2.0
655.0	1.0
657.0	2.0
658.0	1.0
659.0	1.0
660.0	3.0
664.0	1.0
665.0	1.0
669.0	1.0
670.0	1.0
674.0	1.0
677.0	1.0
678.0	1.0
680.0	1.0
684.0	1.0
688.0	1.0
691.0	1.0
694.0	1.0
702.0	2.0
711.0	1.0
713.0	1.0
722.0	1.0
730.0	1.0
731.0	1.0
745.0	1.0
752.0	2.0
753.0	1.0
766.0	1.0
769.0	2.0
783.0	1.0
