# Position (bp)	A	C	G	T	N
0.0	13.238153098420414	33.46901579586877	41.506682867557714	11.780072904009721	0.006075334143377886
1.0	13.680189194105877	35.558789642835485	25.52907646595112	25.219816869807776	0.012127827299739252
2.0	16.14398362727984	32.203695900800575	29.98856317341841	21.663757298501174	0.0
3.0	17.95867176301959	32.51911132345915	34.197324414715716	15.324892498805543	0.0
4.0	18.917644284619467	33.856039615634025	32.022637505158286	15.203678594588222	0.0
5.0	20.131571287186354	31.978808872329278	32.79385224428014	15.095767596204226	0.0
6.0	16.97337962962963	32.2974537037037	32.52893518518519	18.20023148148148	0.0
7.0	17.962589928057554	35.39568345323741	31.2	15.441726618705037	0.0
8.0	17.016902695294654	34.0623572407492	31.726815897670168	17.193924166285974	0.0
9.0	18.629671574178936	30.91732729331823	32.72933182332956	17.723669309173275	0.0
10.0	15.92428242431051	34.52788855810818	33.33707802055833	16.210750997022974	0.0
11.0	16.61450765619761	34.18464289706047	32.6813457024701	16.519503744271823	0.0
12.0	17.672222222222224	33.18888888888889	32.68333333333333	16.455555555555556	0.0
13.0	17.287836121693996	33.769532328419196	32.12964496714704	16.81298658273977	0.0
14.0	18.624059737550102	32.482292867731836	31.14808104101466	17.7455663537034	0.0
15.0	16.992965043354964	33.23335332933413	33.41877079129629	16.354910836014618	0.0
16.0	18.65943012211669	32.331071913161466	31.560379918588872	17.449118046132973	0.0
17.0	18.806324537261883	32.47531163995467	31.01289730721494	17.705466515568506	0.0
18.0	16.99640769931907	34.21264275373975	32.7381909817168	16.052758565224384	0.0
19.0	17.050666666666668	33.498666666666665	31.631999999999998	17.818666666666665	0.0
20.0	18.34696696058642	31.190906193562096	32.9438011261022	17.518325719749285	0.0
21.0	17.166587314182934	32.322911707136434	33.5872612812781	16.92323969740253	0.0
22.0	16.93548387096774	32.7482605945604	32.57432005060089	17.736664558296436	0.005270925574530887
23.0	18.106390799768942	31.785958094837994	32.069526860263615	18.038124245129445	0.0
24.0	17.888731878369185	32.652954414612445	31.737059716334326	17.721253990684044	0.0
25.0	18.20409865985295	31.76722115033634	31.887156489544765	18.13630912030036	0.005214579965583772
26.0	18.855954238169524	32.40769630785231	31.752470098803954	16.931877275091004	0.05200208008320333
27.0	18.19029367586886	32.035013207644894	32.67726731237375	17.045631118247268	0.05179468586523023
28.0	17.54078050794962	34.85959116250258	31.684906049969026	15.888911831509395	0.025810448069378485
29.0	18.462092747954088	33.11029903752123	31.216223171547686	17.159915590097278	0.05146945287971588
30.0	18.698267441262658	32.7952290370675	31.813274381779856	16.641817901393242	0.05141123849673539
31.0	17.005583158326075	32.966244941863444	33.12503201352251	16.887773395482252	0.015366490805716334
32.0	18.275615486770867	33.19542343446726	31.944018796608436	16.574726734089285	0.010215548064153642
33.0	17.7168763690082	33.233151647903824	31.577606846314506	17.4570831847588	0.015281952014670674
34.0	17.73431546863094	33.69570739141478	31.805943611887223	16.764033528067056	0.0
35.0	19.79594944419065	31.92731333434851	30.886757017410282	17.389980204050556	0.0
36.0	17.387122899372343	32.49645677262604	33.18485523385301	16.931565094148613	0.0
37.0	17.168552950687147	32.30598221503638	33.139652384801934	17.38075990299111	0.0050525464834276475
38.0	18.186408159143692	33.913965465010605	30.884580430172676	17.01504594567303	0.0
39.0	17.7801289802499	32.70858524788392	33.00584441757356	16.500403063280935	0.005038291011688835
40.0	18.526156941649898	32.776659959758554	32.16297786720322	16.529175050301813	0.005030181086519115
41.0	18.67188676404156	32.715956432264214	31.496260603322796	17.11589620037143	0.0
42.0	17.49310604161444	34.26422662321384	31.827525695663073	16.415141639508647	0.0
43.0	18.139907797153736	32.45640408899579	32.27099619162156	17.132691922228904	0.0
44.0	17.1507260891337	33.044566850275416	32.68402603905859	17.1206810215323	0.0
45.0	18.10047488127968	32.63184203949013	31.83704073981505	17.430642339415144	0.0
46.0	17.213483146067414	32.29463171036205	33.12359550561798	17.368289637952557	0.0
47.0	16.979530703944086	32.705941088367446	32.86070893659511	17.45381927109336	0.0
48.0	17.791288747134455	33.315060301006675	32.18379348151102	16.709857470347853	0.0
49.0	17.75844930417495	32.83300198807157	32.99701789264414	16.411530815109344	0.0
50.0	17.98926014319809	32.264319809069214	32.33392999204455	17.412490055688146	0.0
51.0	17.236410613137235	32.440624068369274	32.599622379012224	17.723342939481267	0.0
52.0	17.704038547513782	32.80015895881973	33.07833689334856	16.417465600317918	0.0
53.0	18.553474740450053	32.72564701207094	31.6824797575878	17.03839848989121	0.0
54.0	17.99960309585235	33.45901964675531	32.2931137130383	16.24826354435404	0.0
55.0	18.424830453937922	31.810306420474234	33.39933666650166	16.36057620909856	0.004950249987624375
56.0	17.88806967192835	32.57954376762828	32.20842199020238	17.32396457024098	0.0
57.0	18.328547380928807	31.87939399940588	32.602237845331224	17.18982077433409	0.0
58.0	17.56495916852264	32.788913635238806	32.64043553575848	17.00569166048008	0.0
59.0	17.816887482697254	32.66758947992881	31.8617757563773	17.653747280996637	0.0
60.0	17.12321993670886	33.272349683544306	33.33662974683544	16.267800632911392	0.0
61.0	16.478622327790973	33.35807600950119	33.62529691211402	16.538004750593824	0.0
62.0	18.3857390443179	32.121812329784596	32.36939836593216	17.11809853924239	0.0049517207229512255
63.0	18.440067306740573	33.01989508066911	32.3963179253687	16.143719687221616	0.0
64.0	16.94864945087563	33.33828039972296	33.15523894330662	16.552884139705153	0.004947066389630949
65.0	17.544380161202593	32.78445334520101	31.844929041190724	17.826237452405678	0.0
66.0	17.76579429080295	32.96393410181566	32.1476277643101	17.12264384307129	0.0
67.0	18.204328232555834	32.21908582181944	33.07086614173229	16.50571980389244	0.0
68.0	17.987819973263356	32.37114422934099	32.485022528098234	17.15601326929742	0.0
69.0	17.77226494666336	33.13817911188291	32.22029273133217	16.869263210121556	0.0
70.0	17.318657345431106	33.61594526253161	31.7516981506272	17.313699241410085	0.0
71.0	17.242577698341773	31.82901400059577	32.8120345546619	18.116373746400555	0.0
72.0	17.035639829246502	32.70128065124591	33.09341804824779	17.169661471259804	0.0
73.0	17.187577639751552	32.72049689440994	32.28819875776397	17.798757763975157	0.004968944099378882
74.0	17.93864664644757	32.163277482225425	32.41187291801322	17.486202953313775	0.0
75.0	17.743859998011335	32.60912797056776	32.43511981704286	17.211892214378043	0.0
76.0	16.62768128203852	33.94714577215946	32.47897277658886	16.946200169213157	0.0
77.0	18.279088285060215	32.23847914800438	31.67612222553996	17.80631034139544	0.0
78.0	17.485930574231784	32.2874645151651	33.004631704766176	17.221973205836942	0.0
79.0	17.426620820252158	32.79513629341705	32.64065380973738	17.13260577066826	0.004983305925150745
80.0	18.023430459597474	32.617402623410435	31.455892660458595	17.903274256533493	0.0
81.0	17.683049147442325	33.07422266800401	32.141424272818455	17.101303911735204	0.0
82.0	17.429303330152194	32.5983223667688	32.4827967250992	17.48957757797981	0.0
83.0	18.32068740264308	31.505954474649517	32.656650419576906	17.511682830008542	0.00502487312195367
84.0	18.044507098982983	32.66035645957104	32.43379317289296	16.861343268553018	0.0
85.0	17.53846153846154	33.09962168978562	32.383354350567465	16.978562421185373	0.0
86.0	17.512613521695258	32.0635721493441	32.85065590312815	17.573158425832492	0.0
87.0	18.085805245338317	32.543332154227095	31.492243165394918	17.87356612259336	0.005053312446308555
88.0	17.276957313372446	32.32854541776249	32.90006069188752	17.49443657697754	0.0
89.0	17.725430597771023	31.90982776089159	31.757852077001015	18.601823708206684	0.005065856129685916
90.0	18.381643738260824	31.976242448855274	32.79354281943246	16.843494593634194	0.005076399817249606
91.0	17.755869498932817	33.077548531354815	32.193312328488666	16.96818782396585	0.0050818172578514075
92.0	17.913185245567558	33.182188710006116	31.592622783778275	17.312003260648055	0.0
93.0	17.38154740653848	32.10078033355434	32.37619217626358	18.141480083643597	0.0
94.0	17.252477776642486	32.987636660876674	32.481863696740575	17.278021865740268	0.0
95.0	17.849275065320967	32.9115221066653	32.26599723346483	16.9732055945489	0.0
96.0	17.95476691112365	33.904302784758194	31.883686342889376	16.25724396122878	0.0
97.0	17.478421701602958	32.12597616111796	32.93773119605425	17.452733251130294	0.005137690094533498
98.0	17.812097812097814	32.06692406692407	32.6023166023166	17.518661518661517	0.0
99.0	17.751662285449203	32.62718416576465	32.245760527807846	17.3753930209783	0.0
100.0	17.226608866181557	33.1888321205553	32.74500696702276	16.83955204624039	0.0
101.0	17.845883508191637	33.36606542973797	31.546849966406533	17.241201095663858	0.0
102.0	17.448172465491393	32.38380809595202	33.08173499457168	17.086284443984905	0.0
103.0	17.507387630255586	32.26709523562653	33.09658354502566	17.12893358909223	0.0
104.0	17.61620358348481	32.22020254479356	31.867047520124643	18.296546351596987	0.0
105.0	17.82142112940196	32.048343404876015	32.3817461971244	17.743279849968744	0.005209418628881017
106.0	17.753207468446856	33.185563784291226	32.55971628246584	16.50151246479608	0.0
107.0	18.690171051943295	32.23309096615578	32.11801014803578	16.958727833865144	0.0
108.0	18.065530799475756	33.16906946264744	31.355176933158585	17.410222804718217	0.0
109.0	17.996114057658982	32.26907525074831	32.59465420364439	17.140156487948328	0.0
110.0	17.924826279216678	32.04885238997684	31.848810275847544	18.17224678879764	0.005264266161297115
111.0	18.004223864836323	32.766631467793026	31.83210137275607	17.391763463569166	0.005279831045406547
112.0	17.59322930441682	32.77968791325046	32.99656175614917	16.63052102618355	0.0
113.0	18.016205052163322	31.938780914049676	32.74903352221575	17.29068474289043	0.0052957686808240215
114.0	17.353487138690003	32.309732166534076	32.52718111906656	17.809599575709363	0.0
115.0	18.11794762614435	31.967213114754102	32.142857142857146	17.771982116244413	0.0
116.0	18.136235130954287	32.143809676214865	32.42652157678562	17.293433616045235	0.0
117.0	17.92362002567394	32.12451861360719	32.93752674368849	17.008985879332478	0.005348737697903295
118.0	17.911887662128844	32.16314717547433	32.10419123164326	17.820773930753564	0.0
119.0	18.10066681006668	32.36179823617982	32.11443321144332	17.423101742310173	0.0
120.0	17.87986627844279	32.61080556454222	31.602501887199395	17.906826269815593	0.0
121.0	17.21599826811712	32.786707798885104	32.45656762461439	17.535314174378957	0.00541213400443795
122.0	17.332971211298208	31.705594785442692	32.50407387289517	18.457360130363934	0.0
123.0	18.244677955028042	31.736266129471336	32.7271737355039	17.291882179996733	0.0
124.0	18.28362285589424	32.56309406751885	32.18616846935431	16.9671146072326	0.0
125.0	17.82477341389728	31.93078824498764	32.45811590222466	17.780829442460863	0.005492996429552321
126.0	17.96116504854369	32.89938217122683	31.928508384819065	17.210944395410415	0.0
127.0	17.071954799756274	32.471057441976406	32.38242951310031	18.06901899961225	0.005539245554755443
128.0	17.910281415436057	32.07021454444135	31.6634159933129	18.356088046809695	0.0
129.0	18.213405066128672	32.16207128446536	32.25173727863708	17.372786370768885	0.0
130.0	18.10359372363759	32.793431190596706	32.02294584106631	17.0800292446994	0.0
131.0	18.153064106184694	32.804292572719575	31.200225924879977	17.836769274216323	0.005648121999435188
132.0	18.08069916576812	31.93348845127972	32.59179388229953	17.39401850065263	0.0
133.0	18.070225520982017	33.15443905224094	32.43505566657151	16.34027976020554	0.0
134.0	18.384721583064888	32.08697653014266	31.977680625862863	17.544868844914866	0.005752416014726185
135.0	17.921852387843703	32.90882778581766	31.565846599131692	17.603473227206948	0.0
136.0	17.789050201154453	33.43828348201271	31.05941344528016	17.71325287155268	0.0
137.0	18.275659824046922	31.607038123167154	31.77712609970674	18.34017595307918	0.0
138.0	17.796510257014855	32.834237208205614	32.008960150907804	17.354397547748174	0.005894836123555765
139.0	17.55164861185106	31.78831468655656	32.960397797904456	17.699638903687916	0.0
140.0	18.22351959966639	32.330513523174076	31.681162873823425	17.75884665792923	0.005957345406886691
141.0	18.237483491415535	32.158722535718574	32.26677872493697	17.33701524792892	0.0
142.0	18.34812533961239	32.2888365634245	32.00507154500996	17.35192899836986	0.006037553583288052
143.0	17.96723300970874	32.5	31.978155339805824	17.554611650485437	0.0
144.0	16.617898073640575	32.33357717629846	33.65032918800293	17.398195562058035	0.0
145.0	16.733141068908388	32.92630545499172	33.006074737681786	17.334478738418113	0.0
146.0	18.179557324048744	32.137527978114896	32.36135289728923	17.321561800547126	0.0
147.0	17.68857520952801	32.15073413573634	31.810448043354967	18.34394101707732	0.00630159430335875
148.0	16.759812423716834	33.88578403032055	32.38902807220402	16.96537547375859	0.0
149.0	11.059395623480375	35.53317124001389	34.44251476207016	18.957971517888154	0.006946856547412296
150.0	0.0	42.01318681318681	37.081318681318685	20.905494505494506	0.0
